0 0.7331730769230769 0.02283653846153846 0.0673076923076923 0.04567307692307692
0 0.9435096153846154 0.15384615384615385 0.11298076923076923 0.11057692307692307
0 0.7884615384615384 0.35096153846153844 0.0625 0.057692307692307696
0 0.7596153846153846 0.40384615384615385 0.07692307692307693 0.0625
0 0.6658653846153846 0.5072115384615384 0.057692307692307696 0.04807692307692308
0 0.26802884615384615 0.8293269230769231 0.05048076923076923 0.04326923076923077
0 0.36658653846153844 0.8497596153846154 0.05048076923076923 0.040865384615384616
0 0.6213942307692307 0.5120192307692307 0.04567307692307692 0.04326923076923077
0 0.5276442307692307 0.9230769230769231 0.05048076923076923 0.04807692307692308
0 0.5420673076923077 0.5408653846153846 0.06971153846153846 0.07211538461538461
0 0.20673076923076922 0.6129807692307693 0.0625 0.04326923076923077
0 0.1622596153846154 0.6622596153846154 0.05048076923076923 0.040865384615384616
0 0.1814903846153846 0.7752403846153846 0.036057692307692304 0.040865384615384616
0 0.036057692307692304 0.7908653846153846 0.07211538461538461 0.057692307692307696
0 0.6658653846153846 0.4567307692307692 0.057692307692307696 0.014423076923076924
0 0.9891826923076923 0.6213942307692307 0.021634615384615384 0.04567307692307692
0 0.8689903846153846 0.7536057692307693 0.04567307692307692 0.040865384615384616