0 0.421875 0.29086538461538464 0.04567307692307692 0.052884615384615384
0 0.35336538461538464 0.29447115384615385 0.052884615384615384 0.05048076923076923
0 0.5108173076923077 0.31850961538461536 0.09375 0.10336538461538461
0 0.12740384615384615 0.31971153846153844 0.057692307692307696 0.057692307692307696
0 0.06490384615384616 0.35216346153846156 0.0625 0.05048076923076923
0 0.5673076923076923 0.5396634615384616 0.0625 0.05048076923076923
0 0.22355769230769232 0.04567307692307692 0.08653846153846154 0.09134615384615384
0 0.3485576923076923 0.1814903846153846 0.08653846153846154 0.11778846153846154
0 0.8894230769230769 0.36778846153846156 0.057692307692307696 0.04326923076923077
0 0.9951923076923077 0.6778846153846154 0.009615384615384616 0.02403846153846154
0 0.5012019230769231 0.7860576923076923 0.06009615384615385 0.014423076923076924
0 0.41466346153846156 0.7860576923076923 0.06009615384615385 0.014423076923076924
0 0.46634615384615385 0.8641826923076923 0.0625 0.036057692307692304
0 0.43028846153846156 0.8737980769230769 0.052884615384615384 0.04567307692307692
0 0.4423076923076923 0.9254807692307693 0.038461538461538464 0.03365384615384615
0 0.6430288461538461 0.8521634615384616 0.036057692307692304 0.036057692307692304