0 0.29447115384615385 0.36899038461538464 0.021634615384615384 0.036057692307692304
0 0.3762019230769231 0.4326923076923077 0.026442307692307692 0.028846153846153848
0 0.5096153846153846 0.47115384615384615 0.038461538461538464 0.03365384615384615
0 0.16826923076923078 0.47475961538461536 0.038461538461538464 0.026442307692307692
0 0.2644230769230769 0.4735576923076923 0.03365384615384615 0.038461538461538464
0 0.37259615384615385 0.4795673076923077 0.028846153846153848 0.036057692307692304
0 0.2920673076923077 0.5072115384615384 0.036057692307692304 0.04326923076923077
0 0.40625 0.5120192307692307 0.028846153846153848 0.03365384615384615
0 0.12139423076923077 0.5288461538461539 0.036057692307692304 0.038461538461538464
0 0.27163461538461536 0.5612980769230769 0.03365384615384615 0.036057692307692304
0 0.16826923076923078 0.5841346153846154 0.03365384615384615 0.038461538461538464
0 0.21875 0.59375 0.04326923076923077 0.03365384615384615
0 0.015625 0.6081730769230769 0.03125 0.04326923076923077
0 0.3016826923076923 0.625 0.036057692307692304 0.028846153846153848
0 0.10817307692307693 0.6466346153846154 0.028846153846153848 0.02403846153846154
0 0.25 0.6502403846153846 0.028846153846153848 0.016826923076923076
0 0.31490384615384615 0.30408653846153844 0.028846153846153848 0.026442307692307692
0 0.9435096153846154 0.28846153846153844 0.036057692307692304 0.04326923076923077
0 0.9278846153846154 0.3401442307692308 0.02403846153846154 0.03125
0 0.65625 0.4855769230769231 0.03365384615384615 0.028846153846153848
0 0.6346153846153846 0.5997596153846154 0.028846153846153848 0.026442307692307692
0 0.5709134615384616 0.9254807692307693 0.036057692307692304 0.03365384615384615