0 0.42788461538461536 0.12139423076923077 0.04326923076923077 0.036057692307692304
0 0.3858173076923077 0.12740384615384615 0.06971153846153846 0.0673076923076923
0 0.46033653846153844 0.21634615384615385 0.04567307692307692 0.028846153846153848
0 0.39783653846153844 0.23317307692307693 0.04567307692307692 0.04326923076923077
0 0.2800480769230769 0.23317307692307693 0.036057692307692304 0.057692307692307696
0 0.9411057692307693 0.055288461538461536 0.07932692307692307 0.0673076923076923
0 0.7043269230769231 0.20192307692307693 0.14903846153846154 0.11057692307692307
0 0.8774038461538461 0.39903846153846156 0.0625 0.057692307692307696
0 0.7740384615384616 0.43028846153846156 0.07211538461538461 0.052884615384615384
0 0.90625 0.4519230769230769 0.07692307692307693 0.0625
0 0.5360576923076923 0.4519230769230769 0.07211538461538461 0.08173076923076923
0 0.5973557692307693 0.4891826923076923 0.06971153846153846 0.040865384615384616
0 0.35697115384615385 0.7932692307692307 0.036057692307692304 0.028846153846153848
0 0.31009615384615385 0.8317307692307693 0.038461538461538464 0.04326923076923077
0 0.21033653846153846 0.9026442307692307 0.026442307692307692 0.021634615384615384
0 0.890625 0.59375 0.06490384615384616 0.028846153846153848
0 0.9591346153846154 0.6754807692307693 0.07692307692307693 0.07692307692307693
0 0.7788461538461539 0.7199519230769231 0.0673076923076923 0.06490384615384616