0 0.6201923076923077 0.028846153846153848 0.09615384615384616 0.057692307692307696
0 0.5264423076923077 0.027644230769230768 0.04326923076923077 0.04567307692307692
0 0.5685096153846154 0.09254807692307693 0.11778846153846154 0.06009615384615385
0 0.36899038461538464 0.12860576923076922 0.06971153846153846 0.05048076923076923
0 0.453125 0.15625 0.05048076923076923 0.038461538461538464
0 0.5384615384615384 0.23798076923076922 0.0673076923076923 0.0625
0 0.5300480769230769 0.4519230769230769 0.07451923076923077 0.057692307692307696
0 0.40024038461538464 0.4675480769230769 0.036057692307692304 0.040865384615384616
0 0.5300480769230769 0.546875 0.07451923076923077 0.04567307692307692
0 0.40024038461538464 0.5396634615384616 0.036057692307692304 0.040865384615384616
0 0.7307692307692307 0.17067307692307693 0.11057692307692307 0.07692307692307693
0 0.3161057692307692 0.8064903846153846 0.13701923076923078 0.12259615384615384
0 0.014423076923076924 0.9639423076923077 0.028846153846153848 0.07211538461538461
0 0.1045673076923077 0.9879807692307693 0.08413461538461539 0.02403846153846154