0 0.2127403846153846 0.13221153846153846 0.026442307692307692 0.019230769230769232
0 0.30288461538461536 0.15745192307692307 0.03365384615384615 0.021634615384615384
0 0.13221153846153846 0.17307692307692307 0.04326923076923077 0.03365384615384615
0 0.054086538461538464 0.19591346153846154 0.036057692307692304 0.036057692307692304
0 0.22355769230769232 0.22355769230769232 0.038461538461538464 0.03365384615384615
0 0.30528846153846156 0.2247596153846154 0.028846153846153848 0.026442307692307692
0 0.052884615384615384 0.22716346153846154 0.028846153846153848 0.026442307692307692
0 0.09134615384615384 0.25 0.028846153846153848 0.019230769230769232
0 0.14182692307692307 0.2620192307692308 0.03365384615384615 0.028846153846153848
0 0.32211538461538464 0.2620192307692308 0.052884615384615384 0.04326923076923077
0 0.18509615384615385 0.27524038461538464 0.038461538461538464 0.026442307692307692
0 0.3858173076923077 0.2848557692307692 0.036057692307692304 0.021634615384615384
0 0.2536057692307692 0.3016826923076923 0.05048076923076923 0.036057692307692304
0 0.17548076923076922 0.3088942307692308 0.038461538461538464 0.026442307692307692
0 0.15865384615384615 0.40384615384615385 0.04326923076923077 0.03365384615384615
0 0.4723557692307692 0.42427884615384615 0.06009615384615385 0.036057692307692304
0 0.27524038461538464 0.4375 0.04567307692307692 0.038461538461538464
0 0.3401442307692308 0.04807692307692308 0.036057692307692304 0.03365384615384615
0 0.12740384615384615 0.09134615384615384 0.03365384615384615 0.028846153846153848
0 0.19951923076923078 0.09975961538461539 0.038461538461538464 0.026442307692307692
0 0.8485576923076923 0.28846153846153844 0.125 0.057692307692307696
0 0.7199519230769231 0.4651442307692308 0.08413461538461539 0.05048076923076923
0 0.8954326923076923 0.578125 0.06971153846153846 0.05048076923076923
0 0.26322115384615385 0.7127403846153846 0.04567307692307692 0.04567307692307692