0 0.8617788461538461 0.2848557692307692 0.06490384615384616 0.06009615384615385
0 0.8149038461538461 0.3269230769230769 0.0673076923076923 0.052884615384615384
0 0.43149038461538464 0.34975961538461536 0.05048076923076923 0.04567307692307692
0 0.49038461538461536 0.3737980769230769 0.057692307692307696 0.04567307692307692
0 0.8737980769230769 0.38822115384615385 0.036057692307692304 0.036057692307692304
0 0.9915865384615384 0.3942307692307692 0.016826923076923076 0.08653846153846154
0 0.44591346153846156 0.4519230769230769 0.06009615384615385 0.038461538461538464
0 0.5084134615384616 0.49158653846153844 0.021634615384615384 0.026442307692307692
0 0.8209134615384616 0.49399038461538464 0.06971153846153846 0.04567307692307692
0 0.6790865384615384 0.4963942307692308 0.06009615384615385 0.06490384615384616
0 0.765625 0.5048076923076923 0.06009615384615385 0.04807692307692308
0 0.421875 0.0889423076923077 0.04567307692307692 0.038461538461538464
0 0.6225961538461539 0.09735576923076923 0.04807692307692308 0.05048076923076923
0 0.9879807692307693 0.20192307692307693 0.02403846153846154 0.052884615384615384
0 0.6526442307692307 0.21875 0.05048076923076923 0.038461538461538464
0 0.5949519230769231 0.9747596153846154 0.06009615384615385 0.05048076923076923
0 0.5084134615384616 0.9771634615384616 0.036057692307692304 0.04567307692307692