0 0.23076923076923078 0.007211538461538462 0.03365384615384615 0.014423076923076924
0 0.2548076923076923 0.026442307692307692 0.03365384615384615 0.03365384615384615
0 0.9014423076923077 0.16466346153846154 0.0625 0.040865384615384616
0 0.1935096153846154 0.6454326923076923 0.04567307692307692 0.036057692307692304
0 0.2548076923076923 0.7115384615384616 0.04807692307692308 0.03365384615384615
0 0.19831730769230768 0.7319711538461539 0.06971153846153846 0.036057692307692304
0 0.28365384615384615 0.8257211538461539 0.028846153846153848 0.036057692307692304
0 0.17668269230769232 0.8786057692307693 0.05048076923076923 0.05048076923076923
0 0.19831730769230768 0.9771634615384616 0.04567307692307692 0.04567307692307692
0 0.23197115384615385 0.9963942307692307 0.05048076923076923 0.007211538461538462
0 0.09134615384615384 0.4807692307692308 0.057692307692307696 0.052884615384615384
0 0.02403846153846154 0.5168269230769231 0.03365384615384615 0.04326923076923077
0 0.8269230769230769 0.6670673076923077 0.019230769230769232 0.021634615384615384
0 0.9230769230769231 0.8197115384615384 0.028846153846153848 0.03365384615384615
0 0.7512019230769231 0.8822115384615384 0.026442307692307692 0.03365384615384615
0 0.4567307692307692 0.8930288461538461 0.03365384615384615 0.026442307692307692
0 0.8377403846153846 0.9867788461538461 0.036057692307692304 0.026442307692307692