0 0.6911057692307693 0.3942307692307692 0.05048076923076923 0.028846153846153848
0 0.7223557692307693 0.4495192307692308 0.07451923076923077 0.04326923076923077
0 0.3233173076923077 0.47115384615384615 0.05048076923076923 0.057692307692307696
0 0.2824519230769231 0.5108173076923077 0.05048076923076923 0.04567307692307692
0 0.7584134615384616 0.5348557692307693 0.08413461538461539 0.05048076923076923
0 0.6959134615384616 0.7235576923076923 0.06009615384615385 0.0673076923076923
0 0.78125 0.7620192307692307 0.038461538461538464 0.03365384615384615
0 0.5276442307692307 0.24759615384615385 0.036057692307692304 0.019230769230769232
0 0.7932692307692307 0.2860576923076923 0.052884615384615384 0.04326923076923077
0 0.7824519230769231 0.9867788461538461 0.040865384615384616 0.021634615384615384
0 0.5264423076923077 0.004807692307692308 0.038461538461538464 0.009615384615384616