0 0.007211538461538462 0.15264423076923078 0.014423076923076924 0.05048076923076923
0 0.10216346153846154 0.19591346153846154 0.055288461538461536 0.040865384615384616
0 0.19110576923076922 0.20192307692307693 0.06971153846153846 0.052884615384615384
0 0.037259615384615384 0.2668269230769231 0.04567307692307692 0.057692307692307696
0 0.11177884615384616 0.3269230769230769 0.04567307692307692 0.02403846153846154
0 0.9795673076923077 0.04326923076923077 0.040865384615384616 0.08653846153846154
0 0.9867788461538461 0.08533653846153846 0.026442307692307692 0.03125
0 0.42788461538461536 0.3125 0.038461538461538464 0.052884615384615384
0 0.16826923076923078 0.6514423076923077 0.038461538461538464 0.03365384615384615
0 0.9086538461538461 0.7199519230769231 0.052884615384615384 0.036057692307692304
0 0.9891826923076923 0.7211538461538461 0.021634615384615384 0.057692307692307696
0 0.9254807692307693 0.8016826923076923 0.04326923076923077 0.04567307692307692
0 0.9699519230769231 0.8100961538461539 0.06009615384615385 0.04807692307692308
0 0.7680288461538461 0.8137019230769231 0.07932692307692307 0.06009615384615385
0 0.9867788461538461 0.8365384615384616 0.026442307692307692 0.04326923076923077
0 0.8942307692307693 0.8605769230769231 0.057692307692307696 0.03365384615384615
0 0.8677884615384616 0.9242788461538461 0.057692307692307696 0.040865384615384616
0 0.8485576923076923 0.5817307692307693 0.04326923076923077 0.038461538461538464
0 0.9050480769230769 0.5264423076923077 0.05048076923076923 0.02403846153846154
0 0.9639423076923077 0.6742788461538461 0.04807692307692308 0.036057692307692304
0 0.8485576923076923 0.44711538461538464 0.04326923076923077 0.038461538461538464
0 0.9050480769230769 0.5024038461538461 0.05048076923076923 0.02403846153846154
0 0.9639423076923077 0.35697115384615385 0.04807692307692308 0.036057692307692304