0 0.43028846153846156 0.09735576923076923 0.04326923076923077 0.036057692307692304
0 0.17548076923076922 0.15865384615384615 0.04326923076923077 0.03365384615384615
0 0.29927884615384615 0.1622596153846154 0.06009615384615385 0.04567307692307692
0 0.3858173076923077 0.1778846153846154 0.04567307692307692 0.038461538461538464
0 0.43990384615384615 0.18389423076923078 0.038461538461538464 0.04567307692307692
0 0.2127403846153846 0.21995192307692307 0.04567307692307692 0.04567307692307692
0 0.038461538461538464 0.22115384615384615 0.028846153846153848 0.028846153846153848
0 0.4483173076923077 0.2980769230769231 0.021634615384615384 0.03365384615384615
0 0.375 0.31971153846153844 0.03365384615384615 0.04326923076923077
0 0.09375 0.35336538461538464 0.04326923076923077 0.028846153846153848
0 0.4411057692307692 0.3545673076923077 0.036057692307692304 0.05048076923076923
0 0.026442307692307692 0.3557692307692308 0.038461538461538464 0.028846153846153848
0 0.2692307692307692 0.4014423076923077 0.038461538461538464 0.03365384615384615
0 0.20552884615384615 0.4230769230769231 0.05048076923076923 0.04326923076923077
0 0.3389423076923077 0.4230769230769231 0.028846153846153848 0.04326923076923077
0 0.2848557692307692 0.4543269230769231 0.036057692307692304 0.03365384615384615
0 0.08413461538461539 0.019230769230769232 0.057692307692307696 0.038461538461538464
0 0.7716346153846154 0.21995192307692307 0.052884615384615384 0.04567307692307692
0 0.6682692307692307 0.24278846153846154 0.0673076923076923 0.052884615384615384
0 0.7740384615384616 0.25 0.0625 0.038461538461538464
0 0.9314903846153846 0.25841346153846156 0.10336538461538461 0.0889423076923077
0 0.6754807692307693 0.27884615384615385 0.052884615384615384 0.04326923076923077
0 0.8293269230769231 0.28125 0.038461538461538464 0.04326923076923077
0 0.7127403846153846 0.3269230769230769 0.05048076923076923 0.038461538461538464
0 0.5588942307692307 0.3798076923076923 0.04567307692307692 0.038461538461538464
0 0.8725961538461539 0.3918269230769231 0.0625 0.04326923076923077
0 0.9519230769230769 0.39663461538461536 0.04326923076923077 0.038461538461538464
0 0.5504807692307693 0.4206730769230769 0.052884615384615384 0.038461538461538464
0 0.8353365384615384 0.421875 0.036057692307692304 0.05048076923076923
0 0.8605769230769231 0.4338942307692308 0.04326923076923077 0.04567307692307692
0 0.5625 0.4699519230769231 0.038461538461538464 0.026442307692307692
0 0.9026442307692307 0.47475961538461536 0.05048076923076923 0.036057692307692304
0 0.4807692307692308 0.5036057692307693 0.04326923076923077 0.04567307692307692
0 0.8882211538461539 0.5204326923076923 0.04567307692307692 0.06009615384615385
0 0.4807692307692308 0.08774038461538461 0.04326923076923077 0.04567307692307692
0 0.6153846153846154 0.12740384615384615 0.07692307692307693 0.057692307692307696
0 0.9591346153846154 0.14543269230769232 0.0625 0.06009615384615385
0 0.6754807692307693 0.6778846153846154 0.04326923076923077 0.03365384615384615
0 0.7524038461538461 0.7271634615384616 0.04807692307692308 0.03125
0 0.8040865384615384 0.7367788461538461 0.036057692307692304 0.026442307692307692
0 0.7487980769230769 0.7620192307692307 0.026442307692307692 0.02403846153846154