0 0.3605769230769231 0.01201923076923077 0.07692307692307693 0.02403846153846154
0 0.296875 0.02403846153846154 0.08413461538461539 0.04807692307692308
0 0.15384615384615385 0.21514423076923078 0.057692307692307696 0.04567307692307692
0 0.3317307692307692 0.2644230769230769 0.052884615384615384 0.057692307692307696
0 0.7608173076923077 0.42427884615384615 0.040865384615384616 0.036057692307692304
0 0.3786057692307692 0.6875 0.06971153846153846 0.0625
0 0.33653846153846156 0.6899038461538461 0.0625 0.0625
0 0.4951923076923077 0.7175480769230769 0.052884615384615384 0.04567307692307692
0 0.4807692307692308 0.7451923076923077 0.038461538461538464 0.028846153846153848
0 0.2403846153846154 0.7800480769230769 0.0625 0.05048076923076923
0 0.47475961538461536 0.7884615384615384 0.04567307692307692 0.03365384615384615
0 0.37740384615384615 0.8064903846153846 0.057692307692307696 0.036057692307692304
0 0.421875 0.8377403846153846 0.04567307692307692 0.04567307692307692
0 0.17548076923076922 0.8629807692307693 0.052884615384615384 0.052884615384615384
0 0.14903846153846154 0.9242788461538461 0.0673076923076923 0.05048076923076923
0 0.29447115384615385 0.6274038461538461 0.06971153846153846 0.0673076923076923