0 0.2608173076923077 0.11899038461538461 0.05048076923076923 0.040865384615384616
0 0.2956730769230769 0.1201923076923077 0.028846153846153848 0.02403846153846154
0 0.07572115384615384 0.14302884615384615 0.06971153846153846 0.05048076923076923
0 0.23798076923076922 0.25240384615384615 0.057692307692307696 0.04326923076923077
0 0.3076923076923077 0.25841346153846156 0.04326923076923077 0.03125
0 0.3389423076923077 0.28846153846153844 0.04326923076923077 0.03365384615384615
0 0.42788461538461536 0.33774038461538464 0.04326923076923077 0.026442307692307692
0 0.1935096153846154 0.06610576923076923 0.05048076923076923 0.040865384615384616
0 0.23317307692307693 0.06490384615384616 0.028846153846153848 0.02403846153846154
0 0.15985576923076922 0.07091346153846154 0.036057692307692304 0.036057692307692304
0 0.038461538461538464 0.09495192307692307 0.0625 0.05048076923076923
0 0.4723557692307692 0.109375 0.04567307692307692 0.06009615384615385
0 0.6598557692307693 0.24158653846153846 0.06009615384615385 0.04567307692307692
0 0.6586538461538461 0.4362980769230769 0.0625 0.026442307692307692
0 0.24519230769230768 0.6778846153846154 0.02403846153846154 0.03365384615384615
0 0.7331730769230769 0.6418269230769231 0.052884615384615384 0.028846153846153848
0 0.9891826923076923 0.6706730769230769 0.021634615384615384 0.052884615384615384
0 0.7439903846153846 0.4543269230769231 0.036057692307692304 0.009615384615384616
0 0.8665865384615384 0.4579326923076923 0.026442307692307692 0.016826923076923076
0 0.7139423076923077 0.45913461538461536 0.038461538461538464 0.019230769230769232
0 0.9651442307692307 0.46274038461538464 0.026442307692307692 0.026442307692307692
0 0.8016826923076923 0.4831730769230769 0.036057692307692304 0.03365384615384615
0 0.6490384615384616 0.4891826923076923 0.038461538461538464 0.036057692307692304
0 0.6862980769230769 0.49399038461538464 0.026442307692307692 0.026442307692307692
0 0.7151442307692307 0.515625 0.026442307692307692 0.026442307692307692
0 0.6850961538461539 0.5168269230769231 0.028846153846153848 0.028846153846153848
0 0.7271634615384616 0.5444711538461539 0.05048076923076923 0.036057692307692304