0 0.11658653846153846 0.3737980769230769 0.09375 0.06971153846153846
0 0.9603365384615384 0.38221153846153844 0.07451923076923077 0.04326923076923077
0 0.8834134615384616 0.40024038461538464 0.06009615384615385 0.06009615384615385
0 0.6358173076923077 0.47836538461538464 0.06009615384615385 0.0625
0 0.9110576923076923 0.47836538461538464 0.057692307692307696 0.0625
0 0.9230769230769231 0.4807692307692308 0.04326923076923077 0.04326923076923077
0 0.3245192307692308 0.5564903846153846 0.08653846153846154 0.06009615384615385
0 0.16947115384615385 0.5961538461538461 0.06009615384615385 0.052884615384615384
0 0.07572115384615384 0.6213942307692307 0.05048076923076923 0.036057692307692304
0 0.42908653846153844 0.6430288461538461 0.0985576923076923 0.06009615384615385
0 0.15625 0.6430288461538461 0.052884615384615384 0.04567307692307692
0 0.15625 0.7524038461538461 0.04326923076923077 0.052884615384615384
0 0.6430288461538461 0.7752403846153846 0.06009615384615385 0.04567307692307692
0 0.28966346153846156 0.7800480769230769 0.06009615384615385 0.05048076923076923
0 0.24879807692307693 0.8112980769230769 0.04567307692307692 0.04567307692307692
0 0.7223557692307693 0.23076923076923078 0.04567307692307692 0.038461538461538464
0 0.7415865384615384 0.31009615384615385 0.04567307692307692 0.04326923076923077
0 0.15745192307692307 0.9867788461538461 0.04567307692307692 0.021634615384615384
0 0.6418269230769231 0.9771634615384616 0.0625 0.040865384615384616
0 0.28846153846153844 0.9735576923076923 0.0625 0.04807692307692308
0 0.24879807692307693 0.9459134615384616 0.04567307692307692 0.04567307692307692
0 0.7211538461538461 0.018028846153846152 0.04807692307692308 0.036057692307692304