0 0.7415865384615384 0.078125 0.10336538461538461 0.0985576923076923
0 0.9519230769230769 0.028846153846153848 0.09615384615384616 0.057692307692307696
0 0.27163461538461536 0.5769230769230769 0.03365384615384615 0.028846153846153848
0 0.06971153846153846 0.5793269230769231 0.04326923076923077 0.04326923076923077
0 0.17908653846153846 0.5901442307692307 0.03125 0.03125
0 0.1141826923076923 0.6466346153846154 0.021634615384615384 0.02403846153846154
0 0.24278846153846154 0.6730769230769231 0.028846153846153848 0.028846153846153848
0 0.29447115384615385 0.6923076923076923 0.040865384615384616 0.03365384615384615
0 0.15745192307692307 0.703125 0.03125 0.036057692307692304
0 0.078125 0.7067307692307693 0.040865384615384616 0.03365384615384615
0 0.27403846153846156 0.8966346153846154 0.052884615384615384 0.04326923076923077
0 0.14182692307692307 0.5132211538461539 0.038461538461538464 0.036057692307692304
0 0.9627403846153846 0.3473557692307692 0.04567307692307692 0.05048076923076923
0 0.7992788461538461 0.5757211538461539 0.036057692307692304 0.04567307692307692
0 0.7067307692307693 0.78125 0.038461538461538464 0.038461538461538464