0 0.3762019230769231 0.4074519230769231 0.040865384615384616 0.040865384615384616
0 0.7620192307692307 0.41586538461538464 0.07692307692307693 0.04326923076923077
0 0.7019230769230769 0.44471153846153844 0.052884615384615384 0.038461538461538464
0 0.6418269230769231 0.5060096153846154 0.052884615384615384 0.05048076923076923
0 0.7475961538461539 0.5168269230769231 0.0625 0.04326923076923077
0 0.4795673076923077 0.5444711538461539 0.05048076923076923 0.040865384615384616
0 0.5793269230769231 0.5480769230769231 0.04807692307692308 0.038461538461538464
0 0.7175480769230769 0.5661057692307693 0.06009615384615385 0.05048076923076923
0 0.6418269230769231 0.6490384615384616 0.04807692307692308 0.057692307692307696
0 0.5492788461538461 0.6766826923076923 0.07451923076923077 0.04567307692307692
0 0.5853365384615384 0.19110576923076922 0.040865384615384616 0.040865384615384616
0 0.5661057692307693 0.22956730769230768 0.04567307692307692 0.04567307692307692
0 0.6526442307692307 0.27283653846153844 0.055288461538461536 0.05048076923076923
0 0.5276442307692307 0.32211538461538464 0.06009615384615385 0.0673076923076923
0 0.33413461538461536 0.32211538461538464 0.04326923076923077 0.04326923076923077
0 0.7584134615384616 0.33653846153846156 0.05048076923076923 0.038461538461538464
0 0.6694711538461539 0.3389423076923077 0.04567307692307692 0.038461538461538464
0 0.5853365384615384 0.056490384615384616 0.040865384615384616 0.040865384615384616
0 0.5649038461538461 0.020432692307692308 0.04807692307692308 0.040865384615384616