0 0.7932692307692307 0.15625 0.057692307692307696 0.04807692307692308
0 0.3954326923076923 0.47836538461538464 0.05048076923076923 0.04326923076923077
0 0.49399038461538464 0.4987980769230769 0.05048076923076923 0.040865384615384616
0 0.7487980769230769 0.16105769230769232 0.04567307692307692 0.04326923076923077
0 0.6550480769230769 0.5721153846153846 0.05048076923076923 0.04807692307692308
0 0.07932692307692307 0.7223557692307693 0.057692307692307696 0.06490384615384616
0 0.6694711538461539 0.18990384615384615 0.06971153846153846 0.07211538461538461
0 0.33413461538461536 0.2620192307692308 0.0625 0.04326923076923077
0 0.28966346153846156 0.3112980769230769 0.05048076923076923 0.040865384615384616
0 0.3088942307692308 0.42427884615384615 0.036057692307692304 0.040865384615384616
0 0.1622596153846154 0.43990384615384615 0.07451923076923077 0.057692307692307696
0 0.7932692307692307 0.0889423076923077 0.057692307692307696 0.04807692307692308
0 0.7487980769230769 0.08413461538461539 0.04567307692307692 0.04326923076923077
0 0.6694711538461539 0.055288461538461536 0.06971153846153846 0.07211538461538461