0 0.4170673076923077 0.06850961538461539 0.06009615384615385 0.06971153846153846
0 0.33052884615384615 0.0733173076923077 0.036057692307692304 0.06971153846153846
0 0.9086538461538461 0.25721153846153844 0.052884615384615384 0.052884615384615384
0 0.7151442307692307 0.2704326923076923 0.06971153846153846 0.06009615384615385
0 0.9507211538461539 0.3473557692307692 0.06971153846153846 0.06009615384615385
0 0.7908653846153846 0.11057692307692307 0.0625 0.0625
0 0.8978365384615384 0.13701923076923078 0.05048076923076923 0.0625
0 0.7848557692307693 0.1875 0.05048076923076923 0.0673076923076923
0 0.7283653846153846 0.19230769230769232 0.04326923076923077 0.04326923076923077
0 0.7475961538461539 0.018028846153846152 0.0625 0.036057692307692304
0 0.30649038461538464 0.8329326923076923 0.040865384615384616 0.05048076923076923