0 0.1045673076923077 0.010817307692307692 0.06971153846153846 0.021634615384615384
0 0.22716346153846154 0.026442307692307692 0.09375 0.052884615384615384
0 0.30408653846153844 0.06971153846153846 0.11778846153846154 0.10096153846153846
0 0.11057692307692307 0.09495192307692307 0.08653846153846154 0.08413461538461539
0 0.3798076923076923 0.1346153846153846 0.1201923076923077 0.10576923076923077
0 0.125 0.234375 0.052884615384615384 0.040865384615384616
0 0.2548076923076923 0.2512019230769231 0.125 0.06009615384615385
0 0.1935096153846154 0.3269230769230769 0.06971153846153846 0.0673076923076923
0 0.12139423076923077 0.35697115384615385 0.06009615384615385 0.06009615384615385
0 0.7319711538461539 0.29086538461538464 0.04567307692307692 0.04326923076923077
0 0.6117788461538461 0.7680288461538461 0.01201923076923077 0.04567307692307692
0 0.4963942307692308 0.9002403846153846 0.04567307692307692 0.040865384615384616