0 0.12620192307692307 0.13942307692307693 0.04567307692307692 0.04326923076923077
0 0.30649038461538464 0.16706730769230768 0.08413461538461539 0.07932692307692307
0 0.2403846153846154 0.31009615384615385 0.09134615384615384 0.0625
0 0.8052884615384616 0.007211538461538462 0.04326923076923077 0.014423076923076924
0 0.8461538461538461 0.015625 0.04326923076923077 0.03125
0 0.8221153846153846 0.04927884615384615 0.04326923076923077 0.04567307692307692
0 0.8197115384615384 0.13942307692307693 0.03365384615384615 0.03365384615384615
0 0.8509615384615384 0.25 0.028846153846153848 0.03365384615384615
0 0.8509615384615384 0.44711538461538464 0.028846153846153848 0.02403846153846154
0 0.49278846153846156 0.609375 0.04326923076923077 0.05048076923076923
0 0.2247596153846154 0.8269230769230769 0.055288461538461536 0.057692307692307696
0 0.27163461538461536 0.9326923076923077 0.052884615384615384 0.04326923076923077
0 0.49278846153846156 0.9711538461538461 0.038461538461538464 0.04326923076923077