0 0.4855769230769231 0.47115384615384615 0.04326923076923077 0.03365384615384615
0 0.546875 0.47596153846153844 0.06009615384615385 0.038461538461538464
0 0.3269230769230769 0.48197115384615385 0.0673076923076923 0.05048076923076923
0 0.484375 0.5132211538461539 0.06971153846153846 0.05048076923076923
0 0.34375 0.5216346153846154 0.0625 0.052884615384615384
0 0.14903846153846154 0.5360576923076923 0.057692307692307696 0.052884615384615384
0 0.7704326923076923 0.5372596153846154 0.07451923076923077 0.06009615384615385
0 0.5432692307692307 0.5420673076923077 0.0625 0.06009615384615385
0 0.23918269230769232 0.5456730769230769 0.05048076923076923 0.04326923076923077
0 0.828125 0.5552884615384616 0.07932692307692307 0.07692307692307693
0 0.4254807692307692 0.5721153846153846 0.052884615384615384 0.057692307692307696
0 0.4807692307692308 0.5757211538461539 0.052884615384615384 0.05048076923076923
0 0.39302884615384615 0.6129807692307693 0.036057692307692304 0.04326923076923077
0 0.7103365384615384 0.6274038461538461 0.06009615384615385 0.0673076923076923
0 0.6442307692307693 0.6862980769230769 0.052884615384615384 0.04567307692307692
0 0.2536057692307692 0.7692307692307693 0.06009615384615385 0.0625
0 0.5324519230769231 0.1971153846153846 0.07451923076923077 0.052884615384615384
0 0.5252403846153846 0.2439903846153846 0.07932692307692307 0.036057692307692304
0 0.40384615384615385 0.25 0.057692307692307696 0.0673076923076923
0 0.6322115384615384 0.2860576923076923 0.07692307692307693 0.07692307692307693
0 0.5216346153846154 0.3088942307692308 0.0673076923076923 0.06009615384615385
0 0.44711538461538464 0.3485576923076923 0.0673076923076923 0.0625
0 0.5540865384615384 0.375 0.07932692307692307 0.057692307692307696
0 0.35216346153846156 0.42427884615384615 0.06009615384615385 0.05048076923076923
0 0.24519230769230768 0.4254807692307692 0.0673076923076923 0.07692307692307693
0 0.25240384615384615 0.9759615384615384 0.0625 0.04326923076923077
0 0.5324519230769231 0.04807692307692308 0.07451923076923077 0.052884615384615384
0 0.5240384615384616 0.010817307692307692 0.08173076923076923 0.021634615384615384
0 0.4050480769230769 0.015625 0.06009615384615385 0.03125