0 0.17908653846153846 0.24519230769230768 0.05048076923076923 0.028846153846153848
0 0.14783653846153846 0.3004807692307692 0.07451923076923077 0.04326923076923077
0 0.18028846153846154 0.38100961538461536 0.052884615384615384 0.026442307692307692
0 0.11177884615384616 0.3858173076923077 0.08413461538461539 0.05048076923076923
0 0.3425480769230769 0.10096153846153846 0.036057692307692304 0.019230769230769232
0 0.08413461538461539 0.12980769230769232 0.052884615384615384 0.04326923076923077
0 0.8293269230769231 0.42427884615384615 0.038461538461538464 0.040865384615384616
0 0.21634615384615385 0.8076923076923077 0.0625 0.07211538461538461
0 0.14543269230769232 0.9110576923076923 0.07451923076923077 0.07692307692307693
0 0.32572115384615385 0.9555288461538461 0.06490384615384616 0.06490384615384616
0 0.171875 0.7079326923076923 0.10336538461538461 0.07932692307692307
0 0.8269230769230769 0.6790865384615384 0.04326923076923077 0.05048076923076923
0 0.5588942307692307 0.8966346153846154 0.055288461538461536 0.057692307692307696
0 0.6057692307692307 0.9903846153846154 0.052884615384615384 0.019230769230769232