0 0.10096153846153846 0.4699519230769231 0.038461538461538464 0.026442307692307692
0 0.1622596153846154 0.4735576923076923 0.021634615384615384 0.019230769230769232
0 0.9074519230769231 0.22596153846153846 0.06009615384615385 0.0625
0 0.5961538461538461 0.30408653846153844 0.08653846153846154 0.06009615384615385
0 0.7007211538461539 0.390625 0.0985576923076923 0.06009615384615385
0 0.9951923076923077 0.057692307692307696 0.009615384615384616 0.04326923076923077
0 0.41947115384615385 0.5625 0.06971153846153846 0.052884615384615384
0 0.296875 0.578125 0.09375 0.08413461538461539
0 0.21995192307692307 0.6370192307692307 0.11778846153846154 0.10096153846153846
0 0.4110576923076923 0.6622596153846154 0.08653846153846154 0.08413461538461539
0 0.15144230769230768 0.703125 0.12980769230769232 0.10336538461538461
0 0.3245192307692308 0.7584134615384616 0.1201923076923077 0.08413461538461539
0 0.2668269230769231 0.8185096153846154 0.125 0.06009615384615385
0 0.33052884615384615 0.8918269230769231 0.06971153846153846 0.0673076923076923
0 0.4026442307692308 0.921875 0.06009615384615385 0.06009615384615385