0 0.22716346153846154 0.2776442307692308 0.06971153846153846 0.06009615384615385
0 0.2668269230769231 0.2800480769230769 0.0625 0.06009615384615385
0 0.10817307692307693 0.30528846153846156 0.052884615384615384 0.04326923076923077
0 0.12259615384615384 0.3329326923076923 0.038461538461538464 0.026442307692307692
0 0.1310096153846154 0.3762019230769231 0.04567307692307692 0.03125
0 0.22596153846153846 0.3942307692307692 0.057692307692307696 0.03365384615384615
0 0.18389423076923078 0.4254807692307692 0.04567307692307692 0.04326923076923077
0 0.06610576923076923 0.08052884615384616 0.06971153846153846 0.040865384615384616
0 0.28725961538461536 0.21754807692307693 0.021634615384615384 0.06490384615384616
0 0.4675480769230769 0.014423076923076924 0.021634615384615384 0.028846153846153848
0 0.9579326923076923 0.016826923076923076 0.021634615384615384 0.028846153846153848
0 0.5492788461538461 0.07451923076923077 0.026442307692307692 0.028846153846153848
0 0.6850961538461539 0.11298076923076923 0.04326923076923077 0.03365384615384615
0 0.34134615384615385 0.11658653846153846 0.038461538461538464 0.026442307692307692
0 0.4375 0.11538461538461539 0.03365384615384615 0.038461538461538464
0 0.5456730769230769 0.12139423076923077 0.028846153846153848 0.036057692307692304
0 0.4651442307692308 0.14903846153846154 0.036057692307692304 0.04326923076923077
0 0.5793269230769231 0.15384615384615385 0.028846153846153848 0.03365384615384615
0 0.890625 0.16826923076923078 0.036057692307692304 0.028846153846153848
0 0.30528846153846156 0.17067307692307693 0.014423076923076924 0.038461538461538464
0 0.9146634615384616 0.1814903846153846 0.026442307692307692 0.026442307692307692
0 0.44471153846153844 0.203125 0.03365384615384615 0.036057692307692304
0 0.34134615384615385 0.22596153846153846 0.03365384615384615 0.038461538461538464
0 0.3918269230769231 0.23557692307692307 0.04326923076923077 0.03365384615384615
0 0.47475961538461536 0.2668269230769231 0.036057692307692304 0.028846153846153848
0 0.4230769230769231 0.2980769230769231 0.028846153846153848 0.028846153846153848
0 0.5288461538461539 0.3245192307692308 0.028846153846153848 0.038461538461538464
0 0.59375 0.36658653846153844 0.038461538461538464 0.04567307692307692
0 0.4891826923076923 0.38822115384615385 0.021634615384615384 0.026442307692307692
0 0.5108173076923077 0.3870192307692308 0.021634615384615384 0.03365384615384615
0 0.59375 0.4639423076923077 0.038461538461538464 0.009615384615384616
0 0.4891826923076923 0.4579326923076923 0.021634615384615384 0.021634615384615384
0 0.5108173076923077 0.45552884615384615 0.021634615384615384 0.026442307692307692
0 0.28846153846153844 0.7295673076923077 0.019230769230769232 0.036057692307692304
0 0.40384615384615385 0.7271634615384616 0.0673076923076923 0.06009615384615385
0 0.765625 0.7980769230769231 0.10817307692307693 0.0673076923076923
0 0.4795673076923077 0.5180288461538461 0.07932692307692307 0.0985576923076923