0 0.4735576923076923 0.2668269230769231 0.038461538461538464 0.038461538461538464
0 0.5649038461538461 0.2764423076923077 0.0673076923076923 0.04326923076923077
0 0.027644230769230768 0.3112980769230769 0.05048076923076923 0.036057692307692304
0 0.578125 0.31009615384615385 0.08413461538461539 0.038461538461538464
0 0.03245192307692308 0.17427884615384615 0.04567307692307692 0.06971153846153846
0 0.08413461538461539 0.20192307692307693 0.052884615384615384 0.052884615384615384
0 0.5480769230769231 0.23317307692307693 0.04326923076923077 0.038461538461538464
0 0.16947115384615385 0.5697115384615384 0.040865384615384616 0.03365384615384615
0 0.21634615384615385 0.5805288461538461 0.028846153846153848 0.03125
0 0.21033653846153846 0.6478365384615384 0.040865384615384616 0.04567307692307692
0 0.7920673076923077 0.3473557692307692 0.055288461538461536 0.036057692307692304
0 0.9050480769230769 0.8112980769230769 0.14182692307692307 0.13701923076923078
0 0.8377403846153846 0.47115384615384615 0.05048076923076923 0.03365384615384615
0 0.875 0.5084134615384616 0.03365384615384615 0.04567307692307692