0 0.47115384615384615 0.6081730769230769 0.0625 0.04326923076923077
0 0.9603365384615384 0.5733173076923077 0.07932692307692307 0.07932692307692307
0 0.8221153846153846 0.2403846153846154 0.07692307692307693 0.08653846153846154
0 0.625 0.24278846153846154 0.11057692307692307 0.10576923076923077
0 0.9086538461538461 0.2980769230769231 0.07211538461538461 0.07692307692307693
0 0.3137019230769231 0.7884615384615384 0.09375 0.0673076923076923
0 0.0829326923076923 0.8197115384615384 0.0985576923076923 0.0625
0 0.08774038461538461 0.8858173076923077 0.15144230769230768 0.08413461538461539
0 0.9879807692307693 0.8064903846153846 0.02403846153846154 0.05048076923076923
0 0.7740384615384616 0.8125 0.052884615384615384 0.038461538461538464
0 0.71875 0.8401442307692307 0.052884615384615384 0.055288461538461536
0 0.8401442307692307 0.9074519230769231 0.06009615384615385 0.05048076923076923
0 0.9050480769230769 0.9555288461538461 0.06490384615384616 0.055288461538461536
0 0.9723557692307693 0.6538461538461539 0.055288461538461536 0.04807692307692308
0 0.9879807692307693 0.7451923076923077 0.02403846153846154 0.04326923076923077