0 0.39302884615384615 0.45913461538461536 0.04567307692307692 0.04326923076923077
0 0.5733173076923077 0.48677884615384615 0.08413461538461539 0.07932692307692307
0 0.5685096153846154 0.16947115384615385 0.06971153846153846 0.07451923076923077
0 0.5012019230769231 0.17427884615384615 0.07932692307692307 0.08413461538461539
0 0.5072115384615384 0.6298076923076923 0.09134615384615384 0.0625
0 0.3954326923076923 0.17548076923076922 0.07932692307692307 0.057692307692307696
0 0.22956730769230768 0.7067307692307693 0.06490384615384616 0.04326923076923077
0 0.3942307692307692 0.8389423076923077 0.04326923076923077 0.04326923076923077
0 0.7079326923076923 0.140625 0.036057692307692304 0.036057692307692304
0 0.8978365384615384 0.2980769230769231 0.05048076923076923 0.052884615384615384
0 0.5685096153846154 0.078125 0.06971153846153846 0.07451923076923077
0 0.5012019230769231 0.0733173076923077 0.07932692307692307 0.08413461538461539
0 0.3954326923076923 0.06971153846153846 0.07932692307692307 0.057692307692307696
0 0.3942307692307692 0.9158653846153846 0.04326923076923077 0.04326923076923077
0 0.7079326923076923 0.10697115384615384 0.036057692307692304 0.036057692307692304