0 0.13822115384615385 0.41346153846153844 0.09375 0.07211538461538461
0 0.8569711538461539 0.45552884615384615 0.05048076923076923 0.04567307692307692
0 0.7956730769230769 0.4795673076923077 0.057692307692307696 0.04567307692307692
0 0.27524038461538464 0.5 0.06009615384615385 0.08653846153846154
0 0.8425480769230769 0.5576923076923077 0.06009615384615385 0.038461538461538464
0 0.7800480769230769 0.5973557692307693 0.021634615384615384 0.026442307692307692
0 0.4675480769230769 0.5997596153846154 0.06971153846153846 0.04567307692307692
0 0.609375 0.6045673076923077 0.06009615384615385 0.06971153846153846
0 0.078125 0.6117788461538461 0.07451923076923077 0.06971153846153846
0 0.5228365384615384 0.6129807692307693 0.06009615384615385 0.052884615384615384
0 0.7572115384615384 0.6634615384615384 0.038461538461538464 0.038461538461538464
0 0.8377403846153846 0.6899038461538461 0.04567307692307692 0.028846153846153848
0 0.5745192307692307 0.7103365384615384 0.0625 0.036057692307692304
0 0.5384615384615384 0.7199519230769231 0.052884615384615384 0.04567307692307692
0 0.5504807692307693 0.7716346153846154 0.038461538461538464 0.03365384615384615
0 0.13221153846153846 0.33052884615384615 0.11057692307692307 0.08413461538461539
0 0.5516826923076923 0.9819711538461539 0.040865384615384616 0.03125