0 0.5637019230769231 0.5420673076923077 0.06009615384615385 0.06009615384615385
0 0.9278846153846154 0.7067307692307693 0.057692307692307696 0.03365384615384615
0 0.8533653846153846 0.7115384615384616 0.04326923076923077 0.057692307692307696
0 0.7572115384615384 0.7259615384615384 0.07692307692307693 0.052884615384615384
0 0.18990384615384615 0.7427884615384616 0.07692307692307693 0.0625
0 0.9254807692307693 0.7475961538461539 0.04326923076923077 0.03365384615384615
0 0.4206730769230769 0.38341346153846156 0.052884615384615384 0.06009615384615385
0 0.7223557692307693 0.4074519230769231 0.08413461538461539 0.05048076923076923
0 0.5901442307692307 0.45913461538461536 0.04567307692307692 0.038461538461538464
0 0.19110576923076922 0.9891826923076923 0.07932692307692307 0.016826923076923076
0 0.9266826923076923 0.9939903846153846 0.04567307692307692 0.007211538461538462