0 0.5060096153846154 0.36658653846153844 0.036057692307692304 0.05048076923076923
0 0.47596153846153844 0.3737980769230769 0.057692307692307696 0.05048076923076923
0 0.5456730769230769 0.3942307692307692 0.038461538461538464 0.052884615384615384
0 0.5504807692307693 0.43990384615384615 0.052884615384615384 0.03365384615384615
0 0.6983173076923077 0.4699519230769231 0.04567307692307692 0.026442307692307692
0 0.5288461538461539 0.48197115384615385 0.057692307692307696 0.05048076923076923
0 0.5625 0.5132211538461539 0.03365384615384615 0.05048076923076923
0 0.3125 0.5240384615384616 0.052884615384615384 0.038461538461538464
0 0.5276442307692307 0.6478365384615384 0.06009615384615385 0.04567307692307692
0 0.7704326923076923 0.29927884615384615 0.05048076923076923 0.05048076923076923
0 0.6995192307692307 0.359375 0.038461538461538464 0.036057692307692304