0 0.21754807692307693 0.40625 0.06009615384615385 0.07692307692307693
0 0.36177884615384615 0.15384615384615385 0.06971153846153846 0.0625
0 0.18990384615384615 0.5564903846153846 0.0673076923076923 0.09375
0 0.7548076923076923 0.5612980769230769 0.11538461538461539 0.06971153846153846
0 0.6370192307692307 0.5793269230769231 0.0673076923076923 0.04807692307692308
0 0.2848557692307692 0.6430288461538461 0.07451923076923077 0.10336538461538461
0 0.8088942307692307 0.7295673076923077 0.06971153846153846 0.07932692307692307
0 0.35697115384615385 0.7680288461538461 0.06009615384615385 0.07451923076923077
0 0.5889423076923077 0.3317307692307692 0.11057692307692307 0.07692307692307693
0 0.36177884615384615 0.09134615384615384 0.06971153846153846 0.0625
0 0.3557692307692308 0.9735576923076923 0.0625 0.04807692307692308