0 0.27403846153846156 0.22235576923076922 0.04807692307692308 0.04567307692307692
0 0.21394230769230768 0.24639423076923078 0.057692307692307696 0.04567307692307692
0 0.2608173076923077 0.3245192307692308 0.06009615384615385 0.038461538461538464
0 0.19831730769230768 0.3641826923076923 0.021634615384615384 0.026442307692307692
0 0.028846153846153848 0.3713942307692308 0.057692307692307696 0.06971153846153846
0 0.515625 0.07091346153846154 0.055288461538461536 0.05048076923076923
0 0.8545673076923077 0.34615384615384615 0.24759615384615385 0.125
0 0.8401442307692307 0.3473557692307692 0.23798076923076922 0.12259615384615384
0 0.8125 0.10216346153846154 0.052884615384615384 0.036057692307692304
0 0.8569711538461539 0.14903846153846154 0.04567307692307692 0.038461538461538464
0 0.5612980769230769 0.20192307692307693 0.05048076923076923 0.03365384615384615
0 0.5985576923076923 0.23918269230769232 0.03365384615384615 0.04567307692307692
0 0.515625 0.02403846153846154 0.055288461538461536 0.04807692307692308
0 0.8125 0.004807692307692308 0.052884615384615384 0.009615384615384616
0 0.27884615384615385 0.9819711538461539 0.038461538461538464 0.036057692307692304
0 0.43028846153846156 0.7596153846153846 0.04326923076923077 0.028846153846153848
0 0.36899038461538464 0.8149038461538461 0.03125 0.03365384615384615
0 0.42908653846153844 0.9014423076923077 0.03125 0.028846153846153848