0 0.4483173076923077 0.02403846153846154 0.04567307692307692 0.03365384615384615
0 0.2548076923076923 0.0625 0.052884615384615384 0.03365384615384615
0 0.3762019230769231 0.11538461538461539 0.05048076923076923 0.04807692307692308
0 0.21033653846153846 0.1622596153846154 0.05048076923076923 0.026442307692307692
0 0.3545673076923077 0.21754807692307693 0.04567307692307692 0.05048076923076923
0 0.32091346153846156 0.24639423076923078 0.05048076923076923 0.03125
0 0.2776442307692308 0.25961538461538464 0.036057692307692304 0.04807692307692308
0 0.5685096153846154 0.1778846153846154 0.06009615384615385 0.08653846153846154
0 0.7608173076923077 0.2776442307692308 0.06971153846153846 0.04567307692307692
0 0.9026442307692307 0.2776442307692308 0.06009615384615385 0.06009615384615385
0 0.8161057692307693 0.2860576923076923 0.06009615384615385 0.04326923076923077
0 0.7776442307692307 0.4543269230769231 0.055288461538461536 0.052884615384615384