0 0.23317307692307693 0.01201923076923077 0.0673076923076923 0.02403846153846154
0 0.09014423076923077 0.007211538461538462 0.06971153846153846 0.014423076923076924
0 0.08173076923076923 0.08774038461538461 0.08653846153846154 0.08413461538461539
0 0.027644230769230768 0.18389423076923078 0.055288461538461536 0.08413461538461539
0 0.018028846153846152 0.3173076923076923 0.036057692307692304 0.0673076923076923
0 0.0733173076923077 0.3473557692307692 0.06009615384615385 0.06009615384615385
0 0.07211538461538461 0.5300480769230769 0.0625 0.016826923076923076
0 0.9915865384615384 0.34375 0.016826923076923076 0.057692307692307696
0 0.7860576923076923 0.3870192307692308 0.04807692307692308 0.038461538461538464
0 0.9915865384615384 0.18509615384615385 0.016826923076923076 0.057692307692307696
0 0.7860576923076923 0.14182692307692307 0.04807692307692308 0.038461538461538464
0 0.35336538461538464 0.8966346153846154 0.038461538461538464 0.052884615384615384
0 0.2692307692307692 0.9290865384615384 0.052884615384615384 0.06009615384615385
0 0.8822115384615384 0.9555288461538461 0.057692307692307696 0.040865384615384616
0 0.5865384615384616 0.9771634615384616 0.0673076923076923 0.04567307692307692