0 0.13341346153846154 0.15504807692307693 0.021634615384615384 0.036057692307692304
0 0.21514423076923078 0.21875 0.026442307692307692 0.028846153846153848
0 0.35096153846153844 0.25721153846153844 0.04326923076923077 0.03365384615384615
0 0.013221153846153846 0.2608173076923077 0.026442307692307692 0.026442307692307692
0 0.10336538461538461 0.25961538461538464 0.03365384615384615 0.038461538461538464
0 0.21153846153846154 0.265625 0.028846153846153848 0.036057692307692304
0 0.1310096153846154 0.2932692307692308 0.036057692307692304 0.04326923076923077
0 0.24519230769230768 0.2980769230769231 0.028846153846153848 0.03365384615384615
0 0.5564903846153846 0.3125 0.036057692307692304 0.028846153846153848
0 0.5733173076923077 0.32572115384615385 0.01201923076923077 0.026442307692307692
0 0.11057692307692307 0.3473557692307692 0.03365384615384615 0.036057692307692304
0 0.01201923076923077 0.3701923076923077 0.02403846153846154 0.038461538461538464
0 0.057692307692307696 0.3798076923076923 0.04326923076923077 0.03365384615384615
0 0.140625 0.4110576923076923 0.036057692307692304 0.028846153846153848
0 0.0889423076923077 0.4423076923076923 0.028846153846153848 0.028846153846153848
0 0.19471153846153846 0.46875 0.028846153846153848 0.038461538461538464
0 0.25961538461538464 0.4987980769230769 0.038461538461538464 0.021634615384615384
0 0.5096153846153846 0.08653846153846154 0.028846153846153848 0.03365384615384615
0 0.15384615384615385 0.09014423076923077 0.028846153846153848 0.026442307692307692
0 0.5901442307692307 0.43028846153846156 0.021634615384615384 0.0625
0 0.8846153846153846 0.45072115384615385 0.07692307692307693 0.055288461538461536
0 0.9891826923076923 0.3317307692307692 0.021634615384615384 0.057692307692307696
0 0.24639423076923078 0.5709134615384616 0.05048076923076923 0.036057692307692304
0 0.37740384615384615 0.5997596153846154 0.038461538461538464 0.03125
0 0.17307692307692307 0.6069711538461539 0.04807692307692308 0.040865384615384616
0 0.29086538461538464 0.6454326923076923 0.038461538461538464 0.03125
0 0.078125 0.71875 0.040865384615384616 0.03365384615384615
0 0.40024038461538464 0.7752403846153846 0.06971153846153846 0.06009615384615385
0 0.02283653846153846 0.7872596153846154 0.04567307692307692 0.04567307692307692
0 0.3473557692307692 0.7980769230769231 0.040865384615384616 0.03365384615384615
0 0.8401442307692307 0.7572115384615384 0.03125 0.04807692307692308
0 0.8653846153846154 0.6201923076923077 0.038461538461538464 0.028846153846153848
0 0.9939903846153846 0.6646634615384616 0.01201923076923077 0.036057692307692304