0 0.78125 0.4807692307692308 0.052884615384615384 0.0625
0 0.8125 0.5192307692307693 0.04326923076923077 0.052884615384615384
0 0.6911057692307693 0.5300480769230769 0.06971153846153846 0.04567307692307692
0 0.6442307692307693 0.5709134615384616 0.0673076923076923 0.04567307692307692
0 0.7415865384615384 0.5877403846153846 0.06009615384615385 0.036057692307692304
0 0.7920673076923077 0.5901442307692307 0.036057692307692304 0.036057692307692304
0 0.8197115384615384 0.6730769230769231 0.057692307692307696 0.038461538461538464
0 0.5372596153846154 0.18028846153846154 0.04567307692307692 0.04326923076923077
0 0.5084134615384616 0.23918269230769232 0.04567307692307692 0.04567307692307692
0 0.5576923076923077 0.40024038461538464 0.04326923076923077 0.036057692307692304
0 0.6394230769230769 0.45913461538461536 0.0625 0.038461538461538464
0 0.7487980769230769 0.46033653846153844 0.05048076923076923 0.06009615384615385
0 0.5372596153846154 0.06490384615384616 0.04567307692307692 0.04326923076923077
0 0.5072115384615384 0.015625 0.04807692307692308 0.03125