0 0.33533653846153844 0.3161057692307692 0.036057692307692304 0.05048076923076923
0 0.30528846153846156 0.3233173076923077 0.057692307692307696 0.05048076923076923
0 0.375 0.3329326923076923 0.038461538461538464 0.03125
0 0.6826923076923077 0.06850961538461539 0.04807692307692308 0.040865384615384616
0 0.53125 0.08173076923076923 0.04807692307692308 0.038461538461538464
0 0.4423076923076923 0.0889423076923077 0.038461538461538464 0.03365384615384615
0 0.7163461538461539 0.1045673076923077 0.038461538461538464 0.03125
0 0.7824519230769231 0.22235576923076922 0.040865384615384616 0.040865384615384616
0 0.7824519230769231 0.28365384615384615 0.040865384615384616 0.038461538461538464
0 0.6129807692307693 0.007211538461538462 0.04807692307692308 0.014423076923076924
0 0.6310096153846154 0.038461538461538464 0.040865384615384616 0.038461538461538464
0 0.08774038461538461 0.5360576923076923 0.055288461538461536 0.057692307692307696
0 0.1346153846153846 0.6418269230769231 0.052884615384615384 0.04326923076923077
0 0.3557692307692308 0.6802884615384616 0.038461538461538464 0.04326923076923077