0 0.078125 0.4074519230769231 0.05048076923076923 0.036057692307692304
0 0.22956730769230768 0.4338942307692308 0.036057692307692304 0.036057692307692304
0 0.052884615384615384 0.44711538461538464 0.038461538461538464 0.03365384615384615
0 0.3737980769230769 0.4951923076923077 0.05048076923076923 0.04807692307692308
0 0.5733173076923077 0.5288461538461539 0.04567307692307692 0.057692307692307696
0 0.11298076923076923 0.5661057692307693 0.052884615384615384 0.05048076923076923
0 0.41346153846153844 0.609375 0.052884615384615384 0.04567307692307692
0 0.23557692307692307 0.6754807692307693 0.0673076923076923 0.04807692307692308
0 0.27884615384615385 0.7463942307692307 0.038461538461538464 0.036057692307692304
0 0.09975961538461539 0.8088942307692307 0.08413461538461539 0.07932692307692307
0 0.5865384615384616 0.8257211538461539 0.038461538461538464 0.040865384615384616
0 0.32091346153846156 0.24278846153846154 0.05048076923076923 0.028846153846153848
0 0.2800480769230769 0.9939903846153846 0.040865384615384616 0.007211538461538462
0 0.09975961538461539 0.9483173076923077 0.08413461538461539 0.07932692307692307
0 0.5865384615384616 0.9314903846153846 0.038461538461538464 0.040865384615384616
0 0.31971153846153844 0.009615384615384616 0.052884615384615384 0.019230769230769232