0 0.14783653846153846 0.5228365384615384 0.07451923076923077 0.10817307692307693
0 0.8641826923076923 0.5456730769230769 0.08413461538461539 0.057692307692307696
0 0.4675480769230769 0.578125 0.06971153846153846 0.06009615384615385
0 0.20552884615384615 0.6021634615384616 0.06009615384615385 0.07932692307692307
0 0.24519230769230768 0.609375 0.0673076923076923 0.07451923076923077
0 0.8713942307692307 0.6105769230769231 0.06971153846153846 0.0625
0 0.4423076923076923 0.6225961538461539 0.0625 0.04326923076923077
0 0.3918269230769231 0.6802884615384616 0.057692307692307696 0.038461538461538464
0 0.32211538461538464 0.7067307692307693 0.038461538461538464 0.038461538461538464
0 0.18870192307692307 0.7463942307692307 0.06971153846153846 0.05048076923076923
0 0.49038461538461536 0.7560096153846154 0.0625 0.05048076923076923
0 0.030048076923076924 0.7596153846153846 0.04567307692307692 0.04326923076923077
0 0.2283653846153846 0.7692307692307693 0.10096153846153846 0.04326923076923077
0 0.6021634615384616 0.26322115384615385 0.05048076923076923 0.04567307692307692
0 0.5733173076923077 0.33653846153846156 0.05048076923076923 0.04326923076923077
0 0.018028846153846152 0.3762019230769231 0.021634615384615384 0.05048076923076923
0 0.13822115384615385 0.4254807692307692 0.07451923076923077 0.0625
0 0.6754807692307693 0.43149038461538464 0.057692307692307696 0.05048076923076923
0 0.5264423076923077 0.4543269230769231 0.0625 0.052884615384615384
0 0.1875 0.9903846153846154 0.07211538461538461 0.014423076923076924
0 0.49158653846153844 0.9855769230769231 0.06490384615384616 0.02403846153846154
0 0.028846153846153848 0.9855769230769231 0.04807692307692308 0.02403846153846154
0 0.22956730769230768 0.9807692307692307 0.10336538461538461 0.03365384615384615