0 0.31490384615384615 0.4519230769230769 0.1346153846153846 0.15384615384615385
0 0.10216346153846154 0.5697115384615384 0.09375 0.07211538461538461
0 0.33533653846153844 0.6009615384615384 0.1658653846153846 0.09615384615384616
0 0.7355769230769231 0.007211538461538462 0.02403846153846154 0.014423076923076924
0 0.6935096153846154 0.046875 0.021634615384615384 0.021634615384615384
0 0.8425480769230769 0.09615384615384616 0.021634615384615384 0.019230769230769232
0 0.7836538461538461 0.3870192307692308 0.02403846153846154 0.02403846153846154
0 0.5757211538461539 0.4254807692307692 0.036057692307692304 0.03365384615384615
0 0.6875 0.5949519230769231 0.03365384615384615 0.026442307692307692
0 0.5769230769230769 0.6009615384615384 0.02403846153846154 0.02403846153846154
0 0.7247596153846154 0.6165865384615384 0.021634615384615384 0.03125
0 0.8088942307692307 0.9266826923076923 0.03125 0.03125
0 0.5492788461538461 0.9387019230769231 0.016826923076923076 0.03125