0 0.09735576923076923 0.06370192307692307 0.05048076923076923 0.04567307692307692
0 0.15625 0.08774038461538461 0.057692307692307696 0.04567307692307692
0 0.11177884615384616 0.1658653846153846 0.06009615384615385 0.038461538461538464
0 0.17427884615384615 0.20552884615384615 0.021634615384615384 0.026442307692307692
0 0.3449519230769231 0.2127403846153846 0.06009615384615385 0.06971153846153846
0 0.43028846153846156 0.22115384615384615 0.057692307692307696 0.052884615384615384
0 0.19471153846153846 0.27163461538461536 0.038461538461538464 0.038461538461538464
0 0.11658653846153846 0.2980769230769231 0.04567307692307692 0.028846153846153848
0 0.37740384615384615 0.32091346153846156 0.0625 0.036057692307692304
0 0.41346153846153844 0.33052884615384615 0.052884615384615384 0.04567307692307692
0 0.4326923076923077 0.8100961538461539 0.052884615384615384 0.057692307692307696
0 0.35096153846153844 0.8173076923076923 0.04326923076923077 0.04326923076923077
0 0.7896634615384616 0.4891826923076923 0.06490384615384616 0.04567307692307692
0 0.9146634615384616 0.5709134615384616 0.04567307692307692 0.036057692307692304
0 0.7127403846153846 0.6538461538461539 0.06490384615384616 0.0625
0 0.8834134615384616 0.7355769230769231 0.0889423076923077 0.0673076923076923
0 0.8954326923076923 0.7572115384615384 0.026442307692307692 0.019230769230769232
0 0.8689903846153846 0.7884615384615384 0.036057692307692304 0.03365384615384615
0 0.8557692307692307 0.3641826923076923 0.08173076923076923 0.01201923076923077
0 0.6310096153846154 0.390625 0.06490384615384616 0.06490384615384616
0 0.8846153846153846 0.39302884615384615 0.052884615384615384 0.05048076923076923
0 0.7920673076923077 0.4074519230769231 0.04567307692307692 0.040865384615384616
0 0.796875 0.4074519230769231 0.06009615384615385 0.055288461538461536
0 0.578125 0.44350961538461536 0.06490384615384616 0.055288461538461536
0 0.8689903846153846 0.9807692307692307 0.036057692307692304 0.03365384615384615