0 0.015625 0.008413461538461538 0.03125 0.016826923076923076
0 0.03485576923076923 0.08052884615384616 0.06009615384615385 0.06009615384615385
0 0.40625 0.27884615384615385 0.07692307692307693 0.0625
0 0.5685096153846154 0.38100961538461536 0.021634615384615384 0.04567307692307692
0 0.25961538461538464 0.4170673076923077 0.04326923076923077 0.040865384615384616
0 0.31850961538461536 0.8377403846153846 0.040865384615384616 0.04567307692307692
0 0.6670673076923077 0.5973557692307693 0.05048076923076923 0.040865384615384616
0 0.7019230769230769 0.5985576923076923 0.028846153846153848 0.02403846153846154
0 0.9278846153846154 0.6838942307692307 0.052884615384615384 0.040865384615384616
0 0.6442307692307693 0.7307692307692307 0.057692307692307696 0.04326923076923077
0 0.7139423076923077 0.7367788461538461 0.04326923076923077 0.03125
0 0.7451923076923077 0.7668269230769231 0.04326923076923077 0.03365384615384615
0 0.8377403846153846 0.8161057692307693 0.05048076923076923 0.026442307692307692
0 0.6021634615384616 0.5444711538461539 0.04567307692307692 0.040865384615384616
0 0.6394230769230769 0.5432692307692307 0.028846153846153848 0.02403846153846154