0 0.8233173076923077 0.21995192307692307 0.040865384615384616 0.036057692307692304
0 0.8028846153846154 0.2283653846153846 0.04326923076923077 0.019230769230769232
0 0.06971153846153846 0.4879807692307692 0.04326923076923077 0.03365384615384615
0 0.2620192307692308 0.4963942307692308 0.03365384615384615 0.03125
0 0.22115384615384615 0.5444711538461539 0.0625 0.040865384615384616
0 0.14543269230769232 0.6057692307692307 0.06971153846153846 0.057692307692307696
0 0.18629807692307693 0.6550480769230769 0.08413461538461539 0.06490384615384616
0 0.10336538461538461 0.390625 0.057692307692307696 0.026442307692307692
0 0.17548076923076922 0.4098557692307692 0.052884615384615384 0.06009615384615385
0 0.171875 0.4182692307692308 0.05048076923076923 0.03365384615384615
0 0.056490384615384616 0.4338942307692308 0.036057692307692304 0.055288461538461536
0 0.19471153846153846 0.45913461538461536 0.0625 0.03365384615384615
0 0.1045673076923077 0.4699519230769231 0.036057692307692304 0.03125
0 0.5276442307692307 0.6935096153846154 0.03125 0.036057692307692304