0 0.3425480769230769 0.0673076923076923 0.07932692307692307 0.0625
0 0.08653846153846154 0.08774038461538461 0.08653846153846154 0.07932692307692307
0 0.013221153846153846 0.09014423076923077 0.026442307692307692 0.07932692307692307
0 0.10096153846153846 0.38461538461538464 0.0673076923076923 0.028846153846153848
0 0.8774038461538461 0.07211538461538461 0.052884615384615384 0.0625
0 0.9086538461538461 0.11057692307692307 0.04326923076923077 0.052884615384615384
0 0.7872596153846154 0.12139423076923077 0.06971153846153846 0.04567307692307692
0 0.7403846153846154 0.1622596153846154 0.0673076923076923 0.04567307692307692
0 0.8377403846153846 0.17908653846153846 0.06009615384615385 0.036057692307692304
0 0.8882211538461539 0.1814903846153846 0.036057692307692304 0.036057692307692304
0 0.9158653846153846 0.2644230769230769 0.057692307692307696 0.038461538461538464
0 0.6538461538461539 0.004807692307692308 0.04326923076923077 0.009615384615384616
0 0.7355769230769231 0.05048076923076923 0.0625 0.038461538461538464
0 0.8449519230769231 0.051682692307692304 0.05048076923076923 0.06009615384615385
0 0.48197115384615385 0.7199519230769231 0.055288461538461536 0.07451923076923077
0 0.40865384615384615 0.7271634615384616 0.04326923076923077 0.04567307692307692
0 0.45072115384615385 0.7920673076923077 0.11778846153846154 0.06009615384615385
0 0.2512019230769231 0.828125 0.06971153846153846 0.05048076923076923
0 0.33533653846153844 0.8557692307692307 0.05048076923076923 0.038461538461538464
0 0.4206730769230769 0.9375 0.0673076923076923 0.0625
0 0.1778846153846154 0.5528846153846154 0.07692307692307693 0.0625
0 0.3137019230769231 0.5865384615384616 0.07451923076923077 0.0625
0 0.4987980769230769 0.6334134615384616 0.021634615384615384 0.0985576923076923
0 0.8052884615384616 0.8052884615384616 0.04326923076923077 0.03365384615384615
0 0.9903846153846154 0.8137019230769231 0.019230769230769232 0.03125
0 0.9567307692307693 0.8617788461538461 0.0625 0.040865384615384616
0 0.8810096153846154 0.9230769230769231 0.06971153846153846 0.057692307692307696
0 0.921875 0.9699519230769231 0.08413461538461539 0.06009615384615385
0 0.8389423076923077 0.7079326923076923 0.057692307692307696 0.026442307692307692
0 0.9110576923076923 0.7271634615384616 0.052884615384615384 0.06009615384615385
0 0.9074519230769231 0.7355769230769231 0.05048076923076923 0.03365384615384615
0 0.7920673076923077 0.7512019230769231 0.036057692307692304 0.055288461538461536
0 0.9302884615384616 0.7764423076923077 0.0625 0.03365384615384615
0 0.8401442307692307 0.7872596153846154 0.036057692307692304 0.03125