0 0.07091346153846154 0.35216346153846156 0.07451923076923077 0.06971153846153846
0 0.14423076923076922 0.31490384615384615 0.08653846153846154 0.10096153846153846
0 0.6009615384615384 0.006009615384615385 0.03365384615384615 0.01201923076923077
0 0.9387019230769231 0.2848557692307692 0.026442307692307692 0.021634615384615384
0 0.03245192307692308 0.8725961538461539 0.021634615384615384 0.019230769230769232
0 0.30528846153846156 0.8978365384615384 0.03365384615384615 0.026442307692307692
0 0.18990384615384615 0.9302884615384616 0.028846153846153848 0.028846153846153848
0 0.1622596153846154 0.9326923076923077 0.036057692307692304 0.03365384615384615
0 0.25841346153846156 0.9771634615384616 0.026442307692307692 0.021634615384615384
0 0.29086538461538464 0.9915865384615384 0.028846153846153848 0.016826923076923076
0 0.8521634615384616 0.7740384615384616 0.05048076923076923 0.028846153846153848
0 0.8209134615384616 0.8293269230769231 0.07451923076923077 0.04326923076923077
0 0.8533653846153846 0.9098557692307693 0.052884615384615384 0.026442307692307692
0 0.7848557692307693 0.9146634615384616 0.08413461538461539 0.05048076923076923
0 0.7572115384615384 0.6586538461538461 0.052884615384615384 0.04326923076923077