0 0.20793269230769232 0.21754807692307693 0.1658653846153846 0.13221153846153846
0 0.45913461538461536 0.2932692307692308 0.1778846153846154 0.27884615384615385
0 0.4411057692307692 0.0985576923076923 0.21394230769230768 0.15865384615384615
0 0.6346153846153846 0.44471153846153844 0.03365384615384615 0.028846153846153848
0 0.6802884615384616 0.46634615384615385 0.038461538461538464 0.028846153846153848
0 0.6262019230769231 0.4723557692307692 0.036057692307692304 0.026442307692307692
0 0.8209134615384616 0.47115384615384615 0.040865384615384616 0.03365384615384615
0 0.6959134615384616 0.515625 0.036057692307692304 0.03125
0 0.7223557692307693 0.5180288461538461 0.03125 0.036057692307692304
0 0.7980769230769231 0.5204326923076923 0.02403846153846154 0.03125
0 0.7055288461538461 0.5625 0.03125 0.03365384615384615
0 0.6033653846153846 0.5913461538461539 0.03365384615384615 0.03365384615384615
0 0.042067307692307696 0.7992788461538461 0.040865384615384616 0.04567307692307692
0 0.8870192307692307 0.9158653846153846 0.038461538461538464 0.028846153846153848