0 0.3798076923076923 0.016826923076923076 0.0673076923076923 0.03365384615384615
0 0.08533653846153846 0.03125 0.06009615384615385 0.04326923076923077
0 0.3076923076923077 0.04567307692307692 0.04326923076923077 0.04326923076923077
0 0.3329326923076923 0.07091346153846154 0.036057692307692304 0.021634615384615384
0 0.1466346153846154 0.11899038461538461 0.0625 0.036057692307692304
0 0.2512019230769231 0.1778846153846154 0.04567307692307692 0.038461538461538464
0 0.3629807692307692 0.18629807692307693 0.052884615384615384 0.05048076923076923
0 0.36658653846153844 0.23557692307692307 0.05048076923076923 0.04326923076923077
0 0.27163461538461536 0.2644230769230769 0.04326923076923077 0.028846153846153848
0 0.4074519230769231 0.6009615384615384 0.06971153846153846 0.0625
0 0.36538461538461536 0.6033653846153846 0.0625 0.0625
0 0.5240384615384616 0.6310096153846154 0.052884615384615384 0.04567307692307692
0 0.5096153846153846 0.6586538461538461 0.038461538461538464 0.028846153846153848
0 0.2692307692307692 0.6935096153846154 0.0625 0.05048076923076923
0 0.5036057692307693 0.7019230769230769 0.04567307692307692 0.03365384615384615
0 0.40625 0.7199519230769231 0.057692307692307696 0.036057692307692304
0 0.45072115384615385 0.7512019230769231 0.04567307692307692 0.04567307692307692
0 0.20432692307692307 0.7764423076923077 0.052884615384615384 0.052884615384615384
0 0.1778846153846154 0.8377403846153846 0.0673076923076923 0.05048076923076923
0 0.2824519230769231 0.33653846153846156 0.07451923076923077 0.014423076923076924
0 0.5564903846153846 0.40384615384615385 0.04567307692307692 0.04326923076923077
0 0.007211538461538462 0.45913461538461536 0.014423076923076924 0.0625
0 0.3233173076923077 0.5408653846153846 0.06971153846153846 0.0673076923076923
0 0.7091346153846154 0.5901442307692307 0.052884615384615384 0.036057692307692304
0 0.7764423076923077 0.6165865384615384 0.03365384615384615 0.036057692307692304
0 0.6346153846153846 0.6442307692307693 0.038461538461538464 0.038461538461538464
0 0.859375 0.6526442307692307 0.036057692307692304 0.036057692307692304
0 0.8401442307692307 0.8413461538461539 0.036057692307692304 0.028846153846153848
0 0.6358173076923077 0.39783653846153844 0.026442307692307692 0.036057692307692304
0 0.6814903846153846 0.41346153846153844 0.036057692307692304 0.03365384615384615
0 0.6009615384615384 0.4326923076923077 0.038461538461538464 0.03365384615384615
0 0.6935096153846154 0.46153846153846156 0.04567307692307692 0.038461538461538464
0 0.6766826923076923 0.359375 0.04567307692307692 0.026442307692307692
0 0.8701923076923077 0.4723557692307692 0.03365384615384615 0.04567307692307692
0 0.7860576923076923 0.5084134615384616 0.052884615384615384 0.04567307692307692
0 0.6766826923076923 0.3389423076923077 0.04567307692307692 0.019230769230769232