0 0.3701923076923077 0.018028846153846152 0.052884615384615384 0.036057692307692304
0 0.2776442307692308 0.018028846153846152 0.06971153846153846 0.036057692307692304
0 0.44591346153846156 0.018028846153846152 0.06009615384615385 0.036057692307692304
0 0.18870192307692307 0.052884615384615384 0.06009615384615385 0.038461538461538464
0 0.09975961538461539 0.06370192307692307 0.04567307692307692 0.06009615384615385
0 0.016826923076923076 0.06850961538461539 0.03365384615384615 0.06971153846153846
0 0.20552884615384615 0.10576923076923077 0.04567307692307692 0.04326923076923077
0 0.39302884615384615 0.11177884615384616 0.036057692307692304 0.06009615384615385
0 0.29927884615384615 0.13221153846153846 0.06971153846153846 0.04326923076923077
0 0.06490384615384616 0.22956730769230768 0.052884615384615384 0.036057692307692304
0 0.40024038461538464 0.2608173076923077 0.06971153846153846 0.06009615384615385
0 0.3317307692307692 0.625 0.03365384615384615 0.04807692307692308
0 0.6838942307692307 0.8028846153846154 0.03125 0.04326923076923077
0 0.5973557692307693 0.9615384615384616 0.05048076923076923 0.038461538461538464
0 0.5721153846153846 0.9891826923076923 0.04326923076923077 0.021634615384615384