0 0.42908653846153844 0.4651442307692308 0.021634615384615384 0.036057692307692304
0 0.9194711538461539 0.47115384615384615 0.021634615384615384 0.028846153846153848
0 0.5108173076923077 0.5288461538461539 0.026442307692307692 0.028846153846153848
0 0.6466346153846154 0.5673076923076923 0.04326923076923077 0.03365384615384615
0 0.30288461538461536 0.5709134615384616 0.038461538461538464 0.026442307692307692
0 0.39903846153846156 0.5697115384615384 0.03365384615384615 0.038461538461538464
0 0.5072115384615384 0.5757211538461539 0.028846153846153848 0.036057692307692304
0 0.4266826923076923 0.6033653846153846 0.036057692307692304 0.04326923076923077
0 0.5408653846153846 0.6081730769230769 0.028846153846153848 0.03365384615384615
0 0.8521634615384616 0.6225961538461539 0.036057692307692304 0.028846153846153848
0 0.25600961538461536 0.625 0.036057692307692304 0.038461538461538464
0 0.8762019230769231 0.6358173076923077 0.026442307692307692 0.026442307692307692
0 0.40625 0.6574519230769231 0.03365384615384615 0.036057692307692304
0 0.30288461538461536 0.6802884615384616 0.03365384615384615 0.038461538461538464
0 0.35336538461538464 0.6899038461538461 0.04326923076923077 0.03365384615384615
0 0.14783653846153846 0.7043269230769231 0.036057692307692304 0.04326923076923077
0 0.4362980769230769 0.7211538461538461 0.036057692307692304 0.028846153846153848
0 0.24278846153846154 0.7475961538461539 0.028846153846153848 0.03365384615384615
0 0.10336538461538461 0.75 0.019230769230769232 0.028846153846153848
0 0.38461538461538464 0.7524038461538461 0.028846153846153848 0.028846153846153848
0 0.49038461538461536 0.7788461538461539 0.028846153846153848 0.038461538461538464
0 0.5552884615384616 0.8209134615384616 0.038461538461538464 0.04567307692307692
0 0.45072115384615385 0.8425480769230769 0.021634615384615384 0.026442307692307692
0 0.4723557692307692 0.8413461538461539 0.021634615384615384 0.03365384615384615
0 0.8052884615384616 0.39663461538461536 0.028846153846153848 0.03365384615384615
0 0.4495192307692308 0.40024038461538464 0.028846153846153848 0.026442307692307692
0 0.2439903846153846 0.9939903846153846 0.03125 0.007211538461538462
0 0.1045673076923077 0.9939903846153846 0.021634615384615384 0.007211538461538462
0 0.3858173076923077 0.9927884615384616 0.03125 0.009615384615384616
0 0.49038461538461536 0.9759615384615384 0.028846153846153848 0.038461538461538464
0 0.5552884615384616 0.9362980769230769 0.038461538461538464 0.04567307692307692
0 0.45072115384615385 0.9146634615384616 0.021634615384615384 0.026442307692307692
0 0.4723557692307692 0.9134615384615384 0.021634615384615384 0.03365384615384615