0 0.27884615384615385 0.19230769230769232 0.04326923076923077 0.03365384615384615
0 0.47115384615384615 0.20072115384615385 0.03365384615384615 0.03125
0 0.43028846153846156 0.24879807692307693 0.0625 0.040865384615384616
0 0.3545673076923077 0.31009615384615385 0.06971153846153846 0.057692307692307696
0 0.3954326923076923 0.359375 0.08413461538461539 0.06490384615384616
0 0.1778846153846154 0.4110576923076923 0.0673076923076923 0.04326923076923077
0 0.3125 0.09495192307692307 0.057692307692307696 0.026442307692307692
0 0.38461538461538464 0.1141826923076923 0.052884615384615384 0.06009615384615385
0 0.38100961538461536 0.12259615384615384 0.05048076923076923 0.03365384615384615
0 0.265625 0.13822115384615385 0.036057692307692304 0.055288461538461536
0 0.40384615384615385 0.16346153846153846 0.0625 0.03365384615384615
0 0.3137019230769231 0.17427884615384615 0.036057692307692304 0.03125
0 0.7367788461538461 0.4699519230769231 0.05048076923076923 0.016826923076923076
0 0.9278846153846154 0.015625 0.057692307692307696 0.03125
0 0.3641826923076923 0.4831730769230769 0.040865384615384616 0.009615384615384616
0 0.2860576923076923 0.4855769230769231 0.038461538461538464 0.014423076923076924
0 0.10817307692307693 0.6262019230769231 0.04326923076923077 0.040865384615384616
0 0.5889423076923077 0.6177884615384616 0.038461538461538464 0.028846153846153848
0 0.6466346153846154 0.7283653846153846 0.04807692307692308 0.038461538461538464