0 0.028846153846153848 0.23557692307692307 0.057692307692307696 0.11057692307692307
0 0.2956730769230769 0.6490384615384616 0.038461538461538464 0.02403846153846154
0 0.31009615384615385 0.7007211538461539 0.04326923076923077 0.036057692307692304
0 0.3125 0.7379807692307693 0.038461538461538464 0.03365384615384615
0 0.027644230769230768 0.8762019230769231 0.04567307692307692 0.04567307692307692
0 0.11298076923076923 0.9026442307692307 0.0673076923076923 0.05048076923076923
0 0.16466346153846154 0.9098557692307693 0.055288461538461536 0.036057692307692304
0 0.625 0.5036057692307693 0.04807692307692308 0.036057692307692304
0 0.5661057692307693 0.8605769230769231 0.04567307692307692 0.08173076923076923
0 0.7259615384615384 0.3137019230769231 0.057692307692307696 0.01201923076923077
0 0.6322115384615384 0.32572115384615385 0.057692307692307696 0.036057692307692304
0 0.6358173076923077 0.46634615384615385 0.04567307692307692 0.038461538461538464