0 0.3737980769230769 0.14182692307692307 0.05048076923076923 0.04326923076923077
0 0.4723557692307692 0.1622596153846154 0.05048076923076923 0.040865384615384616
0 0.057692307692307696 0.3713942307692308 0.057692307692307696 0.036057692307692304
0 0.28725961538461536 0.08774038461538461 0.036057692307692304 0.040865384615384616
0 0.140625 0.10336538461538461 0.07451923076923077 0.057692307692307696
0 0.6971153846153846 0.36538461538461536 0.038461538461538464 0.04807692307692308
0 0.8353365384615384 0.3762019230769231 0.036057692307692304 0.026442307692307692
0 0.6262019230769231 0.3329326923076923 0.06971153846153846 0.04567307692307692
0 0.3701923076923077 0.8112980769230769 0.0625 0.05048076923076923
0 0.6682692307692307 0.5733173076923077 0.03365384615384615 0.021634615384615384
0 0.8653846153846154 0.6826923076923077 0.04326923076923077 0.028846153846153848
0 0.8040865384615384 0.7379807692307693 0.03125 0.03365384615384615
0 0.8641826923076923 0.8245192307692307 0.03125 0.028846153846153848