0 0.48197115384615385 0.37259615384615385 0.07451923076923077 0.0625
0 0.6225961538461539 0.38221153846153844 0.052884615384615384 0.057692307692307696
0 0.20673076923076922 0.5264423076923077 0.038461538461538464 0.04326923076923077
0 0.6334134615384616 0.5324519230769231 0.03125 0.05048076923076923
0 0.18870192307692307 0.5709134615384616 0.036057692307692304 0.016826923076923076
0 0.7151442307692307 0.20072115384615385 0.026442307692307692 0.021634615384615384
0 0.6634615384615384 0.33052884615384615 0.02403846153846154 0.021634615384615384
0 0.7992788461538461 0.3858173076923077 0.021634615384615384 0.021634615384615384
0 0.19831730769230768 0.7271634615384616 0.05048076923076923 0.05048076923076923
0 0.37740384615384615 0.7896634615384616 0.052884615384615384 0.055288461538461536
0 0.22716346153846154 0.9290865384615384 0.03125 0.03125
0 0.8413461538461539 0.7295673076923077 0.028846153846153848 0.03125