0 0.027644230769230768 0.24879807692307693 0.05048076923076923 0.040865384615384616
0 0.32572115384615385 0.27524038461538464 0.05048076923076923 0.036057692307692304
0 0.13822115384615385 0.3786057692307692 0.04567307692307692 0.036057692307692304
0 0.328125 0.5877403846153846 0.04567307692307692 0.036057692307692304
0 0.3112980769230769 0.04567307692307692 0.07451923076923077 0.0625
0 0.027644230769230768 0.06971153846153846 0.05048076923076923 0.04326923076923077
0 0.08173076923076923 0.12980769230769232 0.057692307692307696 0.028846153846153848
0 0.15625 0.13942307692307693 0.057692307692307696 0.038461538461538464
0 0.22355769230769232 0.1778846153846154 0.04326923076923077 0.057692307692307696
0 0.7259615384615384 0.5793269230769231 0.038461538461538464 0.03365384615384615
0 0.7307692307692307 0.7199519230769231 0.04326923076923077 0.04567307692307692
0 0.5997596153846154 0.8521634615384616 0.04567307692307692 0.040865384615384616
0 0.9266826923076923 0.90625 0.03125 0.03365384615384615
0 0.9074519230769231 0.9759615384615384 0.03125 0.028846153846153848