0 0.4807692307692308 0.3870192307692308 0.052884615384615384 0.052884615384615384
0 0.6766826923076923 0.40024038461538464 0.06971153846153846 0.06009615384615385
0 0.3173076923076923 0.4050480769230769 0.07692307692307693 0.07451923076923077
0 0.234375 0.40865384615384615 0.04567307692307692 0.0625
0 0.34615384615384615 0.4735576923076923 0.052884615384615384 0.0673076923076923
0 0.4411057692307692 0.47716346153846156 0.06971153846153846 0.06009615384615385
0 0.27283653846153844 0.48197115384615385 0.06009615384615385 0.05048076923076923
0 0.5300480769230769 0.5240384615384616 0.06009615384615385 0.038461538461538464
0 0.7800480769230769 0.5324519230769231 0.05048076923076923 0.04567307692307692
0 0.6189903846153846 0.5348557692307693 0.04567307692307692 0.06009615384615385
0 0.7151442307692307 0.5396634615384616 0.06009615384615385 0.06971153846153846
0 0.5132211538461539 0.5769230769230769 0.04567307692307692 0.04326923076923077
0 0.32572115384615385 0.5829326923076923 0.036057692307692304 0.06009615384615385
0 0.8233173076923077 0.6009615384615384 0.06009615384615385 0.052884615384615384
0 0.41947115384615385 0.6033653846153846 0.06971153846153846 0.04326923076923077
0 0.9483173076923077 0.6334134615384616 0.07451923076923077 0.04567307692307692
0 0.8713942307692307 0.6370192307692307 0.06009615384615385 0.057692307692307696
0 0.9603365384615384 0.6838942307692307 0.06009615384615385 0.06009615384615385
0 0.6514423076923077 0.7007211538461539 0.052884615384615384 0.036057692307692304
0 0.8485576923076923 0.7115384615384616 0.0673076923076923 0.0673076923076923
0 0.31850961538461536 0.7295673076923077 0.06971153846153846 0.06009615384615385
0 0.5985576923076923 0.24278846153846154 0.0625 0.0625
0 0.49399038461538464 0.2692307692307692 0.05048076923076923 0.0625
0 0.6069711538461539 0.31971153846153844 0.05048076923076923 0.0673076923076923
0 0.6610576923076923 0.3245192307692308 0.04326923076923077 0.04326923076923077
0 0.6418269230769231 0.14543269230769232 0.0625 0.04567307692307692
0 0.5997596153846154 0.018028846153846152 0.06490384615384616 0.036057692307692304
0 0.6418269230769231 0.10216346153846154 0.0625 0.04567307692307692