0 0.3112980769230769 0.3918269230769231 0.05048076923076923 0.028846153846153848
0 0.2800480769230769 0.44711538461538464 0.07451923076923077 0.04326923076923077
0 0.6790865384615384 0.46875 0.05048076923076923 0.057692307692307696
0 0.3125 0.5276442307692307 0.052884615384615384 0.026442307692307692
0 0.2439903846153846 0.5324519230769231 0.08413461538461539 0.05048076923076923
0 0.6983173076923077 0.6514423076923077 0.05048076923076923 0.04326923076923077
0 0.30649038461538464 0.7211538461538461 0.06009615384615385 0.0673076923076923
0 0.21875 0.7572115384615384 0.038461538461538464 0.03365384615384615
0 0.47475961538461536 0.24759615384615385 0.036057692307692304 0.019230769230769232
0 0.21634615384615385 0.2764423076923077 0.052884615384615384 0.04326923076923077
0 0.21995192307692307 0.9891826923076923 0.040865384615384616 0.016826923076923076
0 0.4735576923076923 0.004807692307692308 0.038461538461538464 0.009615384615384616