0 0.5769230769230769 0.14182692307692307 0.02403846153846154 0.057692307692307696
0 0.4423076923076923 0.14783653846153846 0.028846153846153848 0.036057692307692304
0 0.8257211538461539 0.24278846153846154 0.05048076923076923 0.04807692307692308
0 0.6694711538461539 0.24519230769230768 0.036057692307692304 0.028846153846153848
0 0.7463942307692307 0.27283653846153844 0.04567307692307692 0.036057692307692304
0 0.9939903846153846 0.2776442307692308 0.01201923076923077 0.040865384615384616
0 0.8389423076923077 0.2848557692307692 0.04326923076923077 0.040865384615384616
0 0.7007211538461539 0.30649038461538464 0.04567307692307692 0.040865384615384616
0 0.8088942307692307 0.32572115384615385 0.04567307692307692 0.021634615384615384
0 0.7524038461538461 0.3713942307692308 0.038461538461538464 0.036057692307692304
0 0.7211538461538461 0.3894230769230769 0.0673076923076923 0.03365384615384615
0 0.6394230769230769 0.46875 0.04326923076923077 0.03365384615384615
0 0.7680288461538461 0.08052884615384616 0.04567307692307692 0.036057692307692304
0 0.8449519230769231 0.140625 0.06009615384615385 0.055288461538461536
0 0.7295673076923077 0.15745192307692307 0.05048076923076923 0.036057692307692304
0 0.9759615384615384 0.18870192307692307 0.04807692307692308 0.055288461538461536
0 0.6766826923076923 0.21394230769230768 0.05048076923076923 0.028846153846153848
0 0.6394230769230769 0.6081730769230769 0.04326923076923077 0.03365384615384615
0 0.6117788461538461 0.8125 0.04567307692307692 0.03365384615384615