0 0.20192307692307693 0.054086538461538464 0.057692307692307696 0.05048076923076923
0 0.35096153846153844 0.07692307692307693 0.0625 0.052884615384615384
0 0.028846153846153848 0.16826923076923078 0.057692307692307696 0.057692307692307696
0 0.41225961538461536 0.20072115384615385 0.06971153846153846 0.06009615384615385
0 0.6189903846153846 0.23197115384615385 0.040865384615384616 0.07451923076923077
0 0.021634615384615384 0.23317307692307693 0.04326923076923077 0.0625
0 0.43509615384615385 0.24519230769230768 0.0625 0.04326923076923077
0 0.4855769230769231 0.30288461538461536 0.057692307692307696 0.038461538461538464
0 0.5552884615384616 0.3293269230769231 0.038461538461538464 0.038461538461538464
0 0.3870192307692308 0.3762019230769231 0.0625 0.05048076923076923
0 0.6189903846153846 0.3894230769230769 0.040865384615384616 0.04326923076923077
0 0.9423076923076923 0.7920673076923077 0.0673076923076923 0.05048076923076923
0 0.9591346153846154 0.8317307692307693 0.0625 0.052884615384615384
0 0.7644230769230769 0.8461538461538461 0.057692307692307696 0.052884615384615384
0 0.8545673076923077 0.8557692307692307 0.05048076923076923 0.04326923076923077
0 0.9951923076923077 0.9230769230769231 0.009615384615384616 0.04326923076923077
0 0.9675480769230769 0.734375 0.06009615384615385 0.05048076923076923
0 0.8605769230769231 0.7355769230769231 0.0673076923076923 0.07692307692307693