0 0.051682692307692304 0.12620192307692307 0.09375 0.06971153846153846
0 0.25961538461538464 0.3088942307692308 0.08653846153846154 0.06009615384615385
0 0.1045673076923077 0.3485576923076923 0.06009615384615385 0.052884615384615384
0 0.018028846153846152 0.3737980769230769 0.036057692307692304 0.036057692307692304
0 0.35216346153846156 0.3954326923076923 0.07451923076923077 0.06009615384615385
0 0.09134615384615384 0.3954326923076923 0.052884615384615384 0.04567307692307692
0 0.09134615384615384 0.5048076923076923 0.04326923076923077 0.052884615384615384
0 0.2247596153846154 0.5276442307692307 0.06009615384615385 0.040865384615384616
0 0.5697115384615384 0.3449519230769231 0.057692307692307696 0.040865384615384616
0 0.40625 0.6322115384615384 0.03365384615384615 0.038461538461538464
0 0.4110576923076923 0.7524038461538461 0.04326923076923077 0.038461538461538464
0 0.39903846153846156 0.7896634615384616 0.019230769230769232 0.04567307692307692
0 0.3954326923076923 0.8798076923076923 0.01201923076923077 0.03365384615384615
0 0.41586538461538464 0.9867788461538461 0.028846153846153848 0.026442307692307692