0 0.3762019230769231 0.3317307692307692 0.036057692307692304 0.057692307692307696
0 0.3269230769230769 0.4567307692307692 0.052884615384615384 0.052884615384615384
0 0.3269230769230769 0.5528846153846154 0.052884615384615384 0.052884615384615384
0 0.1502403846153846 0.8641826923076923 0.040865384615384616 0.03125
0 0.056490384615384616 0.8762019230769231 0.040865384615384616 0.03125
0 0.171875 0.7644230769230769 0.040865384615384616 0.03365384615384615
0 0.08653846153846154 0.8004807692307693 0.04326923076923077 0.04326923076923077
0 0.7367788461538461 0.9338942307692307 0.05048076923076923 0.040865384615384616
0 0.7716346153846154 0.9350961538461539 0.028846153846153848 0.02403846153846154
0 0.5516826923076923 0.9579326923076923 0.06971153846153846 0.05048076923076923
0 0.6694711538461539 0.8810096153846154 0.05048076923076923 0.040865384615384616
0 0.7091346153846154 0.8798076923076923 0.028846153846153848 0.02403846153846154
0 0.6358173076923077 0.8858173076923077 0.036057692307692304 0.036057692307692304
0 0.5228365384615384 0.9098557692307693 0.04567307692307692 0.05048076923076923