0 0.41586538461538464 0.4651442307692308 0.04326923076923077 0.05048076923076923
0 0.3581730769230769 0.4987980769230769 0.03365384615384615 0.036057692307692304
0 0.5252403846153846 0.5084134615384616 0.055288461538461536 0.040865384615384616
0 0.6141826923076923 0.5144230769230769 0.06971153846153846 0.052884615384615384
0 0.46033653846153844 0.5793269230769231 0.04567307692307692 0.057692307692307696
0 0.39663461538461536 0.5853365384615384 0.038461538461538464 0.04567307692307692
0 0.33413461538461536 0.6189903846153846 0.04326923076923077 0.036057692307692304
0 0.5348557692307693 0.6502403846153846 0.04567307692307692 0.04567307692307692
0 0.7355769230769231 0.6887019230769231 0.03365384615384615 0.05048076923076923
0 0.4891826923076923 0.7475961538461539 0.06971153846153846 0.07692307692307693
0 0.5504807692307693 0.8197115384615384 0.08653846153846154 0.07692307692307693
0 0.4879807692307692 0.9831730769230769 0.07211538461538461 0.028846153846153848
0 0.5504807692307693 0.9350961538461539 0.08653846153846154 0.07692307692307693