0 0.11899038461538461 0.009615384615384616 0.036057692307692304 0.019230769230769232
0 0.07572115384615384 0.014423076923076924 0.05048076923076923 0.028846153846153848
0 0.1971153846153846 0.028846153846153848 0.028846153846153848 0.038461538461538464
0 0.06129807692307692 0.055288461538461536 0.05048076923076923 0.04326923076923077
0 0.16466346153846154 0.06129807692307692 0.036057692307692304 0.026442307692307692
0 0.040865384615384616 0.09134615384615384 0.04326923076923077 0.028846153846153848
0 0.040865384615384616 0.13942307692307693 0.038461538461538464 0.04326923076923077
0 0.19110576923076922 0.14783653846153846 0.06971153846153846 0.05048076923076923
0 0.49399038461538464 0.1658653846153846 0.01201923076923077 0.057692307692307696
0 0.07211538461538461 0.19110576923076922 0.038461538461538464 0.04567307692307692
0 0.36899038461538464 0.23677884615384615 0.04567307692307692 0.05048076923076923
0 0.953125 0.4951923076923077 0.04567307692307692 0.04326923076923077
0 0.3942307692307692 0.7103365384615384 0.0625 0.06009615384615385
0 0.19591346153846154 0.8389423076923077 0.06009615384615385 0.052884615384615384
0 0.23798076923076922 0.5396634615384616 0.0673076923076923 0.021634615384615384
0 0.2548076923076923 0.5889423076923077 0.0625 0.057692307692307696
0 0.19591346153846154 0.9783653846153846 0.06009615384615385 0.04326923076923077