0 0.8365384615384616 0.38100961538461536 0.0673076923076923 0.05048076923076923
0 0.609375 0.46153846153846156 0.08413461538461539 0.052884615384615384
0 0.8076923076923077 0.5120192307692307 0.08173076923076923 0.014423076923076924
0 0.7427884615384616 0.17427884615384615 0.057692307692307696 0.055288461538461536
0 0.328125 0.9519230769230769 0.03125 0.028846153846153848
0 0.38341346153846156 0.6069711538461539 0.01201923076923077 0.026442307692307692
0 0.375 0.6526442307692307 0.02403846153846154 0.026442307692307692
0 0.34975961538461536 0.6754807692307693 0.026442307692307692 0.028846153846153848
0 0.8473557692307693 0.7776442307692307 0.036057692307692304 0.036057692307692304
0 0.5552884615384616 0.8641826923076923 0.028846153846153848 0.026442307692307692
0 0.7920673076923077 0.9230769230769231 0.06490384615384616 0.07692307692307693
0 0.8605769230769231 0.9507211538461539 0.03365384615384615 0.036057692307692304