0 0.46153846153846156 0.4182692307692308 0.07692307692307693 0.10096153846153846
0 0.7331730769230769 0.3641826923076923 0.028846153846153848 0.036057692307692304
0 0.9026442307692307 0.06490384615384616 0.04567307692307692 0.03365384615384615
0 0.5180288461538461 0.4519230769230769 0.036057692307692304 0.03365384615384615
0 0.8016826923076923 0.4543269230769231 0.10336538461538461 0.028846153846153848
0 0.5841346153846154 0.10336538461538461 0.0625 0.04326923076923077
0 0.8413461538461539 0.16826923076923078 0.057692307692307696 0.02403846153846154
0 0.8665865384615384 0.23076923076923078 0.08413461538461539 0.07211538461538461
0 0.5252403846153846 0.2439903846153846 0.05048076923076923 0.040865384615384616
0 0.7788461538461539 0.2764423076923077 0.038461538461538464 0.03365384615384615
0 0.703125 0.3112980769230769 0.036057692307692304 0.026442307692307692
0 0.7944711538461539 0.6358173076923077 0.06009615384615385 0.04567307692307692
0 0.5096153846153846 0.8052884615384616 0.019230769230769232 0.038461538461538464
0 0.5576923076923077 0.8209134615384616 0.03365384615384615 0.03125
0 0.6057692307692307 0.8245192307692307 0.038461538461538464 0.038461538461538464