0 0.2776442307692308 0.3629807692307692 0.04567307692307692 0.03365384615384615
0 0.1045673076923077 0.03245192307692308 0.07451923076923077 0.06009615384615385
0 0.3858173076923077 0.056490384615384616 0.04567307692307692 0.040865384615384616
0 0.3317307692307692 0.11658653846153846 0.057692307692307696 0.026442307692307692
0 0.25721153846153844 0.12620192307692307 0.057692307692307696 0.036057692307692304
0 0.18990384615384615 0.16466346153846154 0.04326923076923077 0.055288461538461536
0 0.09014423076923077 0.25961538461538464 0.05048076923076923 0.03365384615384615
0 0.7283653846153846 0.18389423076923078 0.057692307692307696 0.05048076923076923
0 0.7956730769230769 0.21995192307692307 0.03365384615384615 0.040865384615384616
0 0.9903846153846154 0.3125 0.019230769230769232 0.04807692307692308
0 0.42427884615384615 0.3449519230769231 0.03125 0.036057692307692304
0 0.9519230769230769 0.3713942307692308 0.052884615384615384 0.016826923076923076
0 0.06971153846153846 0.8293269230769231 0.08653846153846154 0.0625
0 0.018028846153846152 0.8617788461538461 0.036057692307692304 0.06971153846153846
0 0.08533653846153846 0.4963942307692308 0.06971153846153846 0.06009615384615385
0 0.1814903846153846 0.6274038461538461 0.06971153846153846 0.0673076923076923
0 0.04807692307692308 0.6694711538461539 0.04326923076923077 0.04567307692307692
0 0.11177884615384616 0.6850961538461539 0.05048076923076923 0.052884615384615384
0 0.038461538461538464 0.7151442307692307 0.052884615384615384 0.036057692307692304