0 0.014423076923076924 0.006009615384615385 0.028846153846153848 0.01201923076923077
0 0.25841346153846156 0.006009615384615385 0.04567307692307692 0.01201923076923077
0 0.34615384615384615 0.01201923076923077 0.038461538461538464 0.02403846153846154
0 0.038461538461538464 0.17548076923076922 0.03365384615384615 0.052884615384615384
0 0.35697115384615385 0.1875 0.04567307692307692 0.028846153846153848
0 0.34615384615384615 0.23918269230769232 0.038461538461538464 0.036057692307692304
0 0.14182692307692307 0.29086538461538464 0.038461538461538464 0.038461538461538464
0 0.28725961538461536 0.296875 0.03125 0.036057692307692304
0 0.28725961538461536 0.484375 0.03125 0.007211538461538462
0 0.9495192307692307 0.009615384615384616 0.052884615384615384 0.019230769230769232
0 0.7355769230769231 0.34134615384615385 0.038461538461538464 0.03365384615384615
0 0.5757211538461539 0.3798076923076923 0.01201923076923077 0.04807692307692308
0 0.6670673076923077 0.4723557692307692 0.055288461538461536 0.03125