0 0.02403846153846154 0.28125 0.04807692307692308 0.052884615384615384
0 0.6923076923076923 0.140625 0.03365384615384615 0.03125
0 0.6081730769230769 0.16346153846153846 0.04807692307692308 0.03365384615384615
0 0.5540865384615384 0.19230769230769232 0.03125 0.038461538461538464
0 0.17427884615384615 0.6610576923076923 0.036057692307692304 0.04326923076923077
0 0.1778846153846154 0.7019230769230769 0.02403846153846154 0.028846153846153848
0 0.19591346153846154 0.8413461538461539 0.026442307692307692 0.03365384615384615
0 0.6862980769230769 0.44350961538461536 0.06490384615384616 0.06009615384615385
0 0.96875 0.4651442307692308 0.0625 0.06971153846153846
0 0.6394230769230769 0.4855769230769231 0.0673076923076923 0.052884615384615384
0 0.25600961538461536 0.5084134615384616 0.05048076923076923 0.04567307692307692
0 0.31490384615384615 0.5324519230769231 0.057692307692307696 0.04567307692307692
0 0.6983173076923077 0.546875 0.036057692307692304 0.036057692307692304
0 0.8377403846153846 0.5528846153846154 0.06009615384615385 0.08653846153846154
0 0.2704326923076923 0.6105769230769231 0.06009615384615385 0.038461538461538464
0 0.9326923076923077 0.6129807692307693 0.038461538461538464 0.038461538461538464
0 0.8725961538461539 0.6310096153846154 0.038461538461538464 0.036057692307692304
0 0.3329326923076923 0.6502403846153846 0.021634615384615384 0.026442307692307692
0 0.6454326923076923 0.6526442307692307 0.06971153846153846 0.04567307692307692
0 0.5036057692307693 0.6574519230769231 0.06009615384615385 0.06971153846153846
0 0.5901442307692307 0.6658653846153846 0.06009615384615385 0.052884615384615384
0 0.35336538461538464 0.7163461538461539 0.038461538461538464 0.038461538461538464
0 0.27524038461538464 0.7427884615384616 0.04567307692307692 0.028846153846153848
0 0.5360576923076923 0.765625 0.0625 0.036057692307692304
0 0.5721153846153846 0.7752403846153846 0.052884615384615384 0.04567307692307692
0 0.5685096153846154 0.8161057692307693 0.04567307692307692 0.040865384615384616
0 0.8341346153846154 0.3629807692307692 0.0673076923076923 0.04807692307692308
0 0.47716346153846156 0.37740384615384615 0.05048076923076923 0.038461538461538464
0 0.9723557692307693 0.38341346153846156 0.055288461538461536 0.06490384615384616
0 0.859375 0.4098557692307692 0.04567307692307692 0.04567307692307692