0 0.026442307692307692 0.35336538461538464 0.052884615384615384 0.0625
0 0.2668269230769231 0.3737980769230769 0.08653846153846154 0.07932692307692307
0 0.36658653846153844 0.3762019230769231 0.07451923076923077 0.07932692307692307
0 0.4411057692307692 0.48677884615384615 0.06009615384615385 0.040865384615384616
0 0.8161057692307693 0.4230769230769231 0.03125 0.028846153846153848
0 0.875 0.078125 0.019230769230769232 0.026442307692307692
0 0.8629807692307693 0.12379807692307693 0.02403846153846154 0.026442307692307692
0 0.8918269230769231 0.1310096153846154 0.028846153846153848 0.026442307692307692
0 0.8377403846153846 0.1466346153846154 0.026442307692307692 0.028846153846153848
0 0.35216346153846156 0.7415865384615384 0.06490384615384616 0.055288461538461536
0 0.8509615384615384 0.6682692307692307 0.03365384615384615 0.038461538461538464