0 0.6983173076923077 0.43028846153846156 0.05048076923076923 0.04326923076923077
0 0.65625 0.43149038461538464 0.028846153846153848 0.026442307692307692
0 0.7319711538461539 0.43509615384615385 0.036057692307692304 0.038461538461538464
0 0.8509615384615384 0.45913461538461536 0.0625 0.052884615384615384
0 0.5997596153846154 0.47596153846153844 0.036057692307692304 0.03365384615384615
0 0.20192307692307693 0.4795673076923077 0.0625 0.04567307692307692
0 0.625 0.4855769230769231 0.038461538461538464 0.03365384615384615
0 0.41225961538461536 0.5 0.03125 0.03365384615384615
0 0.8161057692307693 0.5096153846153846 0.06971153846153846 0.052884615384615384
0 0.5817307692307693 0.625 0.04326923076923077 0.03365384615384615
0 0.6586538461538461 0.6262019230769231 0.04326923076923077 0.03125
0 0.5504807692307693 0.6550480769230769 0.04326923076923077 0.036057692307692304
0 0.4543269230769231 0.6971153846153846 0.038461538461538464 0.028846153846153848
0 0.19831730769230768 0.24519230769230768 0.055288461538461536 0.07692307692307693
0 0.14423076923076922 0.3293269230769231 0.057692307692307696 0.04807692307692308
0 0.1971153846153846 0.020432692307692308 0.057692307692307696 0.040865384615384616