0 0.20673076923076922 0.07211538461538461 0.057692307692307696 0.038461538461538464
0 0.014423076923076924 0.3918269230769231 0.028846153846153848 0.038461538461538464
0 0.5228365384615384 0.08173076923076923 0.040865384615384616 0.03365384615384615
0 0.3701923076923077 0.15985576923076922 0.03365384615384615 0.036057692307692304
0 0.8401442307692307 0.43990384615384615 0.040865384615384616 0.038461538461538464
0 0.7824519230769231 0.44350961538461536 0.036057692307692304 0.03125
0 0.7007211538461539 0.7055288461538461 0.036057692307692304 0.036057692307692304
0 0.7367788461538461 0.7439903846153846 0.055288461538461536 0.036057692307692304
0 0.4807692307692308 0.7764423076923077 0.057692307692307696 0.0625
0 0.6021634615384616 0.8509615384615384 0.04567307692307692 0.04326923076923077
0 0.7704326923076923 0.9471153846153846 0.040865384615384616 0.03365384615384615