0 0.8317307692307693 0.15504807692307693 0.03365384615384615 0.026442307692307692
0 0.53125 0.46033653846153844 0.028846153846153848 0.036057692307692304
0 0.7007211538461539 0.16105769230769232 0.04567307692307692 0.03365384615384615
0 0.2956730769230769 0.5600961538461539 0.07692307692307693 0.057692307692307696
0 0.5997596153846154 0.5745192307692307 0.10336538461538461 0.07692307692307693
0 0.671875 0.6947115384615384 0.06971153846153846 0.057692307692307696
0 0.7848557692307693 0.6983173076923077 0.07451923076923077 0.06009615384615385
0 0.5733173076923077 0.7223557692307693 0.11778846153846154 0.06490384615384616
0 0.4326923076923077 0.7860576923076923 0.057692307692307696 0.057692307692307696
0 0.6838942307692307 0.8125 0.06009615384615385 0.04326923076923077
0 0.5625 0.8425480769230769 0.0625 0.05048076923076923
0 0.38221153846153844 0.19951923076923078 0.0625 0.04326923076923077
0 0.6394230769230769 0.2644230769230769 0.057692307692307696 0.02403846153846154
0 0.6646634615384616 0.3269230769230769 0.08413461538461539 0.07211538461538461
0 0.32211538461538464 0.3401442307692308 0.052884615384615384 0.040865384615384616
0 0.5769230769230769 0.37259615384615385 0.038461538461538464 0.03365384615384615
0 0.5012019230769231 0.4074519230769231 0.036057692307692304 0.026442307692307692
0 0.8317307692307693 0.09254807692307693 0.03365384615384615 0.026442307692307692
0 0.7007211538461539 0.08413461538461539 0.04567307692307692 0.03365384615384615
0 0.4326923076923077 0.96875 0.057692307692307696 0.057692307692307696
0 0.6838942307692307 0.9423076923076923 0.06009615384615385 0.04326923076923077
0 0.5625 0.9146634615384616 0.0625 0.05048076923076923
0 0.38221153846153844 0.04567307692307692 0.0625 0.04326923076923077