0 0.6021634615384616 0.35336538461538464 0.08413461538461539 0.057692307692307696
0 0.20552884615384615 0.3858173076923077 0.06971153846153846 0.06009615384615385
0 0.008413461538461538 0.4170673076923077 0.016826923076923076 0.07451923076923077
0 0.609375 0.4182692307692308 0.06971153846153846 0.0625
0 0.18028846153846154 0.43028846153846156 0.0625 0.04326923076923077
0 0.12980769230769232 0.4879807692307692 0.057692307692307696 0.038461538461538464
0 0.06009615384615385 0.5144230769230769 0.038461538461538464 0.038461538461538464
0 0.2283653846153846 0.5637019230769231 0.0625 0.05048076923076923
0 0.3401442307692308 0.07091346153846154 0.05048076923076923 0.04567307692307692
0 0.3112980769230769 0.14423076923076922 0.05048076923076923 0.04326923076923077
0 0.41346153846153844 0.23918269230769232 0.057692307692307696 0.05048076923076923
0 0.2644230769230769 0.2620192307692308 0.0625 0.052884615384615384
0 0.765625 0.2776442307692308 0.021634615384615384 0.021634615384615384
0 0.7223557692307693 0.35096153846153844 0.026442307692307692 0.02403846153846154
0 0.7007211538461539 0.8954326923076923 0.05048076923076923 0.06009615384615385
0 0.9098557692307693 0.9867788461538461 0.055288461538461536 0.026442307692307692