0 0.028846153846153848 0.3762019230769231 0.057692307692307696 0.036057692307692304
0 0.18028846153846154 0.49759615384615385 0.07692307692307693 0.08653846153846154
0 0.055288461538461536 0.1622596153846154 0.0625 0.036057692307692304
0 0.06971153846153846 0.7115384615384616 0.08653846153846154 0.0625
0 0.6574519230769231 0.7379807692307693 0.021634615384615384 0.038461538461538464
0 0.43028846153846156 0.7524038461538461 0.03365384615384615 0.052884615384615384
0 0.3545673076923077 0.7536057692307693 0.06009615384615385 0.06009615384615385
0 0.31490384615384615 0.7800480769230769 0.03365384615384615 0.036057692307692304
0 0.36899038461538464 0.7920673076923077 0.021634615384615384 0.026442307692307692
0 0.6971153846153846 0.8233173076923077 0.03365384615384615 0.036057692307692304
0 0.13341346153846154 0.27524038461538464 0.05048076923076923 0.04567307692307692
0 0.06009615384615385 0.34975961538461536 0.052884615384615384 0.05048076923076923
0 0.055288461538461536 0.08533653846153846 0.0625 0.036057692307692304
0 0.43149038461538464 0.9867788461538461 0.036057692307692304 0.021634615384615384
0 0.35336538461538464 0.984375 0.0625 0.026442307692307692
0 0.31490384615384615 0.9771634615384616 0.03365384615384615 0.036057692307692304
0 0.36899038461538464 0.9651442307692307 0.021634615384615384 0.026442307692307692
0 0.6971153846153846 0.9338942307692307 0.03365384615384615 0.036057692307692304