0 0.07091346153846154 0.18269230769230768 0.05048076923076923 0.04326923076923077
0 0.028846153846153848 0.18389423076923078 0.028846153846153848 0.026442307692307692
0 0.1045673076923077 0.1875 0.036057692307692304 0.038461538461538464
0 0.22115384615384615 0.21153846153846154 0.057692307692307696 0.052884615384615384
0 0.008413461538461538 0.23798076923076922 0.016826923076923076 0.03365384615384615
0 0.18870192307692307 0.2620192307692308 0.06971153846153846 0.052884615384615384
0 0.03125 0.3786057692307692 0.04326923076923077 0.03125
0 0.640625 0.5853365384615384 0.040865384615384616 0.04567307692307692
0 0.3713942307692308 0.6069711538461539 0.04567307692307692 0.04567307692307692
0 0.6189903846153846 0.036057692307692304 0.06009615384615385 0.0673076923076923
0 0.009615384615384616 0.8966346153846154 0.019230769230769232 0.04326923076923077
0 0.6478365384615384 0.7355769230769231 0.036057692307692304 0.014423076923076924
0 0.7536057692307693 0.7872596153846154 0.06009615384615385 0.04567307692307692
0 0.6742788461538461 0.8353365384615384 0.03125 0.036057692307692304