0 0.20192307692307693 0.13701923076923078 0.052884615384615384 0.028846153846153848
0 0.47596153846153844 0.1658653846153846 0.057692307692307696 0.052884615384615384
0 0.546875 0.008413461538461538 0.040865384615384616 0.016826923076923076
0 0.18389423076923078 0.01201923076923077 0.026442307692307692 0.02403846153846154
0 0.15384615384615385 0.013221153846153846 0.028846153846153848 0.026442307692307692
0 0.19591346153846154 0.039663461538461536 0.05048076923076923 0.036057692307692304
0 0.6478365384615384 0.06009615384615385 0.021634615384615384 0.028846153846153848
0 0.5420673076923077 0.06850961538461539 0.04567307692307692 0.04567307692307692
0 0.6682692307692307 0.1310096153846154 0.019230769230769232 0.06009615384615385
0 0.7391826923076923 0.2620192307692308 0.06971153846153846 0.0673076923076923
0 0.6766826923076923 0.31971153846153844 0.036057692307692304 0.052884615384615384
0 0.1814903846153846 0.6394230769230769 0.06490384615384616 0.057692307692307696
0 0.3425480769230769 0.6694711538461539 0.040865384615384616 0.036057692307692304
0 0.3425480769230769 0.6694711538461539 0.036057692307692304 0.03125
0 0.203125 0.43028846153846156 0.03125 0.038461538461538464
0 0.4675480769230769 0.7764423076923077 0.036057692307692304 0.03365384615384615
0 0.5228365384615384 0.7860576923076923 0.026442307692307692 0.019230769230769232
0 0.46875 0.8569711538461539 0.04326923076923077 0.026442307692307692
0 0.5432692307692307 0.9423076923076923 0.019230769230769232 0.02403846153846154
0 0.3269230769230769 0.4723557692307692 0.028846153846153848 0.021634615384615384
0 0.19591346153846154 0.4735576923076923 0.03125 0.03365384615384615
0 0.29086538461538464 0.49759615384615385 0.02403846153846154 0.02403846153846154
0 0.24879807692307693 0.5096153846153846 0.021634615384615384 0.02403846153846154
0 0.2980769230769231 0.41466346153846156 0.052884615384615384 0.026442307692307692
0 0.203125 0.375 0.03125 0.03365384615384615
0 0.2980769230769231 0.390625 0.052884615384615384 0.026442307692307692