0 0.3269230769230769 0.4110576923076923 0.0673076923076923 0.08653846153846154
0 0.4723557692307692 0.4182692307692308 0.06971153846153846 0.052884615384615384
0 0.5949519230769231 0.4338942307692308 0.09375 0.08413461538461539
0 0.671875 0.49278846153846156 0.11778846153846154 0.10096153846153846
0 0.47836538461538464 0.5180288461538461 0.08653846153846154 0.08413461538461539
0 0.7475961538461539 0.5576923076923077 0.1201923076923077 0.10576923076923077
0 0.49278846153846156 0.6574519230769231 0.052884615384615384 0.040865384615384616
0 0.6225961538461539 0.6742788461538461 0.125 0.06009615384615385
0 0.5612980769230769 0.75 0.06971153846153846 0.0673076923076923
0 0.4891826923076923 0.7800480769230769 0.06009615384615385 0.06009615384615385
0 0.5600961538461539 0.984375 0.07211538461538461 0.026442307692307692
0 0.4879807692307692 0.9711538461538461 0.0625 0.052884615384615384