0 0.5769230769230769 0.36538461538461536 0.038461538461538464 0.038461538461538464
0 0.6682692307692307 0.375 0.0673076923076923 0.04326923076923077
0 0.1310096153846154 0.4182692307692308 0.05048076923076923 0.052884615384615384
0 0.6814903846153846 0.4230769230769231 0.08413461538461539 0.0673076923076923
0 0.7463942307692307 0.44350961538461536 0.05048076923076923 0.036057692307692304
0 0.8040865384615384 0.453125 0.06009615384615385 0.04567307692307692
0 0.18870192307692307 0.4807692307692308 0.06971153846153846 0.057692307692307696
0 0.2668269230769231 0.5012019230769231 0.052884615384615384 0.05048076923076923
0 0.8185096153846154 0.6802884615384616 0.07451923076923077 0.057692307692307696
0 0.7091346153846154 0.7223557692307693 0.0673076923076923 0.04567307692307692
0 0.8173076923076923 0.18629807692307693 0.052884615384615384 0.05048076923076923
0 0.37259615384615385 0.75 0.03365384615384615 0.028846153846153848
0 0.28125 0.7536057692307693 0.07692307692307693 0.05048076923076923
0 0.13581730769230768 0.27283653846153844 0.04567307692307692 0.06971153846153846
0 0.1875 0.3004807692307692 0.052884615384615384 0.052884615384615384
0 0.6514423076923077 0.3317307692307692 0.04326923076923077 0.038461538461538464
0 0.8173076923076923 0.06129807692307692 0.052884615384615384 0.05048076923076923
0 0.3737980769230769 0.9939903846153846 0.036057692307692304 0.007211538461538462
0 0.2824519230769231 0.9867788461538461 0.07932692307692307 0.021634615384615384