0 0.8858173076923077 0.3762019230769231 0.09375 0.06971153846153846
0 0.042067307692307696 0.38461538461538464 0.07451923076923077 0.04326923076923077
0 0.7740384615384616 0.3918269230769231 0.057692307692307696 0.0625
0 0.11899038461538461 0.4026442307692308 0.06009615384615385 0.06009615384615385
0 0.36658653846153844 0.4807692307692308 0.06009615384615385 0.0625
0 0.08173076923076923 0.4831730769230769 0.04326923076923077 0.04326923076923077
0 0.6754807692307693 0.5588942307692307 0.08653846153846154 0.06009615384615385
0 0.8329326923076923 0.5985576923076923 0.06009615384615385 0.052884615384615384
0 0.9158653846153846 0.6237980769230769 0.04326923076923077 0.036057692307692304
0 0.5733173076923077 0.6454326923076923 0.0985576923076923 0.06009615384615385
0 0.84375 0.6454326923076923 0.052884615384615384 0.04567307692307692
0 0.84375 0.7572115384615384 0.04326923076923077 0.052884615384615384
0 0.359375 0.7800480769230769 0.06009615384615385 0.04567307692307692
0 0.7127403846153846 0.7848557692307693 0.06009615384615385 0.05048076923076923
0 0.7536057692307693 0.8161057692307693 0.04567307692307692 0.04567307692307692
0 0.25961538461538464 0.3076923076923077 0.0673076923076923 0.0625
0 0.2536057692307692 0.31009615384615385 0.04567307692307692 0.04326923076923077
0 0.8449519230769231 0.984375 0.04567307692307692 0.026442307692307692
0 0.359375 0.9771634615384616 0.06009615384615385 0.04567307692307692
0 0.7127403846153846 0.9723557692307693 0.06009615384615385 0.05048076923076923
0 0.7536057692307693 0.9411057692307693 0.04567307692307692 0.04567307692307692