0 0.4735576923076923 0.29086538461538464 0.07211538461538461 0.057692307692307696
0 0.0829326923076923 0.3233173076923077 0.06971153846153846 0.06009615384615385
0 0.4807692307692308 0.3557692307692308 0.057692307692307696 0.0625
0 0.057692307692307696 0.36778846153846156 0.0625 0.04326923076923077
0 0.018028846153846152 0.4254807692307692 0.036057692307692304 0.038461538461538464
0 0.10576923076923077 0.5012019230769231 0.0625 0.05048076923076923
0 0.21754807692307693 0.015625 0.05048076923076923 0.03125
0 0.18870192307692307 0.08173076923076923 0.05048076923076923 0.04326923076923077
0 0.29086538461538464 0.17668269230769232 0.057692307692307696 0.05048076923076923
0 0.14182692307692307 0.19951923076923078 0.0625 0.052884615384615384
0 0.42908653846153844 0.9891826923076923 0.05048076923076923 0.021634615384615384
0 0.3173076923076923 0.5865384615384616 0.0625 0.07692307692307693
0 0.4543269230769231 0.7127403846153846 0.0673076923076923 0.06009615384615385