0 0.09014423076923077 0.24759615384615385 0.04567307692307692 0.03365384615384615
0 0.37259615384615385 0.36177884615384615 0.052884615384615384 0.03125
0 0.39903846153846156 0.37740384615384615 0.038461538461538464 0.04807692307692308
0 0.14423076923076922 0.007211538461538462 0.057692307692307696 0.014423076923076924
0 0.06971153846153846 0.014423076923076924 0.057692307692307696 0.028846153846153848
0 0.01201923076923077 0.04927884615384615 0.02403846153846154 0.055288461538461536
0 0.9290865384615384 0.3629807692307692 0.14182692307692307 0.12980769230769232
0 0.6730769230769231 0.4050480769230769 0.20673076923076922 0.2091346153846154
0 0.7043269230769231 0.24639423076923078 0.21634615384615385 0.15625
0 0.9663461538461539 0.7451923076923077 0.0673076923076923 0.15384615384615385
0 0.6490384615384616 0.7524038461538461 0.07692307692307693 0.07211538461538461
0 0.7872596153846154 0.8629807692307693 0.09375 0.07211538461538461
0 0.96875 0.9194711538461539 0.0625 0.1466346153846154