0 0.21754807692307693 0.3425480769230769 0.24759615384615385 0.15144230769230768
0 0.203125 0.34375 0.23798076923076922 0.14903846153846154
0 0.17548076923076922 0.08533653846153846 0.052884615384615384 0.036057692307692304
0 0.21995192307692307 0.13221153846153846 0.04567307692307692 0.038461538461538464
0 0.7475961538461539 0.2091346153846154 0.04807692307692308 0.03365384615384615
0 0.46033653846153844 0.9290865384615384 0.036057692307692304 0.036057692307692304
0 0.7199519230769231 0.7415865384615384 0.06009615384615385 0.036057692307692304
0 0.9543269230769231 0.8449519230769231 0.09134615384615384 0.10336538461538461
0 0.9591346153846154 0.9230769230769231 0.08173076923076923 0.08653846153846154
0 0.9471153846153846 0.9651442307692307 0.028846153846153848 0.03125
0 0.7175480769230769 0.6875 0.036057692307692304 0.038461538461538464