0 0.40865384615384615 0.019230769230769232 0.038461538461538464 0.038461538461538464
0 0.3112980769230769 0.07451923076923077 0.08413461538461539 0.0673076923076923
0 0.2439903846153846 0.0985576923076923 0.040865384615384616 0.028846153846153848
0 0.18870192307692307 0.1045673076923077 0.06009615384615385 0.04567307692307692
0 0.7235576923076923 0.15264423076923078 0.052884615384615384 0.05048076923076923
0 0.5901442307692307 0.23918269230769232 0.05048076923076923 0.04567307692307692
0 0.17427884615384615 0.3317307692307692 0.07451923076923077 0.057692307692307696
0 0.2800480769230769 0.375 0.06490384615384616 0.052884615384615384
0 0.7091346153846154 0.39302884615384615 0.07692307692307693 0.03125
0 0.828125 0.1045673076923077 0.06009615384615385 0.06490384615384616
0 0.9759615384615384 0.109375 0.04807692307692308 0.06009615384615385