0 0.7584134615384616 0.49158653846153844 0.06009615384615385 0.040865384615384616
0 0.8233173076923077 0.5144230769230769 0.04567307692307692 0.07211538461538461
0 0.5288461538461539 0.5516826923076923 0.08653846153846154 0.06009615384615385
0 0.5913461538461539 0.5841346153846154 0.057692307692307696 0.0673076923076923
0 0.8197115384615384 0.6286057692307693 0.057692307692307696 0.06490384615384616
0 0.6081730769230769 0.7391826923076923 0.08653846153846154 0.0889423076923077
0 0.8004807692307693 0.7704326923076923 0.057692307692307696 0.05048076923076923
0 0.515625 0.22115384615384615 0.06971153846153846 0.057692307692307696
0 0.7379807692307693 0.296875 0.057692307692307696 0.05048076923076923
0 0.41947115384615385 0.35216346153846156 0.06971153846153846 0.06490384615384616
0 0.5504807692307693 0.3918269230769231 0.04326923076923077 0.04326923076923077
0 0.4891826923076923 0.4098557692307692 0.05048076923076923 0.05048076923076923
0 0.5600961538461539 0.4375 0.052884615384615384 0.03365384615384615
0 0.609375 0.984375 0.0889423076923077 0.026442307692307692
0 0.8016826923076923 0.9783653846153846 0.06009615384615385 0.038461538461538464
0 0.5144230769230769 0.027644230769230768 0.07211538461538461 0.055288461538461536