0 0.28365384615384615 0.42788461538461536 0.0625 0.057692307692307696
0 0.7127403846153846 0.43028846153846156 0.08413461538461539 0.0625
0 0.5552884615384616 0.47596153846153844 0.057692307692307696 0.038461538461538464
0 0.7283653846153846 0.5216346153846154 0.052884615384615384 0.04326923076923077
0 0.11057692307692307 0.6322115384615384 0.057692307692307696 0.052884615384615384
0 0.3485576923076923 0.7956730769230769 0.057692307692307696 0.038461538461538464
0 0.7536057692307693 0.1935096153846154 0.04567307692307692 0.036057692307692304
0 0.5504807692307693 0.3269230769230769 0.04807692307692308 0.04326923076923077
0 0.8677884615384616 0.33533653846153844 0.0625 0.05048076923076923
0 0.3485576923076923 0.9591346153846154 0.057692307692307696 0.038461538461538464
0 0.7536057692307693 0.054086538461538464 0.04567307692307692 0.036057692307692304