0 0.43028846153846156 0.37259615384615385 0.04326923076923077 0.038461538461538464
0 0.5348557692307693 0.39302884615384615 0.05048076923076923 0.05048076923076923
0 0.3641826923076923 0.40625 0.036057692307692304 0.04326923076923077
0 0.32091346153846156 0.4182692307692308 0.05048076923076923 0.038461538461538464
0 0.4423076923076923 0.4375 0.028846153846153848 0.038461538461538464
0 0.30649038461538464 0.4639423076923077 0.05048076923076923 0.04326923076923077
0 0.4098557692307692 0.4699519230769231 0.036057692307692304 0.026442307692307692
0 0.2860576923076923 0.5 0.04326923076923077 0.028846153846153848
0 0.2860576923076923 0.5480769230769231 0.038461538461538464 0.04326923076923077
0 0.4362980769230769 0.5564903846153846 0.06971153846153846 0.05048076923076923
0 0.7620192307692307 0.5745192307692307 0.057692307692307696 0.057692307692307696
0 0.17307692307692307 0.5985576923076923 0.04326923076923077 0.04326923076923077
0 0.3173076923076923 0.5997596153846154 0.038461538461538464 0.04567307692307692
0 0.6141826923076923 0.6454326923076923 0.04567307692307692 0.05048076923076923
0 0.9050480769230769 0.7151442307692307 0.036057692307692304 0.04567307692307692
0 0.34615384615384615 0.24519230769230768 0.04326923076923077 0.04326923076923077
0 0.5685096153846154 0.2644230769230769 0.036057692307692304 0.038461538461538464
0 0.5084134615384616 0.2860576923076923 0.04567307692307692 0.057692307692307696
0 0.40024038461538464 0.29086538461538464 0.06009615384615385 0.052884615384615384
0 0.30649038461538464 0.3076923076923077 0.05048076923076923 0.052884615384615384
0 0.3737980769230769 0.3269230769230769 0.05048076923076923 0.028846153846153848
0 0.40384615384615385 0.34975961538461536 0.04326923076923077 0.05048076923076923
0 0.26802884615384615 0.3557692307692308 0.04567307692307692 0.03365384615384615
0 0.3473557692307692 0.01201923076923077 0.04567307692307692 0.02403846153846154