0 0.44350961538461536 0.13822115384615385 0.05048076923076923 0.036057692307692304
0 0.25600961538461536 0.16105769230769232 0.04567307692307692 0.04326923076923077
0 0.3701923076923077 0.19230769230769232 0.038461538461538464 0.038461538461538464
0 0.2764423076923077 0.010817307692307692 0.038461538461538464 0.021634615384615384
0 0.42908653846153844 0.014423076923076924 0.04567307692307692 0.028846153846153848
0 0.6177884615384616 0.42788461538461536 0.0625 0.052884615384615384
0 0.796875 0.5264423076923077 0.08413461538461539 0.04326923076923077
0 0.7367788461538461 0.12259615384615384 0.06009615384615385 0.052884615384615384
0 0.040865384615384616 0.9927884615384616 0.052884615384615384 0.014423076923076924
0 0.11778846153846154 0.5600961538461539 0.057692307692307696 0.02403846153846154
0 0.7319711538461539 0.5697115384615384 0.11778846153846154 0.04326923076923077
0 0.5384615384615384 0.578125 0.08653846153846154 0.06009615384615385
0 0.8076923076923077 0.6057692307692307 0.1201923076923077 0.10576923076923077
0 0.5528846153846154 0.7055288461538461 0.052884615384615384 0.040865384615384616
0 0.6826923076923077 0.7223557692307693 0.125 0.06009615384615385
0 0.6213942307692307 0.7980769230769231 0.06971153846153846 0.0673076923076923
0 0.5492788461538461 0.828125 0.06009615384615385 0.06009615384615385