0 0.09134615384615384 0.09495192307692307 0.03365384615384615 0.05048076923076923
0 0.0733173076923077 0.11778846153846154 0.026442307692307692 0.04326923076923077
0 0.47596153846153844 0.16947115384615385 0.08653846153846154 0.06009615384615385
0 0.018028846153846152 0.19471153846153846 0.036057692307692304 0.03365384615384615
0 0.0625 0.20192307692307693 0.052884615384615384 0.057692307692307696
0 0.27283653846153844 0.020432692307692308 0.05048076923076923 0.040865384615384616
0 0.31490384615384615 0.036057692307692304 0.04326923076923077 0.04326923076923077
0 0.26802884615384615 0.07211538461538461 0.05048076923076923 0.052884615384615384
0 0.12980769230769232 0.07451923076923077 0.03365384615384615 0.04326923076923077
0 0.421875 0.08173076923076923 0.11778846153846154 0.11538461538461539
0 0.5072115384615384 0.08774038461538461 0.02403846153846154 0.05048076923076923
0 0.5096153846153846 0.7319711538461539 0.019230769230769232 0.055288461538461536
0 0.32091346153846156 0.7776442307692307 0.06490384615384616 0.04567307692307692
0 0.19591346153846154 0.859375 0.04567307692307692 0.036057692307692304
0 0.39783653846153844 0.9447115384615384 0.06490384615384616 0.0625
0 0.0985576923076923 0.6213942307692307 0.057692307692307696 0.026442307692307692
0 0.25240384615384615 0.6334134615384616 0.08173076923076923 0.05048076923076923
0 0.4795673076923077 0.6790865384615384 0.06490384615384616 0.06490384615384616
0 0.22355769230769232 0.6814903846153846 0.052884615384615384 0.05048076923076923
0 0.3137019230769231 0.6959134615384616 0.06009615384615385 0.055288461538461536
0 0.31850961538461536 0.6959134615384616 0.04567307692307692 0.040865384615384616
0 0.027644230769230768 0.7043269230769231 0.055288461538461536 0.04807692307692308