0 0.3401442307692308 0.40625 0.11778846153846154 0.09615384615384616
0 0.9567307692307693 0.41466346153846156 0.08173076923076923 0.07451923076923077
0 0.09975961538461539 0.4723557692307692 0.05048076923076923 0.06971153846153846
0 0.6117788461538461 0.5060096153846154 0.06971153846153846 0.05048076923076923
0 0.5276442307692307 0.5336538461538461 0.05048076923076923 0.038461538461538464
0 0.43990384615384615 0.6153846153846154 0.0673076923076923 0.0625
0 0.16466346153846154 0.7283653846153846 0.07451923076923077 0.0673076923076923
0 0.8125 0.1875 0.10096153846153846 0.07211538461538461
0 0.19591346153846154 0.8137019230769231 0.07451923076923077 0.06009615384615385
0 0.45072115384615385 0.8317307692307693 0.07451923076923077 0.057692307692307696
0 0.5793269230769231 0.8401442307692307 0.04807692307692308 0.04567307692307692
0 0.21634615384615385 0.21634615384615385 0.08653846153846154 0.052884615384615384
0 0.6826923076923077 0.2283653846153846 0.07692307692307693 0.0625
0 0.5492788461538461 0.2620192307692308 0.07451923076923077 0.0625
0 0.1935096153846154 0.29447115384615385 0.07932692307692307 0.055288461538461536
0 0.328125 0.3088942307692308 0.09375 0.0985576923076923
0 0.16346153846153846 0.36177884615384615 0.0625 0.07451923076923077
0 0.8125 0.057692307692307696 0.10096153846153846 0.07211538461538461
0 0.19591346153846154 0.9435096153846154 0.07451923076923077 0.06009615384615385
0 0.45072115384615385 0.9230769230769231 0.07451923076923077 0.057692307692307696
0 0.5793269230769231 0.9170673076923077 0.04807692307692308 0.04567307692307692
0 0.21634615384615385 0.028846153846153848 0.08653846153846154 0.052884615384615384
0 0.6838942307692307 0.025240384615384616 0.07932692307692307 0.05048076923076923
0 0.5480769230769231 0.008413461538461538 0.07692307692307693 0.016826923076923076