0 0.31971153846153844 0.3233173076923077 0.04326923076923077 0.026442307692307692
0 0.46033653846153844 0.3269230769230769 0.05048076923076923 0.028846153846153848
0 0.08533653846153846 0.3701923076923077 0.07451923076923077 0.0625
0 0.16826923076923078 0.37740384615384615 0.0673076923076923 0.0625
0 0.4495192307692308 0.42427884615384615 0.038461538461538464 0.036057692307692304
0 0.3425480769230769 0.45913461538461536 0.04567307692307692 0.0625
0 0.39663461538461536 0.5336538461538461 0.07692307692307693 0.028846153846153848
0 0.22355769230769232 0.23197115384615385 0.038461538461538464 0.036057692307692304
0 0.484375 0.23197115384615385 0.021634615384615384 0.026442307692307692
0 0.453125 0.23317307692307693 0.036057692307692304 0.03365384615384615
0 0.9290865384615384 0.039663461538461536 0.036057692307692304 0.03125
0 0.8810096153846154 0.040865384615384616 0.026442307692307692 0.028846153846153848
0 0.9639423076923077 0.040865384615384616 0.04326923076923077 0.028846153846153848
0 0.96875 0.08052884615384616 0.04807692307692308 0.040865384615384616
0 0.9891826923076923 0.1346153846153846 0.021634615384615384 0.02403846153846154
0 0.859375 0.1622596153846154 0.036057692307692304 0.03125
0 0.9555288461538461 0.171875 0.04567307692307692 0.036057692307692304
0 0.25721153846153844 0.78125 0.028846153846153848 0.038461538461538464
0 0.671875 0.71875 0.040865384615384616 0.038461538461538464