0 0.0733173076923077 0.24759615384615385 0.06009615384615385 0.08653846153846154
0 0.265625 0.3473557692307692 0.06971153846153846 0.04567307692307692
0 0.31009615384615385 0.3605769230769231 0.038461538461538464 0.052884615384615384
0 0.31971153846153844 0.4675480769230769 0.019230769230769232 0.04567307692307692
0 0.9591346153846154 0.30408653846153844 0.08173076923076923 0.06009615384615385
0 0.984375 0.390625 0.03125 0.08413461538461539
0 0.9110576923076923 0.4338942307692308 0.0625 0.10336538461538461
0 0.6490384615384616 0.44591346153846156 0.07692307692307693 0.07451923076923077
0 0.8100961538461539 0.5300480769230769 0.08653846153846154 0.11778846153846154
0 0.5108173076923077 0.09134615384615384 0.12740384615384615 0.08653846153846154
0 0.6586538461538461 0.5973557692307693 0.07692307692307693 0.040865384615384616
0 0.5084134615384616 0.609375 0.09375 0.016826923076923076
0 0.8269230769230769 0.19110576923076922 0.0673076923076923 0.07932692307692307
0 0.5108173076923077 0.016826923076923076 0.12740384615384615 0.03365384615384615
0 0.2247596153846154 0.9855769230769231 0.026442307692307692 0.028846153846153848
0 0.84375 0.6310096153846154 0.057692307692307696 0.026442307692307692