0 0.40384615384615385 0.36538461538461536 0.057692307692307696 0.028846153846153848
0 0.3317307692307692 0.38461538461538464 0.052884615384615384 0.0625
0 0.33774038461538464 0.3954326923076923 0.05048076923076923 0.036057692307692304
0 0.453125 0.40865384615384615 0.036057692307692304 0.057692307692307696
0 0.3125 0.4362980769230769 0.0625 0.036057692307692304
0 0.4050480769230769 0.44471153846153844 0.036057692307692304 0.03365384615384615
0 0.4375 0.4651442307692308 0.04326923076923077 0.036057692307692304
0 0.24519230769230768 0.47115384615384615 0.03365384615384615 0.03365384615384615
0 0.3641826923076923 0.5829326923076923 0.06971153846153846 0.06009615384615385
0 0.3233173076923077 0.6322115384615384 0.08413461538461539 0.0673076923076923
0 0.5384615384615384 0.6838942307692307 0.0673076923076923 0.04567307692307692
0 0.3269230769230769 0.3245192307692308 0.0625 0.04326923076923077