0 0.052884615384615384 0.14543269230769232 0.07692307692307693 0.07451923076923077
0 0.13822115384615385 0.14903846153846154 0.04567307692307692 0.0625
0 0.025240384615384616 0.21394230769230768 0.05048076923076923 0.0673076923076923
0 0.09975961538461539 0.22235576923076922 0.06009615384615385 0.05048076923076923
0 0.046875 0.3233173076923077 0.036057692307692304 0.06009615384615385
0 0.054086538461538464 0.4723557692307692 0.06971153846153846 0.06009615384615385
0 0.4735576923076923 0.15384615384615385 0.038461538461538464 0.038461538461538464
0 0.43990384615384615 0.2548076923076923 0.04326923076923077 0.04326923076923077
0 0.4807692307692308 0.27403846153846156 0.04326923076923077 0.038461538461538464
0 0.4567307692307692 0.3112980769230769 0.04326923076923077 0.04567307692307692
0 0.4543269230769231 0.4014423076923077 0.03365384615384615 0.03365384615384615
0 0.4855769230769231 0.5120192307692307 0.028846153846153848 0.03365384615384615
0 0.30649038461538464 0.8810096153846154 0.08413461538461539 0.05048076923076923
0 0.9182692307692307 0.7451923076923077 0.0625 0.057692307692307696