0 0.43028846153846156 0.2920673076923077 0.052884615384615384 0.04567307692307692
0 0.42788461538461536 0.32211538461538464 0.0625 0.038461538461538464
0 0.2848557692307692 0.33413461538461536 0.12740384615384615 0.09615384615384616
0 0.37259615384615385 0.35336538461538464 0.038461538461538464 0.04326923076923077
0 0.24158653846153846 0.46033653846153844 0.05048076923076923 0.040865384615384616
0 0.3293269230769231 0.4639423076923077 0.0625 0.04326923076923077
0 0.09975961538461539 0.47836538461538464 0.036057692307692304 0.038461538461538464
0 0.36899038461538464 0.484375 0.036057692307692304 0.03125
0 0.34134615384615385 0.49158653846153844 0.04326923076923077 0.016826923076923076
0 0.18629807692307693 0.12860576923076922 0.04567307692307692 0.06009615384615385
0 0.24278846153846154 0.21514423076923078 0.0625 0.06009615384615385
0 0.6033653846153846 0.25841346153846156 0.057692307692307696 0.04567307692307692
0 0.5336538461538461 0.030048076923076924 0.04326923076923077 0.036057692307692304
0 0.375 0.7211538461538461 0.057692307692307696 0.04326923076923077
0 0.5276442307692307 0.5901442307692307 0.07451923076923077 0.06971153846153846
0 0.6009615384615384 0.5528846153846154 0.08653846153846154 0.10096153846153846