0 0.25961538461538464 0.1658653846153846 0.0673076923076923 0.08653846153846154
0 0.11658653846153846 0.17307692307692307 0.06971153846153846 0.052884615384615384
0 0.020432692307692308 0.18870192307692307 0.040865384615384616 0.08413461538461539
0 0.10817307692307693 0.27283653846153844 0.08653846153846154 0.08413461538461539
0 0.040865384615384616 0.36899038461538464 0.08173076923076923 0.08413461538461539
0 0.9170673076923077 0.24759615384615385 0.021634615384615384 0.02403846153846154
0 0.96875 0.3016826923076923 0.03365384615384615 0.03125
0 0.21033653846153846 0.7704326923076923 0.05048076923076923 0.06009615384615385
0 0.014423076923076924 0.8221153846153846 0.028846153846153848 0.052884615384615384
0 0.039663461538461536 0.8725961538461539 0.04567307692307692 0.038461538461538464
0 0.41947115384615385 0.8786057692307693 0.055288461538461536 0.06009615384615385
0 0.5168269230769231 0.9158653846153846 0.014423076923076924 0.04807692307692308