0 0.3798076923076923 0.33533653846153844 0.038461538461538464 0.036057692307692304
0 0.12740384615384615 0.39663461538461536 0.04326923076923077 0.03365384615384615
0 0.2512019230769231 0.40024038461538464 0.06009615384615385 0.04567307692307692
0 0.33774038461538464 0.41586538461538464 0.04567307692307692 0.038461538461538464
0 0.3858173076923077 0.421875 0.026442307692307692 0.04567307692307692
0 0.16466346153846154 0.4579326923076923 0.04567307692307692 0.04567307692307692
0 0.2824519230769231 0.10576923076923077 0.04567307692307692 0.03365384615384615
0 0.14182692307692307 0.11778846153846154 0.03365384615384615 0.028846153846153848
0 0.18028846153846154 0.13221153846153846 0.038461538461538464 0.03365384615384615
0 0.328125 0.15384615384615385 0.036057692307692304 0.03365384615384615
0 0.036057692307692304 0.24759615384615385 0.057692307692307696 0.057692307692307696
0 0.2824519230769231 0.019230769230769232 0.04567307692307692 0.03365384615384615
0 0.14182692307692307 0.010817307692307692 0.03365384615384615 0.021634615384615384
0 0.18028846153846154 0.004807692307692308 0.038461538461538464 0.009615384615384616
0 0.6706730769230769 0.054086538461538464 0.052884615384615384 0.06009615384615385
0 0.5036057692307693 0.12980769230769232 0.04567307692307692 0.038461538461538464
0 0.5300480769230769 0.2127403846153846 0.06009615384615385 0.06009615384615385
0 0.9014423076923077 0.4110576923076923 0.07692307692307693 0.0625
0 0.9459134615384616 0.7295673076923077 0.05048076923076923 0.06009615384615385
0 0.7451923076923077 0.78125 0.038461538461538464 0.052884615384615384
0 0.7752403846153846 0.8317307692307693 0.04567307692307692 0.038461538461538464