0 0.49399038461538464 0.018028846153846152 0.09375 0.036057692307692304
0 0.013221153846153846 0.10576923076923077 0.026442307692307692 0.08653846153846154
0 0.6201923076923077 0.2536057692307692 0.038461538461538464 0.06971153846153846
0 0.5661057692307693 0.3701923076923077 0.10817307692307693 0.057692307692307696
0 0.04807692307692308 0.7668269230769231 0.038461538461538464 0.03365384615384615
0 0.4014423076923077 0.9783653846153846 0.038461538461538464 0.03365384615384615
0 0.6754807692307693 0.6177884615384616 0.0625 0.04807692307692308
0 0.7403846153846154 0.7007211538461539 0.052884615384615384 0.05048076923076923
0 0.7668269230769231 0.7596153846153846 0.0673076923076923 0.04807692307692308
0 0.9795673076923077 0.8870192307692307 0.040865384615384616 0.04326923076923077
0 0.9663461538461539 0.4074519230769231 0.0673076923076923 0.016826923076923076
0 0.6490384615384616 0.4675480769230769 0.019230769230769232 0.06490384615384616
0 0.9795673076923077 0.9783653846153846 0.040865384615384616 0.04326923076923077