0 0.1346153846153846 0.29927884615384615 0.038461538461538464 0.026442307692307692
0 0.19591346153846154 0.30288461538461536 0.021634615384615384 0.019230769230769232
0 0.46875 0.328125 0.03365384615384615 0.026442307692307692
0 0.35336538461538464 0.3605769230769231 0.028846153846153848 0.028846153846153848
0 0.32572115384615385 0.3629807692307692 0.036057692307692304 0.03365384615384615
0 0.08413461538461539 0.3894230769230769 0.03365384615384615 0.028846153846153848
0 0.421875 0.4074519230769231 0.026442307692307692 0.021634615384615384
0 0.4543269230769231 0.421875 0.028846153846153848 0.016826923076923076
0 0.45552884615384615 0.4387019230769231 0.026442307692307692 0.016826923076923076
0 0.38822115384615385 0.4411057692307692 0.026442307692307692 0.016826923076923076
0 0.3858173076923077 0.46274038461538464 0.021634615384615384 0.016826923076923076
0 0.21033653846153846 0.46875 0.026442307692307692 0.03365384615384615
0 0.3473557692307692 0.5072115384615384 0.026442307692307692 0.019230769230769232
0 0.05889423076923077 0.5228365384615384 0.026442307692307692 0.021634615384615384
0 0.36538461538461536 0.546875 0.028846153846153848 0.021634615384615384
0 0.17668269230769232 0.5709134615384616 0.026442307692307692 0.016826923076923076
0 0.33653846153846156 0.5709134615384616 0.019230769230769232 0.021634615384615384
0 0.3137019230769231 0.5745192307692307 0.026442307692307692 0.019230769230769232
0 0.21995192307692307 0.5829326923076923 0.021634615384615384 0.016826923076923076
0 0.21634615384615385 0.5949519230769231 0.019230769230769232 0.016826923076923076
0 0.12379807692307693 0.6009615384615384 0.026442307692307692 0.014423076923076924
0 0.3449519230769231 0.6009615384615384 0.021634615384615384 0.014423076923076924
0 0.7223557692307693 0.3125 0.05048076923076923 0.04326923076923077
0 0.8209134615384616 0.3329326923076923 0.05048076923076923 0.040865384615384616
0 0.9783653846153846 0.40625 0.04326923076923077 0.04807692307692308
0 0.9807692307692307 0.030048076923076924 0.038461538461538464 0.06009615384615385
0 0.6610576923076923 0.09615384615384616 0.0625 0.04326923076923077
0 0.6165865384615384 0.14543269230769232 0.05048076923076923 0.040865384615384616
0 0.6358173076923077 0.25841346153846156 0.036057692307692304 0.040865384615384616
0 0.5180288461538461 0.27403846153846156 0.016826923076923076 0.057692307692307696
0 0.12139423076923077 0.6670673076923077 0.13221153846153846 0.11778846153846154
0 0.03125 0.6754807692307693 0.04326923076923077 0.04326923076923077
0 0.3112980769230769 0.7007211538461539 0.05048076923076923 0.05048076923076923
0 0.9495192307692307 0.953125 0.052884615384615384 0.055288461538461536
0 0.9783653846153846 0.7716346153846154 0.04326923076923077 0.0625