0 0.65625 0.15745192307692307 0.028846153846153848 0.021634615384615384
0 0.7427884615384616 0.17908653846153846 0.019230769230769232 0.021634615384615384
0 0.6802884615384616 0.27403846153846156 0.03365384615384615 0.02403846153846154
0 0.7980769230769231 0.28725961538461536 0.028846153846153848 0.021634615384615384
0 0.8257211538461539 0.34615384615384615 0.016826923076923076 0.019230769230769232
0 0.8557692307692307 0.3918269230769231 0.02403846153846154 0.02403846153846154
0 0.7463942307692307 0.39663461538461536 0.021634615384615384 0.038461538461538464
0 0.6045673076923077 0.40024038461538464 0.026442307692307692 0.021634615384615384
0 0.47596153846153844 0.44711538461538464 0.028846153846153848 0.019230769230769232
0 0.7836538461538461 0.5036057692307693 0.019230769230769232 0.021634615384615384
0 0.5540865384615384 0.12740384615384615 0.021634615384615384 0.019230769230769232
0 0.18269230769230768 0.6971153846153846 0.10096153846153846 0.09134615384615384
0 0.14302884615384615 0.7415865384615384 0.07932692307692307 0.08413461538461539
0 0.24639423076923078 0.9603365384615384 0.10817307692307693 0.07932692307692307
0 0.7367788461538461 0.8521634615384616 0.040865384615384616 0.03125
0 0.59375 0.8942307692307693 0.028846153846153848 0.02403846153846154