0 0.09735576923076923 0.18629807692307693 0.06490384615384616 0.06971153846153846
0 0.014423076923076924 0.32211538461538464 0.028846153846153848 0.0625
0 0.11899038461538461 0.006009615384615385 0.04567307692307692 0.01201923076923077
0 0.15504807692307693 0.037259615384615384 0.055288461538461536 0.06490384615384616
0 0.9879807692307693 0.31009615384615385 0.02403846153846154 0.03365384615384615
0 0.8293269230769231 0.6875 0.04326923076923077 0.04326923076923077
0 0.9387019230769231 0.6983173076923077 0.03125 0.03125
0 0.8737980769230769 0.7548076923076923 0.021634615384615384 0.02403846153846154
0 0.6081730769230769 0.7644230769230769 0.038461538461538464 0.03365384615384615
0 0.9939903846153846 0.78125 0.01201923076923077 0.028846153846153848
0 0.6009615384615384 0.7860576923076923 0.02403846153846154 0.02403846153846154
0 0.6201923076923077 0.8028846153846154 0.02403846153846154 0.019230769230769232
0 0.6622596153846154 0.8112980769230769 0.036057692307692304 0.036057692307692304
0 0.9170673076923077 0.8112980769230769 0.03125 0.036057692307692304
0 0.8377403846153846 0.8149038461538461 0.040865384615384616 0.03365384615384615
0 0.6670673076923077 0.9903846153846154 0.040865384615384616 0.019230769230769232
0 0.59375 0.9939903846153846 0.052884615384615384 0.01201923076923077
0 0.9014423076923077 0.6213942307692307 0.038461538461538464 0.036057692307692304