0 0.4567307692307692 0.36658653846153844 0.052884615384615384 0.036057692307692304
0 0.26802884615384615 0.3894230769230769 0.04567307692307692 0.04326923076923077
0 0.5240384615384616 0.39302884615384615 0.03365384615384615 0.036057692307692304
0 0.38221153846153844 0.4206730769230769 0.038461538461538464 0.038461538461538464
0 0.6069711538461539 0.42908653846153844 0.036057692307692304 0.036057692307692304
0 0.5877403846153846 0.6177884615384616 0.036057692307692304 0.028846153846153848
0 0.38341346153846156 0.17427884615384615 0.026442307692307692 0.036057692307692304
0 0.42908653846153844 0.18990384615384615 0.036057692307692304 0.03365384615384615
0 0.2764423076923077 0.19230769230769232 0.04326923076923077 0.038461538461538464
0 0.3485576923076923 0.2091346153846154 0.038461538461538464 0.03365384615384615
0 0.28846153846153844 0.23557692307692307 0.038461538461538464 0.028846153846153848
0 0.4411057692307692 0.23798076923076922 0.04567307692307692 0.038461538461538464
0 0.42427884615384615 0.13581730769230768 0.04567307692307692 0.026442307692307692
0 0.6177884615384616 0.24879807692307693 0.03365384615384615 0.04567307692307692
0 0.5336538461538461 0.2848557692307692 0.052884615384615384 0.04567307692307692
0 0.38341346153846156 0.0733173076923077 0.026442307692307692 0.036057692307692304
0 0.42908653846153844 0.055288461538461536 0.036057692307692304 0.03365384615384615
0 0.2764423076923077 0.052884615384615384 0.04326923076923077 0.038461538461538464
0 0.3485576923076923 0.036057692307692304 0.038461538461538464 0.03365384615384615
0 0.28966346153846156 0.013221153846153846 0.040865384615384616 0.026442307692307692
0 0.43990384615384615 0.014423076923076924 0.04807692307692308 0.028846153846153848
0 0.42427884615384615 0.11177884615384616 0.04567307692307692 0.026442307692307692
0 0.6189903846153846 0.010817307692307692 0.036057692307692304 0.021634615384615384