0 0.3245192307692308 0.5036057692307693 0.038461538461538464 0.026442307692307692
0 0.3858173076923077 0.5072115384615384 0.021634615384615384 0.019230769230769232
0 0.6586538461538461 0.5324519230769231 0.03365384615384615 0.026442307692307692
0 0.5432692307692307 0.5649038461538461 0.028846153846153848 0.028846153846153848
0 0.515625 0.5673076923076923 0.036057692307692304 0.03365384615384615
0 0.27403846153846156 0.59375 0.03365384615384615 0.028846153846153848
0 0.6117788461538461 0.6117788461538461 0.026442307692307692 0.021634615384615384
0 0.6442307692307693 0.6262019230769231 0.028846153846153848 0.016826923076923076
0 0.6454326923076923 0.6430288461538461 0.026442307692307692 0.016826923076923076
0 0.578125 0.6454326923076923 0.026442307692307692 0.016826923076923076
0 0.7103365384615384 0.6586538461538461 0.021634615384615384 0.019230769230769232
0 0.5757211538461539 0.6670673076923077 0.021634615384615384 0.016826923076923076
0 0.40024038461538464 0.6730769230769231 0.026442307692307692 0.03365384615384615
0 0.5372596153846154 0.7115384615384616 0.026442307692307692 0.019230769230769232
0 0.24879807692307693 0.7271634615384616 0.026442307692307692 0.021634615384615384
0 0.5552884615384616 0.7512019230769231 0.028846153846153848 0.021634615384615384
0 0.36658653846153844 0.7752403846153846 0.026442307692307692 0.016826923076923076
0 0.5264423076923077 0.7752403846153846 0.019230769230769232 0.021634615384615384
0 0.5036057692307693 0.7788461538461539 0.026442307692307692 0.019230769230769232
0 0.4098557692307692 0.7872596153846154 0.021634615384615384 0.016826923076923076
0 0.40625 0.7992788461538461 0.019230769230769232 0.016826923076923076
0 0.3137019230769231 0.8076923076923077 0.026442307692307692 0.019230769230769232
0 0.5348557692307693 0.8076923076923077 0.021634615384615384 0.019230769230769232
0 0.390625 0.8257211538461539 0.026442307692307692 0.026442307692307692
0 0.4831730769230769 0.8257211538461539 0.028846153846153848 0.026442307692307692
0 0.5564903846153846 0.9951923076923077 0.03125 0.004807692307692308
0 0.36658653846153844 0.9819711538461539 0.026442307692307692 0.016826923076923076
0 0.5264423076923077 0.9819711538461539 0.019230769230769232 0.021634615384615384
0 0.5036057692307693 0.9759615384615384 0.026442307692307692 0.019230769230769232
0 0.4098557692307692 0.9699519230769231 0.021634615384615384 0.016826923076923076
0 0.40625 0.9579326923076923 0.019230769230769232 0.016826923076923076
0 0.3137019230769231 0.9471153846153846 0.026442307692307692 0.019230769230769232
0 0.5348557692307693 0.9471153846153846 0.021634615384615384 0.019230769230769232
0 0.390625 0.9314903846153846 0.026442307692307692 0.026442307692307692
0 0.4831730769230769 0.9314903846153846 0.028846153846153848 0.026442307692307692