0 0.39663461538461536 0.46634615384615385 0.052884615384615384 0.0625
0 0.42788461538461536 0.5048076923076923 0.04326923076923077 0.052884615384615384
0 0.30649038461538464 0.515625 0.06971153846153846 0.04567307692307692
0 0.25961538461538464 0.5564903846153846 0.0673076923076923 0.04567307692307692
0 0.35697115384615385 0.5733173076923077 0.06009615384615385 0.036057692307692304
0 0.4074519230769231 0.5757211538461539 0.036057692307692304 0.036057692307692304
0 0.15264423076923078 0.1658653846153846 0.04567307692307692 0.04326923076923077
0 0.12379807692307693 0.2247596153846154 0.04567307692307692 0.04567307692307692
0 0.17307692307692307 0.3858173076923077 0.04326923076923077 0.036057692307692304
0 0.2548076923076923 0.44471153846153844 0.0625 0.038461538461538464
0 0.3641826923076923 0.44591346153846156 0.05048076923076923 0.06009615384615385
0 0.15264423076923078 0.05048076923076923 0.04567307692307692 0.04326923076923077
0 0.12259615384615384 0.008413461538461538 0.04807692307692308 0.016826923076923076
0 0.5432692307692307 0.35336538461538464 0.052884615384615384 0.038461538461538464
0 0.7067307692307693 0.36778846153846156 0.038461538461538464 0.028846153846153848
0 0.5997596153846154 0.4170673076923077 0.04567307692307692 0.036057692307692304
0 0.7644230769230769 0.47836538461538464 0.04807692307692308 0.038461538461538464
0 0.49759615384615385 0.8677884615384616 0.02403846153846154 0.04326923076923077
0 0.15985576923076922 0.90625 0.04567307692307692 0.038461538461538464
0 0.06129807692307692 0.9399038461538461 0.04567307692307692 0.038461538461538464
0 0.17908653846153846 0.9663461538461539 0.036057692307692304 0.04326923076923077
0 0.2692307692307692 0.9915865384615384 0.04807692307692308 0.016826923076923076
0 0.11899038461538461 0.9963942307692307 0.06009615384615385 0.007211538461538462
0 0.3786057692307692 0.7740384615384616 0.06490384615384616 0.0673076923076923
0 0.18509615384615385 0.8137019230769231 0.04807692307692308 0.04567307692307692
0 0.6490384615384616 0.7235576923076923 0.09134615384615384 0.10576923076923077