0 0.27403846153846156 0.15384615384615385 0.038461538461538464 0.028846153846153848
0 0.4699519230769231 0.17548076923076922 0.05048076923076923 0.057692307692307696
0 0.2548076923076923 0.20072115384615385 0.04326923076923077 0.036057692307692304
0 0.28846153846153844 0.20072115384615385 0.03365384615384615 0.036057692307692304
0 0.4014423076923077 0.32091346153846156 0.057692307692307696 0.06009615384615385
0 0.4110576923076923 0.009615384615384616 0.07692307692307693 0.019230769230769232
0 0.5108173076923077 0.028846153846153848 0.07451923076923077 0.057692307692307696
0 0.9122596153846154 0.1814903846153846 0.16105769230769232 0.13221153846153846
0 0.765625 0.5288461538461539 0.03125 0.04807692307692308
0 0.9338942307692307 0.7127403846153846 0.026442307692307692 0.026442307692307692
0 0.7908653846153846 0.3918269230769231 0.038461538461538464 0.028846153846153848
0 0.9314903846153846 0.4362980769230769 0.036057692307692304 0.036057692307692304