0 0.16826923076923078 0.15625 0.03365384615384615 0.028846153846153848
0 0.46875 0.46153846153846156 0.028846153846153848 0.038461538461538464
0 0.3016826923076923 0.1622596153846154 0.04567307692307692 0.036057692307692304
0 0.7043269230769231 0.5637019230769231 0.07692307692307693 0.06009615384615385
0 0.4026442307692308 0.578125 0.10336538461538461 0.07932692307692307
0 0.33052884615384615 0.7007211538461539 0.06971153846153846 0.06009615384615385
0 0.21754807692307693 0.7019230769230769 0.07451923076923077 0.0625
0 0.42908653846153844 0.7259615384615384 0.11778846153846154 0.0673076923076923
0 0.5673076923076923 0.7920673076923077 0.057692307692307696 0.06009615384615385
0 0.31850961538461536 0.8185096153846154 0.06009615384615385 0.04567307692307692
0 0.4375 0.8461538461538461 0.0625 0.052884615384615384
0 0.6177884615384616 0.20072115384615385 0.0625 0.04567307692307692
0 0.3605769230769231 0.265625 0.057692307692307696 0.026442307692307692
0 0.33774038461538464 0.33052884615384615 0.08413461538461539 0.07451923076923077
0 0.6778846153846154 0.34134615384615385 0.052884615384615384 0.04326923076923077
0 0.4230769230769231 0.3762019230769231 0.038461538461538464 0.036057692307692304
0 0.5012019230769231 0.40865384615384615 0.036057692307692304 0.028846153846153848
0 0.16826923076923078 0.0889423076923077 0.03365384615384615 0.028846153846153848
0 0.3016826923076923 0.08533653846153846 0.04567307692307692 0.036057692307692304
0 0.5673076923076923 0.9651442307692307 0.057692307692307696 0.06009615384615385
0 0.31850961538461536 0.9387019230769231 0.06009615384615385 0.04567307692307692
0 0.4375 0.9086538461538461 0.0625 0.052884615384615384
0 0.6177884615384616 0.046875 0.0625 0.04567307692307692