0 0.5540865384615384 0.53125 0.04567307692307692 0.03365384615384615
0 0.8365384615384616 0.6454326923076923 0.052884615384615384 0.03125
0 0.8629807692307693 0.6610576923076923 0.038461538461538464 0.04807692307692308
0 0.3641826923076923 0.7379807692307693 0.04567307692307692 0.03365384615384615
0 0.38100961538461536 0.20072115384615385 0.07451923076923077 0.06009615384615385
0 0.6646634615384616 0.2247596153846154 0.05048076923076923 0.040865384615384616
0 0.6081730769230769 0.2848557692307692 0.057692307692307696 0.026442307692307692
0 0.5336538461538461 0.29447115384615385 0.057692307692307696 0.036057692307692304
0 0.46634615384615385 0.3329326923076923 0.04326923076923077 0.055288461538461536
0 0.36658653846153844 0.42788461538461536 0.05048076923076923 0.03365384615384615
0 0.38100961538461536 0.046875 0.07451923076923077 0.06009615384615385
0 0.6646634615384616 0.02283653846153846 0.05048076923076923 0.040865384615384616