0 0.640625 0.06971153846153846 0.06490384615384616 0.04807692307692308
0 0.5408653846153846 0.07211538461538461 0.04326923076923077 0.038461538461538464
0 0.3269230769230769 0.18269230769230768 0.04326923076923077 0.028846153846153848
0 0.5276442307692307 0.203125 0.04567307692307692 0.03125
0 0.5985576923076923 0.21514423076923078 0.03365384615384615 0.03125
0 0.9302884615384616 0.16105769230769232 0.03365384615384615 0.028846153846153848
0 0.8786057692307693 0.265625 0.026442307692307692 0.03125
0 0.4795673076923077 0.7680288461538461 0.04567307692307692 0.040865384615384616
0 0.5336538461538461 0.8497596153846154 0.057692307692307696 0.055288461538461536
0 0.5661057692307693 0.9350961538461539 0.036057692307692304 0.04326923076923077
0 0.3401442307692308 0.46274038461538464 0.04567307692307692 0.036057692307692304
0 0.35336538461538464 0.49759615384615385 0.04807692307692308 0.038461538461538464
0 0.3088942307692308 0.5048076923076923 0.04567307692307692 0.057692307692307696
0 0.40625 0.5444711538461539 0.04807692307692308 0.04567307692307692
0 0.42427884615384615 0.6298076923076923 0.07932692307692307 0.052884615384615384