0 0.3918269230769231 0.09975961538461539 0.038461538461538464 0.036057692307692304
0 0.018028846153846152 0.10336538461538461 0.03125 0.04807692307692308
0 0.18629807692307693 0.28725961538461536 0.026442307692307692 0.026442307692307692
0 0.43149038461538464 0.3425480769230769 0.036057692307692304 0.04567307692307692
0 0.46153846153846156 0.35336538461538464 0.057692307692307696 0.04326923076923077
0 0.18389423076923078 0.014423076923076924 0.036057692307692304 0.028846153846153848
0 0.53125 0.013221153846153846 0.038461538461538464 0.026442307692307692
0 0.609375 0.5072115384615384 0.06009615384615385 0.052884615384615384
0 0.23557692307692307 0.9639423076923077 0.03365384615384615 0.038461538461538464
0 0.265625 0.9903846153846154 0.036057692307692304 0.019230769230769232
0 0.6225961538461539 0.7247596153846154 0.057692307692307696 0.04567307692307692
0 0.765625 0.7800480769230769 0.040865384615384616 0.040865384615384616
0 0.6526442307692307 0.9338942307692307 0.040865384615384616 0.040865384615384616