0 0.5757211538461539 0.39302884615384615 0.06490384615384616 0.06009615384615385
0 0.8713942307692307 0.41466346153846156 0.0889423076923077 0.06971153846153846
0 0.5288461538461539 0.43509615384615385 0.0673076923076923 0.052884615384615384
0 0.14543269230769232 0.4579326923076923 0.05048076923076923 0.04567307692307692
0 0.20432692307692307 0.48197115384615385 0.057692307692307696 0.04567307692307692
0 0.5877403846153846 0.4963942307692308 0.036057692307692304 0.036057692307692304
0 0.7271634615384616 0.5024038461538461 0.06009615384615385 0.08653846153846154
0 0.15985576923076922 0.5600961538461539 0.06009615384615385 0.038461538461538464
0 0.8221153846153846 0.5625 0.038461538461538464 0.038461538461538464
0 0.7620192307692307 0.5805288461538461 0.038461538461538464 0.036057692307692304
0 0.22235576923076922 0.5997596153846154 0.021634615384615384 0.026442307692307692
0 0.5348557692307693 0.6021634615384616 0.06971153846153846 0.04567307692307692
0 0.39302884615384615 0.6069711538461539 0.06009615384615385 0.06971153846153846
0 0.9242788461538461 0.6141826923076923 0.07451923076923077 0.06971153846153846
0 0.4795673076923077 0.6153846153846154 0.06009615384615385 0.052884615384615384
0 0.24278846153846154 0.6658653846153846 0.038461538461538464 0.038461538461538464
0 0.16466346153846154 0.6923076923076923 0.04567307692307692 0.028846153846153848
0 0.4254807692307692 0.7151442307692307 0.0625 0.036057692307692304
0 0.46153846153846156 0.7247596153846154 0.052884615384615384 0.04567307692307692
0 0.4579326923076923 0.765625 0.04567307692307692 0.040865384615384616
0 0.13581730769230768 0.1971153846153846 0.04567307692307692 0.038461538461538464
0 0.33653846153846156 0.20552884615384615 0.04807692307692308 0.05048076923076923
0 0.7235576923076923 0.31009615384615385 0.0673076923076923 0.052884615384615384
0 0.36658653846153844 0.3269230769230769 0.05048076923076923 0.038461538461538464
0 0.8665865384615384 0.3329326923076923 0.06490384615384616 0.06490384615384616
0 0.7487980769230769 0.359375 0.04567307692307692 0.04567307692307692
0 0.4567307692307692 0.9831730769230769 0.04807692307692308 0.028846153846153848
0 0.13581730769230768 0.04807692307692308 0.04567307692307692 0.038461538461538464
0 0.33653846153846156 0.042067307692307696 0.04807692307692308 0.05048076923076923