0 0.3016826923076923 0.6382211538461539 0.07451923076923077 0.07932692307692307
0 0.2439903846153846 0.7608173076923077 0.06971153846153846 0.06009615384615385
0 0.1310096153846154 0.7620192307692307 0.07451923076923077 0.0625
0 0.3112980769230769 0.7860576923076923 0.055288461538461536 0.0673076923076923
0 0.23197115384615385 0.8786057692307693 0.06009615384615385 0.04567307692307692
0 0.3293269230769231 0.90625 0.019230769230769232 0.052884615384615384
0 0.2512019230769231 0.390625 0.08413461538461539 0.07451923076923077
0 0.328125 0.4362980769230769 0.021634615384615384 0.036057692307692304
0 0.23197115384615385 0.9879807692307693 0.06009615384615385 0.02403846153846154
0 0.3293269230769231 0.96875 0.019230769230769232 0.052884615384615384
0 0.5673076923076923 0.48677884615384615 0.07692307692307693 0.05048076923076923
0 0.6334134615384616 0.4987980769230769 0.08413461538461539 0.07451923076923077
0 0.6899038461538461 0.6117788461538461 0.0673076923076923 0.05048076923076923
0 0.5564903846153846 0.6262019230769231 0.06490384615384616 0.040865384615384616
0 0.7740384615384616 0.703125 0.057692307692307696 0.04567307692307692
0 0.5961538461538461 0.7524038461538461 0.052884615384615384 0.057692307692307696