0 0.39302884615384615 0.4723557692307692 0.06971153846153846 0.06009615384615385
0 0.4326923076923077 0.47475961538461536 0.0625 0.06009615384615385
0 0.27403846153846156 0.5 0.052884615384615384 0.04326923076923077
0 0.28846153846153844 0.5276442307692307 0.038461538461538464 0.026442307692307692
0 0.5288461538461539 0.5625 0.0625 0.04807692307692308
0 0.296875 0.5709134615384616 0.04567307692307692 0.03125
0 0.3918269230769231 0.5889423076923077 0.057692307692307696 0.03365384615384615
0 0.34975961538461536 0.6201923076923077 0.04567307692307692 0.04326923076923077
0 0.59375 0.6454326923076923 0.052884615384615384 0.05048076923076923
0 0.6201923076923077 0.7043269230769231 0.0673076923076923 0.04807692307692308
0 0.13942307692307693 0.7091346153846154 0.0625 0.057692307692307696
0 0.8701923076923077 0.7920673076923077 0.038461538461538464 0.05048076923076923
0 0.5180288461538461 0.18870192307692307 0.07451923076923077 0.05048076923076923
0 0.8461538461538461 0.8317307692307693 0.0673076923076923 0.04326923076923077
0 0.23197115384615385 0.27524038461538464 0.06971153846153846 0.040865384615384616
0 0.8209134615384616 0.33052884615384615 0.06971153846153846 0.06009615384615385
0 0.47716346153846156 0.41225961538461536 0.06971153846153846 0.06490384615384616
0 0.8701923076923077 0.9651442307692307 0.038461538461538464 0.05048076923076923
0 0.5180288461538461 0.05889423076923077 0.07451923076923077 0.05048076923076923
0 0.8461538461538461 0.9230769230769231 0.0673076923076923 0.04326923076923077