0 0.2848557692307692 0.14783653846153846 0.055288461538461536 0.05048076923076923
0 0.6237980769230769 0.5204326923076923 0.24759615384615385 0.31971153846153844
0 0.609375 0.5240384615384616 0.23798076923076922 0.32211538461538464
0 0.39783653846153844 0.6189903846153846 0.14182692307692307 0.13701923076923078
0 0.5817307692307693 0.17908653846153846 0.052884615384615384 0.036057692307692304
0 0.6262019230769231 0.22596153846153846 0.04567307692307692 0.038461538461538464
0 0.33052884615384615 0.27884615384615385 0.05048076923076923 0.03365384615384615
0 0.36778846153846156 0.3161057692307692 0.03365384615384615 0.04567307692307692
0 0.2848557692307692 0.09975961538461539 0.055288461538461536 0.05048076923076923
0 0.5817307692307693 0.06850961538461539 0.052884615384615384 0.036057692307692304
0 0.6262019230769231 0.019230769230769232 0.04567307692307692 0.038461538461538464