0 0.6730769230769231 0.375 0.07692307692307693 0.08653846153846154
0 0.7776442307692307 0.037259615384615384 0.021634615384615384 0.036057692307692304
0 0.7644230769230769 0.578125 0.04807692307692308 0.040865384615384616
0 0.7223557692307693 0.1502403846153846 0.05048076923076923 0.04567307692307692
0 0.8004807692307693 0.09014423076923077 0.02403846153846154 0.036057692307692304
0 0.3870192307692308 0.6802884615384616 0.038461538461538464 0.04326923076923077
0 0.5769230769230769 0.6826923076923077 0.052884615384615384 0.038461538461538464
0 0.4579326923076923 0.7091346153846154 0.040865384615384616 0.057692307692307696
0 0.3449519230769231 0.7235576923076923 0.026442307692307692 0.02403846153846154
0 0.35216346153846156 0.7463942307692307 0.040865384615384616 0.026442307692307692
0 0.5180288461538461 0.7632211538461539 0.03125 0.04567307692307692
0 0.4206730769230769 0.7716346153846154 0.04326923076923077 0.04326923076923077
0 0.3858173076923077 0.828125 0.021634615384615384 0.021634615384615384
0 0.3641826923076923 0.8425480769230769 0.026442307692307692 0.03125