0 0.23557692307692307 0.3918269230769231 0.028846153846153848 0.038461538461538464
0 0.06850961538461539 0.09254807692307693 0.04567307692307692 0.036057692307692304
0 0.16947115384615385 0.49399038461538464 0.10336538461538461 0.05048076923076923
0 0.38100961538461536 0.1310096153846154 0.055288461538461536 0.04567307692307692
0 0.12740384615384615 0.19591346153846154 0.057692307692307696 0.026442307692307692
0 0.1045673076923077 0.2608173076923077 0.08413461538461539 0.07451923076923077
0 0.18990384615384615 0.30649038461538464 0.038461538461538464 0.036057692307692304
0 0.26802884615384615 0.3389423076923077 0.036057692307692304 0.028846153846153848
0 0.06850961538461539 0.016826923076923076 0.04567307692307692 0.03365384615384615
0 0.8353365384615384 0.22355769230769232 0.04567307692307692 0.03365384615384615
0 0.7295673076923077 0.4170673076923077 0.04567307692307692 0.026442307692307692
0 0.6141826923076923 0.4338942307692308 0.026442307692307692 0.026442307692307692
0 0.7451923076923077 0.46634615384615385 0.038461538461538464 0.03365384615384615
0 0.8858173076923077 0.47596153846153844 0.021634615384615384 0.03365384615384615
0 0.9495192307692307 0.5108173076923077 0.038461538461538464 0.016826923076923076
0 0.11538461538461539 0.7055288461538461 0.07692307692307693 0.05048076923076923
0 0.18269230769230768 0.7788461538461539 0.052884615384615384 0.052884615384615384
0 0.27403846153846156 0.9603365384615384 0.052884615384615384 0.05048076923076923
0 0.05889423076923077 0.9735576923076923 0.05048076923076923 0.038461538461538464
0 0.21394230769230768 0.9831730769230769 0.057692307692307696 0.03365384615384615
0 0.08653846153846154 0.9891826923076923 0.057692307692307696 0.021634615384615384
0 0.39302884615384615 0.5745192307692307 0.03125 0.052884615384615384
0 0.3389423076923077 0.6105769230769231 0.03365384615384615 0.04326923076923077
0 0.765625 0.7752403846153846 0.04567307692307692 0.04567307692307692