0 0.15865384615384615 0.03365384615384615 0.04326923076923077 0.038461538461538464
0 0.26322115384615385 0.054086538461538464 0.05048076923076923 0.05048076923076923
0 0.09254807692307693 0.0673076923076923 0.036057692307692304 0.04326923076923077
0 0.04927884615384615 0.07932692307692307 0.05048076923076923 0.038461538461538464
0 0.17067307692307693 0.0985576923076923 0.028846153846153848 0.038461538461538464
0 0.03485576923076923 0.125 0.05048076923076923 0.04326923076923077
0 0.13822115384615385 0.1310096153846154 0.036057692307692304 0.026442307692307692
0 0.018028846153846152 0.16105769230769232 0.036057692307692304 0.028846153846153848
0 0.016826923076923076 0.2091346153846154 0.03365384615384615 0.04326923076923077
0 0.16466346153846154 0.21754807692307693 0.06971153846153846 0.05048076923076923
0 0.49038461538461536 0.23557692307692307 0.057692307692307696 0.057692307692307696
0 0.04567307692307692 0.2608173076923077 0.038461538461538464 0.04567307692307692
0 0.3425480769230769 0.30649038461538464 0.04567307692307692 0.05048076923076923
0 0.6334134615384616 0.3762019230769231 0.036057692307692304 0.04567307692307692
0 0.13221153846153846 0.018028846153846152 0.04326923076923077 0.036057692307692304
0 0.009615384615384616 0.016826923076923076 0.019230769230769232 0.03365384615384615
0 0.9675480769230769 0.22956730769230768 0.06490384615384616 0.06009615384615385
0 0.8557692307692307 0.2439903846153846 0.057692307692307696 0.07451923076923077
0 0.9627403846153846 0.28125 0.07451923076923077 0.038461538461538464
0 0.9579326923076923 0.3894230769230769 0.06009615384615385 0.038461538461538464
0 0.9675480769230769 0.009615384615384616 0.06490384615384616 0.019230769230769232
0 0.8569711538461539 0.006009615384615385 0.06009615384615385 0.01201923076923077
0 0.6045673076923077 0.5492788461538461 0.06009615384615385 0.04567307692307692
0 0.13701923076923078 0.6057692307692307 0.0625 0.0625
0 0.22355769230769232 0.6490384615384616 0.03365384615384615 0.038461538461538464
0 0.30649038461538464 0.71875 0.04567307692307692 0.038461538461538464
0 0.36778846153846156 0.734375 0.03365384615384615 0.03125
0 0.41586538461538464 0.7379807692307693 0.038461538461538464 0.038461538461538464
0 0.2668269230769231 0.7860576923076923 0.038461538461538464 0.038461538461538464
0 0.015625 0.44350961538461536 0.03125 0.040865384615384616
0 0.14302884615384615 0.4567307692307692 0.040865384615384616 0.04807692307692308
0 0.7067307692307693 0.5985576923076923 0.038461538461538464 0.052884615384615384
0 0.8725961538461539 0.6069711538461539 0.03365384615384615 0.04567307692307692
0 0.7908653846153846 0.6310096153846154 0.052884615384615384 0.06009615384615385