0 0.3449519230769231 0.2247596153846154 0.036057692307692304 0.05048076923076923
0 0.37259615384615385 0.23197115384615385 0.057692307692307696 0.05048076923076923
0 0.30288461538461536 0.25240384615384615 0.038461538461538464 0.052884615384615384
0 0.2980769230769231 0.2980769230769231 0.052884615384615384 0.03365384615384615
0 0.15264423076923078 0.32572115384615385 0.04567307692307692 0.040865384615384616
0 0.31971153846153844 0.3401442307692308 0.057692307692307696 0.05048076923076923
0 0.2764423076923077 0.36899038461538464 0.04807692307692308 0.04567307692307692
0 0.21754807692307693 0.4026442307692308 0.055288461538461536 0.040865384615384616
0 0.3233173076923077 0.5060096153846154 0.06009615384615385 0.04567307692307692
0 0.14903846153846154 0.21754807692307693 0.038461538461538464 0.036057692307692304
0 0.03485576923076923 0.6790865384615384 0.036057692307692304 0.03125