0 0.33774038461538464 0.4050480769230769 0.05048076923076923 0.040865384615384616
0 0.6358173076923077 0.43149038461538464 0.05048076923076923 0.036057692307692304
0 0.4483173076923077 0.5348557692307693 0.04567307692307692 0.036057692307692304
0 0.16346153846153846 0.6490384615384616 0.052884615384615384 0.03365384615384615
0 0.13701923076923078 0.6646634615384616 0.038461538461538464 0.05048076923076923
0 0.6382211538461539 0.7439903846153846 0.04567307692307692 0.036057692307692304
0 0.6213942307692307 0.20192307692307693 0.07451923076923077 0.0625
0 0.33774038461538464 0.22596153846153846 0.05048076923076923 0.04326923076923077
0 0.3918269230769231 0.2860576923076923 0.057692307692307696 0.028846153846153848
0 0.46634615384615385 0.2956730769230769 0.057692307692307696 0.038461538461538464
0 0.5336538461538461 0.33413461538461536 0.04326923076923077 0.057692307692307696
0 0.6213942307692307 0.04326923076923077 0.07451923076923077 0.0625
0 0.33653846153846156 0.021634615384615384 0.052884615384615384 0.04326923076923077