0 0.2980769230769231 0.18389423076923078 0.11538461538461539 0.06971153846153846
0 0.18028846153846154 0.20192307692307693 0.0673076923076923 0.04807692307692308
0 0.35216346153846156 0.35216346153846156 0.06971153846153846 0.07932692307692307
0 0.8605769230769231 0.057692307692307696 0.019230769230769232 0.02403846153846154
0 0.8942307692307693 0.06009615384615385 0.02403846153846154 0.019230769230769232
0 0.8834134615384616 0.08533653846153846 0.016826923076923076 0.016826923076923076
0 0.8762019230769231 0.109375 0.04567307692307692 0.036057692307692304
0 0.9362980769230769 0.11177884615384616 0.040865384615384616 0.036057692307692304
0 0.578125 0.12139423076923077 0.026442307692307692 0.036057692307692304
0 0.9579326923076923 0.13942307692307693 0.021634615384615384 0.019230769230769232
0 0.9963942307692307 0.14783653846153846 0.007211538461538462 0.016826923076923076
0 0.5997596153846154 0.025240384615384616 0.03125 0.036057692307692304
0 0.18990384615384615 0.7740384615384616 0.019230769230769232 0.02403846153846154
0 0.22355769230769232 0.7764423076923077 0.02403846153846154 0.019230769230769232
0 0.2127403846153846 0.8016826923076923 0.016826923076923076 0.016826923076923076
0 0.20552884615384615 0.8257211538461539 0.04567307692307692 0.036057692307692304
0 0.265625 0.828125 0.040865384615384616 0.036057692307692304
0 0.28725961538461536 0.8557692307692307 0.021634615384615384 0.019230769230769232
0 0.3317307692307692 0.8641826923076923 0.019230769230769232 0.016826923076923076
0 0.8485576923076923 0.9807692307692307 0.03365384615384615 0.03365384615384615