0 0.8954326923076923 0.375 0.04567307692307692 0.057692307692307696
0 0.3894230769230769 0.41586538461538464 0.052884615384615384 0.028846153846153848
0 0.6634615384615384 0.44471153846153844 0.057692307692307696 0.052884615384615384
0 0.40024038461538464 0.21634615384615385 0.036057692307692304 0.03365384615384615
0 0.5228365384615384 0.22596153846153846 0.026442307692307692 0.028846153846153848
0 0.3701923076923077 0.2283653846153846 0.038461538461538464 0.028846153846153848
0 0.734375 0.23197115384615385 0.06009615384615385 0.04567307692307692
0 0.6213942307692307 0.23557692307692307 0.026442307692307692 0.028846153846153848
0 0.4579326923076923 0.25721153846153844 0.036057692307692304 0.03365384615384615
0 0.30528846153846156 0.26322115384615385 0.038461538461538464 0.036057692307692304
0 0.5288461538461539 0.13822115384615385 0.028846153846153848 0.03125
0 0.3425480769230769 0.26802884615384615 0.026442307692307692 0.026442307692307692
0 0.734375 0.2800480769230769 0.040865384615384616 0.03125
0 0.3713942307692308 0.28966346153846156 0.026442307692307692 0.026442307692307692
0 0.34134615384615385 0.29086538461538464 0.028846153846153848 0.028846153846153848
0 0.38341346153846156 0.31850961538461536 0.05048076923076923 0.036057692307692304
0 0.8413461538461539 0.3389423076923077 0.03365384615384615 0.028846153846153848
0 0.7295673076923077 0.3473557692307692 0.04567307692307692 0.04567307692307692
0 0.40024038461538464 0.028846153846153848 0.036057692307692304 0.03365384615384615
0 0.5228365384615384 0.019230769230769232 0.026442307692307692 0.028846153846153848
0 0.3701923076923077 0.016826923076923076 0.038461538461538464 0.028846153846153848
0 0.7331730769230769 0.019230769230769232 0.0625 0.038461538461538464
0 0.6201923076923077 0.013221153846153846 0.028846153846153848 0.026442307692307692
0 0.4567307692307692 0.003605769230769231 0.038461538461538464 0.007211538461538462
0 0.5288461538461539 0.109375 0.028846153846153848 0.03125