0 0.2439903846153846 0.12860576923076922 0.06490384615384616 0.06009615384615385
0 0.1971153846153846 0.17067307692307693 0.0673076923076923 0.052884615384615384
0 0.25600961538461536 0.23197115384615385 0.036057692307692304 0.036057692307692304
0 0.203125 0.32211538461538464 0.06971153846153846 0.014423076923076924
0 0.06129807692307692 0.31850961538461536 0.06009615384615385 0.021634615384615384
0 0.03485576923076923 0.0625 0.05048076923076923 0.038461538461538464
0 0.9891826923076923 0.042067307692307696 0.021634615384615384 0.055288461538461536
0 0.7091346153846154 0.15384615384615385 0.052884615384615384 0.057692307692307696
0 0.6526442307692307 0.17548076923076922 0.036057692307692304 0.028846153846153848
0 0.9723557692307693 0.9338942307692307 0.05048076923076923 0.05048076923076923
0 0.8185096153846154 0.9555288461538461 0.040865384615384616 0.03125