0 0.6622596153846154 0.37259615384615385 0.04567307692307692 0.052884615384615384
0 0.9447115384615384 0.38341346153846156 0.03365384615384615 0.036057692307692304
0 0.8052884615384616 0.38461538461538464 0.038461538461538464 0.038461538461538464
0 0.8581730769230769 0.3942307692307692 0.04326923076923077 0.038461538461538464
0 0.5552884615384616 0.3954326923076923 0.04326923076923077 0.036057692307692304
0 0.7379807692307693 0.15504807692307693 0.052884615384615384 0.036057692307692304
0 0.040865384615384616 0.43509615384615385 0.028846153846153848 0.03365384615384615
0 0.6850961538461539 0.4519230769230769 0.038461538461538464 0.03365384615384615
0 0.3004807692307692 0.4567307692307692 0.04326923076923077 0.03365384615384615
0 0.42427884615384615 0.46033653846153844 0.06009615384615385 0.04567307692307692
0 0.9435096153846154 0.4699519230769231 0.036057692307692304 0.036057692307692304
0 0.5108173076923077 0.47596153846153844 0.04567307692307692 0.038461538461538464
0 0.5685096153846154 0.48197115384615385 0.04567307692307692 0.04567307692307692
0 0.8846153846153846 0.48197115384615385 0.028846153846153848 0.036057692307692304
0 0.6454326923076923 0.49399038461538464 0.036057692307692304 0.04567307692307692
0 0.8425480769230769 0.5024038461538461 0.036057692307692304 0.03365384615384615
0 0.78125 0.5084134615384616 0.052884615384615384 0.04567307692307692
0 0.33774038461538464 0.5180288461538461 0.04567307692307692 0.04567307692307692
0 0.16346153846153846 0.5192307692307693 0.028846153846153848 0.028846153846153848
0 0.8365384615384616 0.5540865384615384 0.04326923076923077 0.036057692307692304
0 0.45552884615384615 0.1658653846153846 0.04567307692307692 0.03365384615384615
0 0.5793269230769231 0.5961538461538461 0.03365384615384615 0.03365384615384615
0 0.7115384615384616 0.5961538461538461 0.057692307692307696 0.04326923076923077
0 0.6394230769230769 0.6105769230769231 0.04326923076923077 0.04326923076923077
0 0.5 0.6177884615384616 0.03365384615384615 0.04326923076923077
0 0.9459134615384616 0.17307692307692307 0.036057692307692304 0.038461538461538464
0 0.7584134615384616 0.6334134615384616 0.04567307692307692 0.04567307692307692
0 0.21875 0.6514423076923077 0.04326923076923077 0.028846153846153848
0 0.5745192307692307 0.6526442307692307 0.052884615384615384 0.05048076923076923
0 0.15144230769230768 0.6538461538461539 0.038461538461538464 0.028846153846153848
0 0.31490384615384615 0.1778846153846154 0.03365384615384615 0.028846153846153848
0 0.6021634615384616 0.6971153846153846 0.04567307692307692 0.038461538461538464
0 0.3942307692307692 0.6995192307692307 0.038461538461538464 0.03365384615384615
0 0.33052884615384615 0.7211538461538461 0.05048076923076923 0.04326923076923077
0 0.4639423076923077 0.7211538461538461 0.028846153846153848 0.04326923076923077
0 0.6826923076923077 0.18509615384615385 0.038461538461538464 0.04326923076923077
0 0.4098557692307692 0.7524038461538461 0.036057692307692304 0.03365384615384615
0 0.8197115384615384 0.18990384615384615 0.03365384615384615 0.028846153846153848
0 0.35336538461538464 0.19230769230769232 0.038461538461538464 0.03365384615384615
0 0.5012019230769231 0.21394230769230768 0.036057692307692304 0.03365384615384615
0 0.5841346153846154 0.21514423076923078 0.03365384615384615 0.036057692307692304
0 0.9399038461538461 0.21875 0.028846153846153848 0.028846153846153848
0 0.9158653846153846 0.23677884615384615 0.04326923076923077 0.036057692307692304
0 0.7584134615384616 0.2403846153846154 0.05048076923076923 0.04326923076923077
0 0.9783653846153846 0.2608173076923077 0.03365384615384615 0.036057692307692304
0 0.6983173076923077 0.2668269230769231 0.05048076923076923 0.03365384615384615
0 0.7067307692307693 0.3004807692307692 0.04326923076923077 0.028846153846153848
0 0.2091346153846154 0.3076923076923077 0.057692307692307696 0.057692307692307696
0 0.10216346153846154 0.34615384615384615 0.04567307692307692 0.052884615384615384
0 0.7524038461538461 0.3473557692307692 0.04326923076923077 0.036057692307692304
0 0.7379807692307693 0.09254807692307693 0.052884615384615384 0.036057692307692304
0 0.45552884615384615 0.07932692307692307 0.04567307692307692 0.03365384615384615
0 0.9459134615384616 0.07211538461538461 0.036057692307692304 0.038461538461538464
0 0.31490384615384615 0.0673076923076923 0.03365384615384615 0.028846153846153848
0 0.6826923076923077 0.06009615384615385 0.038461538461538464 0.04326923076923077
0 0.40865384615384615 0.9915865384615384 0.038461538461538464 0.01201923076923077
0 0.8197115384615384 0.055288461538461536 0.03365384615384615 0.028846153846153848
0 0.35336538461538464 0.052884615384615384 0.038461538461538464 0.03365384615384615
0 0.5012019230769231 0.03125 0.036057692307692304 0.03365384615384615
0 0.5841346153846154 0.03245192307692308 0.03365384615384615 0.036057692307692304
0 0.9399038461538461 0.026442307692307692 0.028846153846153848 0.028846153846153848
0 0.9170673076923077 0.014423076923076924 0.04567307692307692 0.028846153846153848
0 0.7572115384615384 0.014423076923076924 0.052884615384615384 0.028846153846153848