0 0.7199519230769231 0.1466346153846154 0.055288461538461536 0.03365384615384615
0 0.6129807692307693 0.3737980769230769 0.052884615384615384 0.04567307692307692
0 0.7163461538461539 0.39663461538461536 0.0673076923076923 0.052884615384615384
0 0.6105769230769231 0.40384615384615385 0.0625 0.038461538461538464
0 0.4675480769230769 0.41586538461538464 0.12740384615384615 0.09615384615384616
0 0.7091346153846154 0.4326923076923077 0.052884615384615384 0.04326923076923077
0 0.5552884615384616 0.43509615384615385 0.038461538461538464 0.04326923076923077
0 0.6742788461538461 0.4807692307692308 0.05048076923076923 0.038461538461538464
0 0.828125 0.5336538461538461 0.04567307692307692 0.038461538461538464
0 0.42427884615384615 0.5420673076923077 0.05048076923076923 0.040865384615384616
0 0.5120192307692307 0.5456730769230769 0.0625 0.04326923076923077
0 0.2824519230769231 0.5600961538461539 0.036057692307692304 0.038461538461538464
0 0.8341346153846154 0.5745192307692307 0.052884615384615384 0.038461538461538464
0 0.5516826923076923 0.5757211538461539 0.036057692307692304 0.05048076923076923
0 0.5240384615384616 0.5877403846153846 0.04326923076923077 0.04567307692307692
0 0.8221153846153846 0.6237980769230769 0.038461538461538464 0.026442307692307692
0 0.484375 0.6286057692307693 0.05048076923076923 0.036057692307692304
0 0.9074519230769231 0.6574519230769231 0.04567307692307692 0.04567307692307692
0 0.4987980769230769 0.6742788461538461 0.04567307692307692 0.06009615384615385
0 0.36899038461538464 0.21033653846153846 0.04567307692307692 0.06009615384615385
0 0.9038461538461539 0.23918269230769232 0.04326923076923077 0.04567307692307692
0 0.7692307692307693 0.27884615384615385 0.07692307692307693 0.057692307692307696
0 0.4254807692307692 0.296875 0.0625 0.06009615384615385
0 0.7199519230769231 0.0985576923076923 0.055288461538461536 0.03365384615384615
0 0.36899038461538464 0.037259615384615384 0.04567307692307692 0.06009615384615385
0 0.9050480769230769 0.015625 0.04567307692307692 0.03125