0 0.2932692307692308 0.10336538461538461 0.04326923076923077 0.03365384615384615
0 0.35216346153846156 0.10817307692307693 0.055288461538461536 0.038461538461538464
0 0.1346153846153846 0.1141826923076923 0.0673076923076923 0.05048076923076923
0 0.2920673076923077 0.14543269230769232 0.06971153846153846 0.05048076923076923
0 0.15144230769230768 0.15384615384615385 0.0625 0.052884615384615384
0 0.34975961538461536 0.17427884615384615 0.06009615384615385 0.06009615384615385
0 0.046875 0.1778846153846154 0.05048076923076923 0.04326923076923077
0 0.23317307692307693 0.20432692307692307 0.052884615384615384 0.057692307692307696
0 0.28846153846153844 0.20793269230769232 0.052884615384615384 0.05048076923076923
0 0.20072115384615385 0.24519230769230768 0.036057692307692304 0.04326923076923077
0 0.06129807692307692 0.4014423076923077 0.06009615384615385 0.0625
0 0.35096153846153844 0.018028846153846152 0.057692307692307696 0.036057692307692304
0 0.15985576923076922 0.056490384615384616 0.06009615384615385 0.05048076923076923
0 0.052884615384615384 0.057692307692307696 0.0673076923076923 0.07692307692307693
0 0.9819711538461539 0.3786057692307692 0.036057692307692304 0.05048076923076923
0 0.8353365384615384 0.40024038461538464 0.040865384615384616 0.03125
0 0.3629807692307692 0.7836538461538461 0.03365384615384615 0.0625
0 0.01201923076923077 0.8125 0.02403846153846154 0.052884615384615384
0 0.3581730769230769 0.8810096153846154 0.04326923076923077 0.10817307692307693
0 0.054086538461538464 0.9362980769230769 0.06971153846153846 0.06009615384615385
0 0.3161057692307692 0.9603365384615384 0.06009615384615385 0.07932692307692307
0 0.27403846153846156 0.9651442307692307 0.0673076923076923 0.06971153846153846
0 0.07692307692307693 0.9795673076923077 0.0625 0.040865384615384616
0 0.21875 0.5661057692307693 0.04807692307692308 0.040865384615384616
0 0.5108173076923077 0.7199519230769231 0.07451923076923077 0.055288461538461536
0 0.5300480769230769 0.7788461538461539 0.04567307692307692 0.03365384615384615
0 0.7944711538461539 0.8473557692307693 0.04567307692307692 0.040865384615384616
0 0.5408653846153846 0.9098557692307693 0.0625 0.03125
0 0.7283653846153846 0.9555288461538461 0.0625 0.026442307692307692