0 0.12379807692307693 0.0673076923076923 0.05048076923076923 0.04326923076923077
0 0.22235576923076922 0.08774038461538461 0.05048076923076923 0.040865384615384616
0 0.037259615384615384 0.016826923076923076 0.036057692307692304 0.03365384615384615
0 0.6213942307692307 0.04567307692307692 0.040865384615384616 0.03365384615384615
0 0.06610576923076923 0.796875 0.08413461538461539 0.07932692307692307
0 0.6502403846153846 0.5817307692307693 0.04567307692307692 0.02403846153846154
0 0.6766826923076923 0.6574519230769231 0.06009615384615385 0.06009615384615385
0 0.3293269230769231 0.8221153846153846 0.019230769230769232 0.03365384615384615
0 0.38461538461538464 0.8269230769230769 0.04326923076923077 0.057692307692307696
0 0.4807692307692308 0.8389423076923077 0.07692307692307693 0.052884615384615384
0 0.3269230769230769 0.8605769230769231 0.014423076923076924 0.03365384615384615