0 0.11658653846153846 0.2692307692307692 0.05048076923076923 0.052884615384615384
0 0.17427884615384615 0.32091346153846156 0.06971153846153846 0.036057692307692304
0 0.25240384615384615 0.3329326923076923 0.052884615384615384 0.01201923076923077
0 0.12139423076923077 0.12379807692307693 0.04567307692307692 0.06971153846153846
0 0.17307692307692307 0.15144230769230768 0.052884615384615384 0.052884615384615384
0 0.5516826923076923 0.03485576923076923 0.1658653846153846 0.06971153846153846
0 0.22596153846153846 0.4266826923076923 0.02403846153846154 0.026442307692307692
0 0.20793269230769232 0.7307692307692307 0.036057692307692304 0.028846153846153848
0 0.16105769230769232 0.7692307692307693 0.038461538461538464 0.04326923076923077
0 0.06129807692307692 0.8401442307692307 0.026442307692307692 0.021634615384615384
0 0.6201923076923077 0.5432692307692307 0.038461538461538464 0.03365384615384615
0 0.9735576923076923 0.7548076923076923 0.038461538461538464 0.03365384615384615
0 0.9483173076923077 0.9663461538461539 0.036057692307692304 0.038461538461538464