0 0.09615384615384616 0.15865384615384615 0.04326923076923077 0.038461538461538464
0 0.008413461538461538 0.18870192307692307 0.016826923076923076 0.05048076923076923
0 0.16466346153846154 0.19230769230769232 0.036057692307692304 0.04326923076923077
0 0.20793269230769232 0.20432692307692307 0.05048076923076923 0.038461538461538464
0 0.08413461538461539 0.22355769230769232 0.028846153846153848 0.038461538461538464
0 0.03245192307692308 0.24879807692307693 0.036057692307692304 0.04567307692307692
0 0.22235576923076922 0.25 0.05048076923076923 0.04326923076923077
0 0.11899038461538461 0.25600961538461536 0.036057692307692304 0.026442307692307692
0 0.2403846153846154 0.2860576923076923 0.04326923076923077 0.028846153846153848
0 0.18028846153846154 0.03365384615384615 0.04326923076923077 0.04326923076923077
0 0.12860576923076922 0.07932692307692307 0.06009615384615385 0.052884615384615384
0 0.22235576923076922 0.09615384615384616 0.05048076923076923 0.052884615384615384
0 0.15504807692307693 0.11538461538461539 0.05048076923076923 0.028846153846153848
0 0.12259615384615384 0.13581730769230768 0.04326923076923077 0.05048076923076923
0 0.2608173076923077 0.14182692307692307 0.04567307692307692 0.03365384615384615
0 0.31850961538461536 0.5012019230769231 0.036057692307692304 0.04567307692307692
0 0.01201923076923077 0.5372596153846154 0.02403846153846154 0.040865384615384616
0 0.06129807692307692 0.9579326923076923 0.040865384615384616 0.04567307692307692
0 0.9819711538461539 0.5588942307692307 0.036057692307692304 0.036057692307692304
0 0.6983173076923077 0.6370192307692307 0.09375 0.07692307692307693
0 0.5612980769230769 0.8930288461538461 0.06009615384615385 0.06971153846153846
0 0.5048076923076923 0.9242788461538461 0.07692307692307693 0.06971153846153846
0 0.47115384615384615 0.96875 0.02403846153846154 0.057692307692307696
0 0.6262019230769231 0.9915865384615384 0.10817307692307693 0.016826923076923076
0 0.9867788461538461 0.5048076923076923 0.026442307692307692 0.038461538461538464