0 0.20673076923076922 0.10216346153846154 0.04326923076923077 0.05048076923076923
0 0.14903846153846154 0.13581730769230768 0.03365384615384615 0.036057692307692304
0 0.3161057692307692 0.14543269230769232 0.055288461538461536 0.040865384615384616
0 0.4050480769230769 0.15144230769230768 0.06971153846153846 0.052884615384615384
0 0.2512019230769231 0.21634615384615385 0.04567307692307692 0.057692307692307696
0 0.1875 0.22235576923076922 0.038461538461538464 0.04567307692307692
0 0.125 0.25600961538461536 0.04326923076923077 0.036057692307692304
0 0.32572115384615385 0.28725961538461536 0.04567307692307692 0.04567307692307692
0 0.2800480769230769 0.38461538461538464 0.06971153846153846 0.07692307692307693
0 0.34134615384615385 0.4567307692307692 0.08653846153846154 0.07692307692307693
0 0.34134615384615385 0.5612980769230769 0.08653846153846154 0.055288461538461536
0 0.6069711538461539 0.46634615384615385 0.04567307692307692 0.03365384615384615
0 0.7127403846153846 0.5192307692307693 0.05048076923076923 0.052884615384615384
0 0.9819711538461539 0.6826923076923077 0.036057692307692304 0.038461538461538464
0 0.5829326923076923 0.7283653846153846 0.055288461538461536 0.052884615384615384
0 0.7067307692307693 0.7487980769230769 0.04807692307692308 0.05048076923076923