0 0.19951923076923078 0.051682692307692304 0.052884615384615384 0.04567307692307692
0 0.09615384615384616 0.07451923076923077 0.0673076923076923 0.052884615384615384
0 0.20192307692307693 0.08173076923076923 0.0625 0.038461538461538464
0 0.359375 0.09014423076923077 0.10336538461538461 0.0889423076923077
0 0.10336538461538461 0.11057692307692307 0.052884615384615384 0.04326923076923077
0 0.25721153846153844 0.11298076923076923 0.038461538461538464 0.04326923076923077
0 0.140625 0.15865384615384615 0.05048076923076923 0.038461538461538464
0 0.004807692307692308 0.21153846153846154 0.009615384615384616 0.038461538461538464
0 0.3004807692307692 0.22355769230769232 0.0625 0.04326923076923077
0 0.3798076923076923 0.2283653846153846 0.04326923076923077 0.038461538461538464
0 0.5324519230769231 0.23798076923076922 0.036057692307692304 0.038461538461538464
0 0.26322115384615385 0.2536057692307692 0.036057692307692304 0.05048076923076923
0 0.28846153846153844 0.265625 0.04326923076923077 0.04567307692307692
0 0.004807692307692308 0.3016826923076923 0.009615384615384616 0.026442307692307692
0 0.33052884615384615 0.30649038461538464 0.05048076923076923 0.036057692307692304
0 0.3161057692307692 0.3401442307692308 0.04567307692307692 0.036057692307692304
0 0.9122596153846154 0.1935096153846154 0.06971153846153846 0.06009615384615385
0 0.9939903846153846 0.2956730769230769 0.01201923076923077 0.019230769230769232
0 0.9543269230769231 0.3004807692307692 0.03365384615384615 0.04326923076923077
0 0.7235576923076923 0.33052884615384615 0.04326923076923077 0.055288461538461536
0 0.038461538461538464 0.9002403846153846 0.0625 0.04567307692307692
0 0.6105769230769231 0.9591346153846154 0.08653846153846154 0.057692307692307696
0 0.8269230769230769 0.5889423076923077 0.04326923076923077 0.04326923076923077
0 0.8641826923076923 0.7199519230769231 0.04567307692307692 0.04567307692307692
0 0.8942307692307693 0.8064903846153846 0.04326923076923077 0.040865384615384616