0 0.38822115384615385 0.04927884615384615 0.055288461538461536 0.04567307692307692
0 0.4567307692307692 0.08413461538461539 0.052884615384615384 0.04326923076923077
0 0.24278846153846154 0.21033653846153846 0.04807692307692308 0.055288461538461536
0 0.8076923076923077 0.06129807692307692 0.03365384615384615 0.03125
0 0.6983173076923077 0.5721153846153846 0.036057692307692304 0.028846153846153848
0 0.6983173076923077 0.5721153846153846 0.040865384615384616 0.03365384615384615
0 0.8461538461538461 0.6370192307692307 0.038461538461538464 0.04326923076923077
0 0.5733173076923077 0.6790865384615384 0.036057692307692304 0.03125
0 0.5216346153846154 0.6959134615384616 0.02403846153846154 0.03125
0 0.5697115384615384 0.7572115384615384 0.04326923076923077 0.02403846153846154
0 0.859375 0.5420673076923077 0.06490384615384616 0.055288461538461536