0 0.2860576923076923 0.2920673076923077 0.057692307692307696 0.06009615384615385
0 0.6995192307692307 0.042067307692307696 0.10096153846153846 0.07451923076923077
0 0.6033653846153846 0.04927884615384615 0.04326923076923077 0.04567307692307692
0 0.6454326923076923 0.1141826923076923 0.11778846153846154 0.06009615384615385
0 0.9579326923076923 0.11658653846153846 0.05048076923076923 0.06971153846153846
0 0.4495192307692308 0.1502403846153846 0.0625 0.05048076923076923
0 0.5300480769230769 0.1778846153846154 0.05048076923076923 0.038461538461538464
0 0.8377403846153846 0.21754807692307693 0.07451923076923077 0.06971153846153846
0 0.6153846153846154 0.25961538461538464 0.0673076923076923 0.0625
0 0.8918269230769231 0.021634615384615384 0.0625 0.04326923076923077
0 0.006009615384615385 0.9855769230769231 0.01201923076923077 0.028846153846153848
0 0.6009615384615384 0.7932692307692307 0.03365384615384615 0.028846153846153848
0 0.7043269230769231 0.953125 0.03365384615384615 0.03125