0 0.4483173076923077 0.040865384615384616 0.06971153846153846 0.038461538461538464
0 0.2247596153846154 0.04447115384615385 0.04567307692307692 0.036057692307692304
0 0.2860576923076923 0.11057692307692307 0.04807692307692308 0.03365384615384615
0 0.22956730769230768 0.1310096153846154 0.06971153846153846 0.036057692307692304
0 0.3269230769230769 0.2247596153846154 0.052884615384615384 0.036057692307692304
0 0.008413461538461538 0.265625 0.016826923076923076 0.05048076923076923
0 0.20793269230769232 0.2776442307692308 0.05048076923076923 0.05048076923076923
0 0.3737980769230769 0.31971153846153844 0.05048076923076923 0.019230769230769232
0 0.7115384615384616 0.01201923076923077 0.04326923076923077 0.02403846153846154
0 0.7091346153846154 0.09134615384615384 0.03365384615384615 0.03365384615384615
0 0.7403846153846154 0.20192307692307693 0.028846153846153848 0.03365384615384615
0 0.9411057692307693 0.5360576923076923 0.06971153846153846 0.0625
0 0.8990384615384616 0.5384615384615384 0.0625 0.0625
0 0.8028846153846154 0.6286057692307693 0.0625 0.05048076923076923
0 0.9399038461538461 0.6550480769230769 0.057692307692307696 0.036057692307692304
0 0.9807692307692307 0.6862980769230769 0.038461538461538464 0.04567307692307692
0 0.7379807692307693 0.7115384615384616 0.052884615384615384 0.052884615384615384
0 0.7115384615384616 0.7728365384615384 0.0673076923076923 0.05048076923076923
0 0.8569711538461539 0.47596153846153844 0.06971153846153846 0.0673076923076923