0 0.6778846153846154 0.021634615384615384 0.04326923076923077 0.038461538461538464
0 0.7824519230769231 0.042067307692307696 0.05048076923076923 0.05048076923076923
0 0.6117788461538461 0.055288461538461536 0.036057692307692304 0.04326923076923077
0 0.5685096153846154 0.0673076923076923 0.05048076923076923 0.038461538461538464
0 0.6899038461538461 0.08653846153846154 0.028846153846153848 0.038461538461538464
0 0.5588942307692307 0.11298076923076923 0.040865384615384616 0.04326923076923077
0 0.6574519230769231 0.11899038461538461 0.036057692307692304 0.026442307692307692
0 0.546875 0.14903846153846154 0.016826923076923076 0.028846153846153848
0 0.5456730769230769 0.1971153846153846 0.014423076923076924 0.04326923076923077
0 0.6838942307692307 0.20552884615384615 0.06971153846153846 0.05048076923076923
0 0.9903846153846154 0.22355769230769232 0.019230769230769232 0.057692307692307696
0 0.5649038461538461 0.24879807692307693 0.038461538461538464 0.04567307692307692
0 0.8617788461538461 0.29447115384615385 0.04567307692307692 0.05048076923076923
0 0.6514423076923077 0.01201923076923077 0.04326923076923077 0.02403846153846154
0 0.0673076923076923 0.7956730769230769 0.04807692307692308 0.03365384615384615
0 0.009615384615384616 0.9723557692307693 0.019230769230769232 0.055288461538461536
0 0.7560096153846154 0.39783653846153844 0.026442307692307692 0.036057692307692304