0 0.4110576923076923 0.06370192307692307 0.052884615384615384 0.06009615384615385
0 0.8629807692307693 0.16105769230769232 0.04326923076923077 0.04326923076923077
0 0.21875 0.5588942307692307 0.03365384615384615 0.05048076923076923
0 0.20072115384615385 0.5817307692307693 0.026442307692307692 0.04326923076923077
0 0.14423076923076922 0.6586538461538461 0.038461538461538464 0.03365384615384615
0 0.18990384615384615 0.6658653846153846 0.052884615384615384 0.057692307692307696
0 0.31009615384615385 0.4074519230769231 0.057692307692307696 0.016826923076923076
0 0.10817307692307693 0.41947115384615385 0.057692307692307696 0.040865384615384616
0 0.4567307692307692 0.42908653846153844 0.02403846153846154 0.04567307692307692
0 0.3713942307692308 0.4338942307692308 0.06009615384615385 0.04567307692307692
0 0.40024038461538464 0.47115384615384615 0.05048076923076923 0.0673076923076923
0 0.4423076923076923 0.5 0.04326923076923077 0.04326923076923077
0 0.3954326923076923 0.5360576923076923 0.05048076923076923 0.052884615384615384
0 0.25721153846153844 0.5384615384615384 0.03365384615384615 0.04326923076923077
0 0.9771634615384616 0.5588942307692307 0.04567307692307692 0.036057692307692304
0 0.9879807692307693 0.640625 0.02403846153846154 0.04567307692307692
0 0.8401442307692307 0.6526442307692307 0.07932692307692307 0.06009615384615385
0 0.9663461538461539 0.6995192307692307 0.057692307692307696 0.03365384615384615
0 0.9399038461538461 0.7632211538461539 0.057692307692307696 0.040865384615384616
0 0.9206730769230769 0.4206730769230769 0.04326923076923077 0.038461538461538464
0 0.9399038461538461 0.9915865384615384 0.057692307692307696 0.016826923076923076