0 0.46274038461538464 0.042067307692307696 0.036057692307692304 0.05048076923076923
0 0.4326923076923077 0.04927884615384615 0.057692307692307696 0.05048076923076923
0 0.4963942307692308 0.06971153846153846 0.026442307692307692 0.052884615384615384
0 0.4951923076923077 0.11538461538461539 0.028846153846153848 0.03365384615384615
0 0.4831730769230769 0.15745192307692307 0.052884615384615384 0.05048076923076923
0 0.5060096153846154 0.18870192307692307 0.007211538461538462 0.05048076923076923
0 0.2692307692307692 0.19951923076923078 0.052884615384615384 0.038461538461538464
0 0.48197115384615385 0.3233173076923077 0.055288461538461536 0.04567307692307692
0 0.7896634615384616 0.49158653846153844 0.021634615384615384 0.021634615384615384
0 0.7463942307692307 0.5649038461538461 0.026442307692307692 0.02403846153846154
0 0.18389423076923078 0.9290865384615384 0.040865384615384616 0.04567307692307692
0 0.8185096153846154 0.9350961538461539 0.04567307692307692 0.03365384615384615