0 0.14903846153846154 0.1466346153846154 0.052884615384615384 0.028846153846153848
0 0.40625 0.17548076923076922 0.02403846153846154 0.052884615384615384
0 0.06490384615384616 0.006009615384615385 0.038461538461538464 0.01201923076923077
0 0.10216346153846154 0.006009615384615385 0.026442307692307692 0.01201923076923077
0 0.1310096153846154 0.020432692307692308 0.026442307692307692 0.026442307692307692
0 0.10096153846153846 0.021634615384615384 0.028846153846153848 0.028846153846153848
0 0.14302884615384615 0.04927884615384615 0.05048076923076923 0.036057692307692304
0 0.4735576923076923 0.18269230769230768 0.03365384615384615 0.03365384615384615
0 0.8990384615384616 0.2548076923076923 0.057692307692307696 0.057692307692307696
0 0.8088942307692307 0.2848557692307692 0.06490384615384616 0.04567307692307692
0 0.9591346153846154 0.3076923076923077 0.08173076923076923 0.0625
0 0.8293269230769231 0.3293269230769231 0.04807692307692308 0.03365384615384615
0 0.5012019230769231 0.3629807692307692 0.06971153846153846 0.0673076923076923
0 0.9927884615384616 0.37740384615384615 0.014423076923076924 0.052884615384615384
0 0.5949519230769231 0.4338942307692308 0.06971153846153846 0.05048076923076923
0 0.9110576923076923 0.4795673076923077 0.07211538461538461 0.04567307692307692
0 0.9915865384615384 0.5060096153846154 0.016826923076923076 0.06009615384615385
0 0.5769230769230769 0.5072115384615384 0.0673076923076923 0.0625
0 0.8810096153846154 0.008413461538461538 0.06009615384615385 0.016826923076923076
0 0.8353365384615384 0.014423076923076924 0.06490384615384616 0.028846153846153848
0 0.5721153846153846 0.025240384615384616 0.0673076923076923 0.05048076923076923
0 0.046875 0.9459134615384616 0.05048076923076923 0.05048076923076923
0 0.6081730769230769 0.8125 0.1201923076923077 0.10096153846153846
0 0.4987980769230769 0.8461538461538461 0.11778846153846154 0.08653846153846154
0 0.609375 0.65625 0.12259615384615384 0.052884615384615384
0 0.49759615384615385 0.6358173076923077 0.1201923076923077 0.01201923076923077