0 0.02283653846153846 0.016826923076923076 0.04567307692307692 0.03365384615384615
0 0.41466346153846156 0.057692307692307696 0.06971153846153846 0.07211538461538461
0 0.6478365384615384 0.06971153846153846 0.06009615384615385 0.1346153846153846
0 0.8016826923076923 0.11177884615384616 0.05048076923076923 0.05048076923076923
0 0.2920673076923077 0.5180288461538461 0.04567307692307692 0.016826923076923076
0 0.5408653846153846 0.5180288461538461 0.04326923076923077 0.016826923076923076
0 0.6105769230769231 0.6586538461538461 0.014423076923076924 0.03365384615384615
0 0.5096153846153846 0.6947115384615384 0.03365384615384615 0.057692307692307696
0 0.18629807692307693 0.703125 0.04567307692307692 0.026442307692307692
0 0.07091346153846154 0.7199519230769231 0.026442307692307692 0.026442307692307692
0 0.20192307692307693 0.7524038461538461 0.038461538461538464 0.03365384615384615
0 0.3425480769230769 0.7620192307692307 0.021634615384615384 0.03365384615384615
0 0.40625 0.8064903846153846 0.038461538461538464 0.036057692307692304
0 0.6322115384615384 0.6262019230769231 0.028846153846153848 0.06009615384615385
0 0.9879807692307693 0.7331730769230769 0.02403846153846154 0.0673076923076923
0 0.7235576923076923 0.8677884615384616 0.08653846153846154 0.08173076923076923