0 0.6177884615384616 0.25841346153846156 0.03365384615384615 0.03125
0 0.6971153846153846 0.2704326923076923 0.038461538461538464 0.026442307692307692
0 0.7836538461538461 0.29927884615384615 0.02403846153846154 0.016826923076923076
0 0.7247596153846154 0.09495192307692307 0.026442307692307692 0.016826923076923076
0 0.75 0.12860576923076922 0.02403846153846154 0.016826923076923076
0 0.7439903846153846 0.1502403846153846 0.021634615384615384 0.021634615384615384
0 0.7019230769230769 0.17307692307692307 0.019230769230769232 0.02403846153846154
0 0.6682692307692307 0.22596153846153846 0.019230769230769232 0.02403846153846154
0 0.6875 0.2403846153846154 0.02403846153846154 0.019230769230769232
0 0.6045673076923077 0.24639423076923078 0.01201923076923077 0.03125
0 0.28365384615384615 0.7211538461538461 0.028846153846153848 0.019230769230769232
0 0.9459134615384616 0.59375 0.040865384615384616 0.03365384615384615
0 0.9867788461538461 0.6490384615384616 0.026442307692307692 0.038461538461538464
0 0.8064903846153846 0.46274038461538464 0.06009615384615385 0.04567307692307692