0 0.484375 0.12139423076923077 0.07932692307692307 0.08413461538461539
0 0.8834134615384616 0.4170673076923077 0.021634615384615384 0.036057692307692304
0 0.9651442307692307 0.4807692307692308 0.026442307692307692 0.028846153846153848
0 0.7572115384615384 0.5228365384615384 0.038461538461538464 0.026442307692307692
0 0.8533653846153846 0.5216346153846154 0.03365384615384615 0.038461538461538464
0 0.9615384615384616 0.5276442307692307 0.028846153846153848 0.036057692307692304
0 0.8810096153846154 0.5408653846153846 0.036057692307692304 0.014423076923076924
0 0.9038461538461539 0.35216346153846156 0.028846153846153848 0.026442307692307692
0 0.32091346153846156 0.8521634615384616 0.06009615384615385 0.06490384615384616
0 0.453125 0.6033653846153846 0.06971153846153846 0.057692307692307696
0 0.22115384615384615 0.6466346153846154 0.04807692307692308 0.038461538461538464
0 0.8581730769230769 0.78125 0.04326923076923077 0.04326923076923077