0 0.27163461538461536 0.29927884615384615 0.028846153846153848 0.036057692307692304
0 0.42908653846153844 0.008413461538461538 0.021634615384615384 0.016826923076923076
0 0.037259615384615384 0.3798076923076923 0.07451923076923077 0.019230769230769232
0 0.12259615384615384 0.038461538461538464 0.0625 0.04326923076923077
0 0.3798076923076923 0.10336538461538461 0.057692307692307696 0.02403846153846154
0 0.4014423076923077 0.1658653846153846 0.07692307692307693 0.07211538461538461
0 0.0625 0.17908653846153846 0.052884615384615384 0.040865384615384616
0 0.3173076923076923 0.21153846153846154 0.038461538461538464 0.03365384615384615
0 0.24158653846153846 0.24639423076923078 0.036057692307692304 0.026442307692307692
0 0.4735576923076923 0.008413461538461538 0.052884615384615384 0.016826923076923076
0 0.4879807692307692 0.02283653846153846 0.038461538461538464 0.026442307692307692
0 0.7283653846153846 0.057692307692307696 0.0625 0.04807692307692308
0 0.4963942307692308 0.06610576923076923 0.04567307692307692 0.03125
0 0.5913461538461539 0.08413461538461539 0.057692307692307696 0.03365384615384615
0 0.5492788461538461 0.11538461538461539 0.04567307692307692 0.04326923076923077
0 0.7932692307692307 0.140625 0.052884615384615384 0.05048076923076923
0 0.8197115384615384 0.19951923076923078 0.0673076923076923 0.04807692307692308
0 0.1622596153846154 0.6021634615384616 0.09375 0.07451923076923077
0 0.16105769230769232 0.41586538461538464 0.09615384615384616 0.052884615384615384
0 0.9362980769230769 0.8473557692307693 0.06009615384615385 0.06009615384615385
0 0.7932692307692307 0.6887019230769231 0.052884615384615384 0.06009615384615385
0 0.9627403846153846 0.7644230769230769 0.04567307692307692 0.038461538461538464