0 0.38100961538461536 0.1466346153846154 0.05048076923076923 0.04326923076923077
0 0.3389423076923077 0.14783653846153846 0.028846153846153848 0.026442307692307692
0 0.41466346153846156 0.15144230769230768 0.036057692307692304 0.038461538461538464
0 0.5336538461538461 0.17548076923076922 0.0625 0.052884615384615384
0 0.2824519230769231 0.19230769230769232 0.036057692307692304 0.03365384615384615
0 0.3076923076923077 0.20192307692307693 0.038461538461538464 0.03365384615384615
0 0.09495192307692307 0.21634615384615385 0.03125 0.03365384615384615
0 0.4987980769230769 0.22596153846153846 0.06971153846153846 0.052884615384615384
0 0.2644230769230769 0.34134615384615385 0.04326923076923077 0.03365384615384615
0 0.34134615384615385 0.3425480769230769 0.04326923076923077 0.03125
0 0.23317307692307693 0.3713942307692308 0.04326923076923077 0.036057692307692304
0 0.13701923076923078 0.41346153846153844 0.038461538461538464 0.028846153846153848
0 0.3701923076923077 0.6490384615384616 0.038461538461538464 0.03365384615384615
0 0.4375 0.7379807692307693 0.04326923076923077 0.038461538461538464