0 0.5805288461538461 0.3125 0.06490384615384616 0.057692307692307696
0 0.7415865384615384 0.3425480769230769 0.040865384615384616 0.036057692307692304
0 0.7415865384615384 0.3425480769230769 0.036057692307692304 0.03125
0 0.6021634615384616 0.10336538461538461 0.03125 0.038461538461538464
0 0.8665865384615384 0.4495192307692308 0.036057692307692304 0.03365384615384615
0 0.921875 0.45913461538461536 0.026442307692307692 0.019230769230769232
0 0.8677884615384616 0.5300480769230769 0.04326923076923077 0.026442307692307692
0 0.7259615384615384 0.14543269230769232 0.028846153846153848 0.021634615384615384
0 0.5949519230769231 0.1466346153846154 0.03125 0.03365384615384615
0 0.6899038461538461 0.17067307692307693 0.02403846153846154 0.02403846153846154
0 0.6478365384615384 0.18269230769230768 0.021634615384615384 0.02403846153846154
0 0.6971153846153846 0.08774038461538461 0.052884615384615384 0.026442307692307692
0 0.6021634615384616 0.04567307692307692 0.03125 0.038461538461538464
0 0.7259615384615384 0.008413461538461538 0.028846153846153848 0.016826923076923076
0 0.5949519230769231 0.009615384615384616 0.03125 0.019230769230769232
0 0.6971153846153846 0.06370192307692307 0.052884615384615384 0.026442307692307692