0 0.43990384615384615 0.3088942307692308 0.07692307692307693 0.05048076923076923
0 0.3762019230769231 0.32091346153846156 0.08413461538461539 0.07451923076923077
0 0.3389423076923077 0.042067307692307696 0.09134615384615384 0.06971153846153846
0 0.23317307692307693 0.5252403846153846 0.057692307692307696 0.04567307692307692
0 0.4110576923076923 0.5745192307692307 0.052884615384615384 0.057692307692307696
0 0.4543269230769231 0.14543269230769232 0.0625 0.06009615384615385
0 0.21634615384615385 0.15504807692307693 0.0673076923076923 0.05048076923076923
0 0.9194711538461539 0.2403846153846154 0.04567307692307692 0.052884615384615384
0 0.8125 0.26322115384615385 0.04326923076923077 0.036057692307692304
0 0.984375 0.02283653846153846 0.03125 0.036057692307692304
0 0.9423076923076923 0.31971153846153844 0.038461538461538464 0.03365384615384615
0 0.6850961538461539 0.328125 0.052884615384615384 0.04567307692307692
0 0.7680288461538461 0.34375 0.04567307692307692 0.038461538461538464
0 0.8257211538461539 0.34975961538461536 0.04567307692307692 0.04567307692307692
0 0.9026442307692307 0.36177884615384615 0.036057692307692304 0.04567307692307692
0 0.7127403846153846 0.03365384615384615 0.04567307692307692 0.03365384615384615
0 0.8365384615384616 0.4639423076923077 0.03365384615384615 0.03365384615384615
0 0.96875 0.4639423076923077 0.057692307692307696 0.04326923076923077
0 0.8966346153846154 0.47836538461538464 0.04326923076923077 0.04326923076923077
0 0.7572115384615384 0.4855769230769231 0.03365384615384615 0.04326923076923077
0 0.8317307692307693 0.5204326923076923 0.052884615384615384 0.05048076923076923
0 0.859375 0.5649038461538461 0.04567307692307692 0.038461538461538464
0 0.6646634615384616 0.5673076923076923 0.01201923076923077 0.03365384615384615
0 0.7211538461538461 0.5889423076923077 0.028846153846153848 0.04326923076923077
0 0.9399038461538461 0.052884615384615384 0.038461538461538464 0.04326923076923077
0 0.671875 0.6201923076923077 0.026442307692307692 0.03365384615384615
0 0.7584134615384616 0.08173076923076923 0.036057692307692304 0.03365384615384615
0 0.8413461538461539 0.0829326923076923 0.03365384615384615 0.036057692307692304
0 0.9555288461538461 0.1346153846153846 0.05048076923076923 0.03365384615384615
0 0.9639423076923077 0.16826923076923078 0.04326923076923077 0.028846153846153848
0 0.9939903846153846 0.21514423076923078 0.01201923076923077 0.036057692307692304