0 0.3798076923076923 0.4639423076923077 0.052884615384615384 0.019230769230769232
0 0.453125 0.49759615384615385 0.06971153846153846 0.03365384615384615
0 0.5396634615384616 0.5456730769230769 0.04567307692307692 0.03365384615384615
0 0.34615384615384615 0.5841346153846154 0.052884615384615384 0.03365384615384615
0 0.6826923076923077 0.625 0.052884615384615384 0.04807692307692308
0 0.4675480769230769 0.6370192307692307 0.05048076923076923 0.04807692307692308
0 0.9002403846153846 0.6382211538461539 0.05048076923076923 0.036057692307692304
0 0.7427884615384616 0.6574519230769231 0.057692307692307696 0.05048076923076923
0 0.8701923076923077 0.6646634615384616 0.057692307692307696 0.040865384615384616
0 0.3016826923076923 0.6838942307692307 0.05048076923076923 0.026442307692307692
0 0.44591346153846156 0.7391826923076923 0.04567307692307692 0.05048076923076923
0 0.41225961538461536 0.7680288461538461 0.05048076923076923 0.03125
0 0.36899038461538464 0.78125 0.036057692307692304 0.04807692307692308
0 0.7271634615384616 0.8076923076923077 0.07932692307692307 0.03365384615384615
0 0.5504807692307693 0.24158653846153846 0.057692307692307696 0.05048076923076923
0 0.6177884615384616 0.2776442307692308 0.03365384615384615 0.040865384615384616
0 0.8413461538461539 0.3701923076923077 0.07692307692307693 0.04807692307692308
0 0.22716346153846154 0.4026442307692308 0.06971153846153846 0.036057692307692304
0 0.7740384615384616 0.44591346153846156 0.052884615384615384 0.05048076923076923
0 0.4110576923076923 0.984375 0.052884615384615384 0.026442307692307692
0 0.36899038461538464 0.9735576923076923 0.036057692307692304 0.04807692307692308
0 0.7271634615384616 0.9471153846153846 0.07932692307692307 0.03365384615384615
0 0.5516826923076923 0.015625 0.06009615384615385 0.03125