0 0.046875 0.3545673076923077 0.09375 0.17548076923076922
0 0.19230769230769232 0.359375 0.19230769230769232 0.0985576923076923
0 0.18870192307692307 0.44591346153846156 0.1658653846153846 0.09375
0 0.1778846153846154 0.19471153846153846 0.23076923076923078 0.14423076923076922
0 0.6442307692307693 0.016826923076923076 0.03365384615384615 0.028846153846153848
0 0.609375 0.10216346153846154 0.040865384615384616 0.036057692307692304
0 0.8365384615384616 0.3317307692307692 0.038461538461538464 0.04326923076923077
0 0.9855769230769231 0.36658653846153844 0.028846153846153848 0.040865384615384616
0 0.9026442307692307 0.45913461538461536 0.040865384615384616 0.03365384615384615
0 0.6322115384615384 0.47475961538461536 0.038461538461538464 0.036057692307692304
0 0.41466346153846156 0.7259615384615384 0.03125 0.028846153846153848
0 0.484375 0.890625 0.03125 0.040865384615384616
0 0.4891826923076923 0.9699519230769231 0.040865384615384616 0.06009615384615385
0 0.9603365384615384 0.9939903846153846 0.055288461538461536 0.01201923076923077