0 0.3125 0.36899038461538464 0.11538461538461539 0.06971153846153846
0 0.19471153846153846 0.3870192307692308 0.0673076923076923 0.04807692307692308
0 0.36658653846153844 0.5372596153846154 0.06971153846153846 0.07932692307692307
0 0.1466346153846154 0.13942307692307693 0.11057692307692307 0.07692307692307693
0 0.6983173076923077 0.28365384615384615 0.04567307692307692 0.04326923076923077
0 0.8786057692307693 0.3112980769230769 0.08413461538461539 0.07932692307692307
0 0.8737980769230769 0.015625 0.06971153846153846 0.03125
0 0.8064903846153846 0.020432692307692308 0.07932692307692307 0.040865384615384616
0 0.8125 0.4543269230769231 0.09134615384615384 0.0625
0 0.7007211538461539 0.014423076923076924 0.07932692307692307 0.028846153846153848
0 0.5348557692307693 0.53125 0.06490384615384616 0.04326923076923077
0 0.6995192307692307 0.6634615384615384 0.04326923076923077 0.04326923076923077
0 0.6995192307692307 0.7391826923076923 0.04326923076923077 0.040865384615384616
0 0.19471153846153846 0.9591346153846154 0.10096153846153846 0.08173076923076923
0 0.15504807692307693 0.9831730769230769 0.07932692307692307 0.03365384615384615