0 0.22956730769230768 0.39903846153846156 0.08413461538461539 0.0625
0 0.07211538461538461 0.44471153846153844 0.057692307692307696 0.038461538461538464
0 0.24519230769230768 0.49038461538461536 0.052884615384615384 0.04326923076923077
0 0.2704326923076923 0.1622596153846154 0.04567307692307692 0.036057692307692304
0 0.0673076923076923 0.2956730769230769 0.04807692307692308 0.04326923076923077
0 0.38461538461538464 0.30408653846153844 0.0625 0.05048076923076923
0 0.2704326923076923 0.02283653846153846 0.04567307692307692 0.036057692307692304
0 0.9879807692307693 0.14423076923076922 0.02403846153846154 0.03365384615384615
0 0.18990384615384615 0.6694711538461539 0.03365384615384615 0.03125
0 0.4387019230769231 0.7908653846153846 0.03125 0.028846153846153848
0 0.40384615384615385 0.8641826923076923 0.04807692307692308 0.040865384615384616
0 0.22716346153846154 0.8882211538461539 0.026442307692307692 0.036057692307692304
0 0.5516826923076923 0.8545673076923077 0.026442307692307692 0.021634615384615384
0 0.5060096153846154 0.8641826923076923 0.036057692307692304 0.03125
0 0.5528846153846154 0.8810096153846154 0.028846153846153848 0.021634615384615384
0 0.47475961538461536 0.890625 0.01201923076923077 0.036057692307692304
0 0.7247596153846154 0.6045673076923077 0.036057692307692304 0.026442307692307692