0 0.125 0.2956730769230769 0.0625 0.057692307692307696
0 0.33533653846153844 0.38461538461538464 0.07451923076923077 0.07692307692307693
0 0.08173076923076923 0.38822115384615385 0.08653846153846154 0.06971153846153846
0 0.27884615384615385 0.07211538461538461 0.0625 0.04326923076923077
0 0.7596153846153846 0.27403846153846156 0.038461538461538464 0.038461538461538464
0 0.8509615384615384 0.28365384615384615 0.0673076923076923 0.04326923076923077
0 0.8641826923076923 0.3317307692307692 0.08413461538461539 0.0673076923076923
0 0.9290865384615384 0.35216346153846156 0.05048076923076923 0.036057692307692304
0 0.9783653846153846 0.36177884615384615 0.04326923076923077 0.04567307692307692
0 0.9819711538461539 0.5745192307692307 0.036057692307692304 0.028846153846153848
0 0.9867788461538461 0.09495192307692307 0.026442307692307692 0.05048076923076923
0 0.8341346153846154 0.2403846153846154 0.04326923076923077 0.038461538461538464
0 0.6081730769230769 0.8425480769230769 0.052884615384615384 0.05048076923076923
0 0.6310096153846154 0.9242788461538461 0.026442307692307692 0.036057692307692304
0 0.9903846153846154 0.5949519230769231 0.019230769230769232 0.01201923076923077
0 0.8834134615384616 0.6009615384615384 0.021634615384615384 0.02403846153846154
0 0.7415865384615384 0.5985576923076923 0.026442307692307692 0.019230769230769232
0 0.9206730769230769 0.7007211538461539 0.019230769230769232 0.021634615384615384