0 0.18990384615384615 0.078125 0.0625 0.07451923076923077
0 0.052884615384615384 0.20192307692307693 0.0673076923076923 0.057692307692307696
0 0.8737980769230769 0.019230769230769232 0.08413461538461539 0.038461538461538464
0 0.8076923076923077 0.14182692307692307 0.09134615384615384 0.0625
0 0.5360576923076923 0.21875 0.052884615384615384 0.04326923076923077
0 0.6947115384615384 0.35096153846153844 0.04326923076923077 0.04326923076923077
0 0.6947115384615384 0.4170673076923077 0.04326923076923077 0.021634615384615384
0 0.11298076923076923 0.9242788461538461 0.038461538461538464 0.026442307692307692
0 0.17427884615384615 0.9278846153846154 0.021634615384615384 0.019230769230769232
0 0.44711538461538464 0.953125 0.03365384615384615 0.026442307692307692
0 0.3317307692307692 0.9855769230769231 0.028846153846153848 0.028846153846153848
0 0.30408653846153844 0.9855769230769231 0.036057692307692304 0.028846153846153848
0 0.75 0.8846153846153846 0.04326923076923077 0.038461538461538464
0 0.6189903846153846 0.9747596153846154 0.04567307692307692 0.040865384615384616