0 0.046875 0.21754807692307693 0.07451923076923077 0.06971153846153846
0 0.1201923076923077 0.18028846153846154 0.08653846153846154 0.10096153846153846
0 0.8701923076923077 0.2608173076923077 0.03365384615384615 0.026442307692307692
0 0.4579326923076923 0.29447115384615385 0.08413461538461539 0.06971153846153846
0 0.9387019230769231 0.296875 0.055288461538461536 0.04567307692307692
0 0.5793269230769231 0.3125 0.04326923076923077 0.03365384615384615
0 0.6754807692307693 0.3161057692307692 0.0625 0.05048076923076923
0 0.5552884615384616 0.4026442307692308 0.0625 0.04567307692307692
0 0.6682692307692307 0.4879807692307692 0.0673076923076923 0.04326923076923077
0 0.15384615384615385 0.8677884615384616 0.038461538461538464 0.028846153846153848
0 0.2536057692307692 0.9242788461538461 0.01201923076923077 0.036057692307692304
0 0.12980769230769232 0.8305288461538461 0.038461538461538464 0.026442307692307692
0 0.7716346153846154 0.6322115384615384 0.052884615384615384 0.028846153846153848
0 0.6790865384615384 0.6322115384615384 0.06971153846153846 0.028846153846153848
0 0.8473557692307693 0.6322115384615384 0.06009615384615385 0.028846153846153848
0 0.5901442307692307 0.6634615384615384 0.06009615384615385 0.038461538461538464
0 0.3401442307692308 0.671875 0.05048076923076923 0.04567307692307692
0 0.5012019230769231 0.6742788461538461 0.04567307692307692 0.06009615384615385
0 0.4050480769230769 0.6790865384615384 0.06009615384615385 0.06971153846153846
0 0.6069711538461539 0.7163461538461539 0.04567307692307692 0.04326923076923077
0 0.7944711538461539 0.7223557692307693 0.036057692307692304 0.06009615384615385
0 0.296875 0.7403846153846154 0.06009615384615385 0.052884615384615384
0 0.7007211538461539 0.7427884615384616 0.06971153846153846 0.04326923076923077
0 0.2692307692307692 0.7764423076923077 0.019230769230769232 0.057692307692307696
0 0.46634615384615385 0.8401442307692307 0.052884615384615384 0.036057692307692304
0 0.28125 0.8509615384615384 0.04326923076923077 0.0673076923076923
0 0.8016826923076923 0.8713942307692307 0.06971153846153846 0.06009615384615385