0 0.18389423076923078 0.3786057692307692 0.24759615384615385 0.17548076923076922
0 0.40625 0.38341346153846156 0.19230769230769232 0.0985576923076923
0 0.4026442307692308 0.4699519230769231 0.1658653846153846 0.09375
0 0.3918269230769231 0.21875 0.23076923076923078 0.14423076923076922
0 0.7019230769230769 0.4495192307692308 0.052884615384615384 0.04807692307692308
0 0.9194711538461539 0.46274038461538464 0.05048076923076923 0.036057692307692304
0 0.7620192307692307 0.48197115384615385 0.057692307692307696 0.05048076923076923
0 0.8894230769230769 0.4891826923076923 0.057692307692307696 0.040865384615384616
0 0.7463942307692307 0.6322115384615384 0.07932692307692307 0.03365384615384615
0 0.6370192307692307 0.10216346153846154 0.03365384615384615 0.040865384615384616
0 0.8605769230769231 0.19471153846153846 0.07692307692307693 0.04807692307692308
0 0.7932692307692307 0.2704326923076923 0.052884615384615384 0.05048076923076923
0 0.38341346153846156 0.84375 0.026442307692307692 0.019230769230769232
0 0.34375 0.8557692307692307 0.04326923076923077 0.028846153846153848
0 0.13822115384615385 0.9170673076923077 0.026442307692307692 0.021634615384615384