0 0.1778846153846154 0.203125 0.052884615384615384 0.04567307692307692
0 0.07451923076923077 0.22596153846153846 0.0673076923076923 0.052884615384615384
0 0.18028846153846154 0.23317307692307693 0.0625 0.038461538461538464
0 0.33774038461538464 0.24158653846153846 0.10336538461538461 0.0889423076923077
0 0.08173076923076923 0.2620192307692308 0.052884615384615384 0.04326923076923077
0 0.23557692307692307 0.2644230769230769 0.038461538461538464 0.04326923076923077
0 0.11899038461538461 0.31009615384615385 0.05048076923076923 0.038461538461538464
0 0.27884615384615385 0.375 0.0625 0.04326923076923077
0 0.3581730769230769 0.3798076923076923 0.04326923076923077 0.038461538461538464
0 0.5108173076923077 0.3894230769230769 0.036057692307692304 0.038461538461538464
0 0.24158653846153846 0.4050480769230769 0.036057692307692304 0.05048076923076923
0 0.2668269230769231 0.4170673076923077 0.04326923076923077 0.04567307692307692
0 0.3088942307692308 0.4579326923076923 0.05048076923076923 0.036057692307692304
0 0.29447115384615385 0.49158653846153844 0.04567307692307692 0.036057692307692304
0 0.42427884615384615 0.042067307692307696 0.04567307692307692 0.06009615384615385
0 0.45552884615384615 0.09975961538461539 0.036057692307692304 0.040865384615384616
0 0.030048076923076924 0.11057692307692307 0.06009615384615385 0.057692307692307696
0 0.36538461538461536 0.12860576923076922 0.0625 0.06009615384615385
0 0.5841346153846154 0.6274038461538461 0.11057692307692307 0.08653846153846154