0 0.35216346153846156 0.18629807692307693 0.07451923076923077 0.05048076923076923
0 0.06610576923076923 0.27283653846153844 0.06971153846153846 0.040865384615384616
0 0.3112980769230769 0.40865384615384615 0.06971153846153846 0.0625
0 0.35216346153846156 0.056490384615384616 0.07451923076923077 0.05048076923076923
0 0.78125 0.26322115384615385 0.038461538461538464 0.040865384615384616
0 0.28966346153846156 0.8245192307692307 0.13221153846153846 0.1346153846153846
0 0.19951923076923078 0.8413461538461539 0.04326923076923077 0.04326923076923077
0 0.4795673076923077 0.8665865384615384 0.05048076923076923 0.05048076923076923
0 0.2776442307692308 0.6598557692307693 0.06490384615384616 0.04567307692307692
0 0.21754807692307693 0.6838942307692307 0.05048076923076923 0.040865384615384616
0 0.7331730769230769 0.6334134615384616 0.038461538461538464 0.055288461538461536