0 0.3137019230769231 0.3858173076923077 0.06009615384615385 0.06009615384615385
0 0.17067307692307693 0.22716346153846154 0.052884615384615384 0.06009615384615385
0 0.4495192307692308 0.2512019230769231 0.038461538461538464 0.05048076923076923
0 0.3401442307692308 0.30288461538461536 0.04567307692307692 0.038461538461538464
0 0.038461538461538464 0.8293269230769231 0.07692307692307693 0.11057692307692307
0 0.15264423076923078 0.8461538461538461 0.07932692307692307 0.07692307692307693
0 0.24759615384615385 0.8581730769230769 0.09134615384615384 0.08173076923076923
0 0.39903846153846156 0.90625 0.07692307692307693 0.0673076923076923
0 0.21995192307692307 0.6382211538461539 0.05048076923076923 0.036057692307692304
0 0.016826923076923076 0.6370192307692307 0.03365384615384615 0.08173076923076923
0 0.09254807692307693 0.6370192307692307 0.07932692307692307 0.0673076923076923
0 0.28125 0.6790865384615384 0.07692307692307693 0.06009615384615385
0 0.8557692307692307 0.7644230769230769 0.038461538461538464 0.038461538461538464
0 0.9242788461538461 0.5276442307692307 0.06009615384615385 0.055288461538461536
0 0.6622596153846154 0.6442307692307693 0.04567307692307692 0.04326923076923077