0 0.5372596153846154 0.40625 0.06490384615384616 0.052884615384615384
0 0.5336538461538461 0.4098557692307692 0.057692307692307696 0.05048076923076923
0 0.34134615384615385 0.4362980769230769 0.052884615384615384 0.04567307692307692
0 0.16706730769230768 0.5540865384615384 0.08413461538461539 0.06009615384615385
0 0.16346153846153846 0.5997596153846154 0.08653846153846154 0.06971153846153846
0 0.4050480769230769 0.6298076923076923 0.08413461538461539 0.057692307692307696
0 0.21875 0.6971153846153846 0.08653846153846154 0.0673076923076923
0 0.32091346153846156 0.6983173076923077 0.04567307692307692 0.04567307692307692
0 0.6165865384615384 0.7271634615384616 0.055288461538461536 0.04567307692307692
0 0.12259615384615384 0.7391826923076923 0.052884615384615384 0.06009615384615385
0 0.28966346153846156 0.22235576923076922 0.07451923076923077 0.07451923076923077
0 0.23677884615384615 0.3545673076923077 0.06490384615384616 0.04567307692307692
0 0.12379807692307693 0.9915865384615384 0.055288461538461536 0.01201923076923077
0 0.28846153846153844 0.03125 0.07692307692307693 0.0625