0 0.14423076923076922 0.1971153846153846 0.0625 0.052884615384615384
0 0.3233173076923077 0.29927884615384615 0.08413461538461539 0.05048076923076923
0 0.15625 0.42788461538461536 0.07692307692307693 0.0673076923076923
0 0.7620192307692307 0.30649038461538464 0.019230769230769232 0.026442307692307692
0 0.7295673076923077 0.33653846153846156 0.016826923076923076 0.014423076923076924
0 0.75 0.36658653846153844 0.019230769230769232 0.026442307692307692
0 0.9206730769230769 0.22956730769230768 0.019230769230769232 0.036057692307692304
0 0.18870192307692307 0.6923076923076923 0.040865384615384616 0.028846153846153848
0 0.11899038461538461 0.7944711538461539 0.05048076923076923 0.10817307692307693
0 0.007211538461538462 0.8028846153846154 0.014423076923076924 0.019230769230769232
0 0.7487980769230769 0.9314903846153846 0.040865384615384616 0.04567307692307692