0 0.13221153846153846 0.2824519230769231 0.057692307692307696 0.06009615384615385
0 0.17668269230769232 0.2932692307692308 0.06009615384615385 0.052884615384615384
0 0.4375 0.020432692307692308 0.019230769230769232 0.036057692307692304
0 0.5697115384615384 0.14182692307692307 0.07692307692307693 0.08653846153846154
0 0.4651442307692308 0.3557692307692308 0.07451923076923077 0.0625
0 0.8197115384615384 0.3942307692307692 0.03365384615384615 0.04807692307692308
0 0.7439903846153846 0.39302884615384615 0.06009615384615385 0.05048076923076923
0 0.7043269230769231 0.41225961538461536 0.03365384615384615 0.01201923076923077
0 0.4519230769230769 0.009615384615384616 0.04807692307692308 0.019230769230769232
0 0.24879807692307693 0.5216346153846154 0.036057692307692304 0.02403846153846154
0 0.3293269230769231 0.6502403846153846 0.028846153846153848 0.026442307692307692
0 0.24278846153846154 0.9038461538461539 0.028846153846153848 0.03365384615384615
0 0.28966346153846156 0.9158653846153846 0.021634615384615384 0.03365384615384615
0 0.15144230769230768 0.9423076923076923 0.028846153846153848 0.02403846153846154
0 0.07451923076923077 0.9627403846153846 0.028846153846153848 0.021634615384615384
0 0.25721153846153844 0.9771634615384616 0.02403846153846154 0.021634615384615384
0 0.22956730769230768 0.9771634615384616 0.03125 0.026442307692307692
0 0.20192307692307693 0.9867788461538461 0.028846153846153848 0.026442307692307692
0 0.8305288461538461 0.5288461538461539 0.040865384615384616 0.03365384615384615