0 0.3137019230769231 0.3449519230769231 0.07932692307692307 0.07451923076923077
0 0.5036057692307693 0.234375 0.040865384615384616 0.03125
0 0.5252403846153846 0.1346153846153846 0.040865384615384616 0.03365384615384615
0 0.44471153846153844 0.17067307692307693 0.03365384615384615 0.04326923076923077
0 0.24759615384615385 0.8257211538461539 0.03365384615384615 0.026442307692307692
0 0.2536057692307692 0.9206730769230769 0.03125 0.028846153846153848
0 0.6418269230769231 0.6959134615384616 0.038461538461538464 0.040865384615384616
0 0.7223557692307693 0.7463942307692307 0.04567307692307692 0.040865384615384616
0 0.7764423076923077 0.7584134615384616 0.02403846153846154 0.03125
0 0.7307692307692307 0.8112980769230769 0.052884615384615384 0.040865384615384616
0 0.7680288461538461 0.8221153846153846 0.04567307692307692 0.038461538461538464
0 0.9819711538461539 0.8389423076923077 0.036057692307692304 0.0673076923076923
0 0.8233173076923077 0.8617788461538461 0.03125 0.036057692307692304
0 0.9387019230769231 0.9326923076923077 0.06009615384615385 0.052884615384615384