0 0.41586538461538464 0.018028846153846152 0.052884615384615384 0.036057692307692304
0 0.11658653846153846 0.030048076923076924 0.08413461538461539 0.05048076923076923
0 0.24879807692307693 0.08173076923076923 0.04567307692307692 0.038461538461538464
0 0.27524038461538464 0.16466346153846154 0.06009615384615385 0.06009615384615385
0 0.07932692307692307 0.34615384615384615 0.07692307692307693 0.052884615384615384
0 0.6165865384615384 0.006009615384615385 0.07451923076923077 0.01201923076923077
0 0.6490384615384616 0.07091346153846154 0.052884615384615384 0.026442307692307692
0 0.5805288461538461 0.07572115384615384 0.08413461538461539 0.05048076923076923
0 0.6430288461538461 0.2644230769230769 0.06009615384615385 0.0673076923076923
0 0.5552884615384616 0.3004807692307692 0.038461538461538464 0.03365384615384615
0 0.5564903846153846 0.5264423076923077 0.040865384615384616 0.004807692307692308
0 0.609375 0.6454326923076923 0.021634615384615384 0.021634615384615384
0 0.5216346153846154 0.6814903846153846 0.02403846153846154 0.016826923076923076
0 0.5444711538461539 0.7271634615384616 0.036057692307692304 0.036057692307692304