0 0.5697115384615384 0.3701923076923077 0.04326923076923077 0.038461538461538464
0 0.4651442307692308 0.40024038461538464 0.05048076923076923 0.05048076923076923
0 0.6382211538461539 0.40384615384615385 0.036057692307692304 0.04326923076923077
0 0.6814903846153846 0.41586538461538464 0.05048076923076923 0.038461538461538464
0 0.5576923076923077 0.43509615384615385 0.028846153846153848 0.038461538461538464
0 0.5060096153846154 0.46033653846153844 0.036057692307692304 0.04567307692307692
0 0.6959134615384616 0.46153846153846156 0.05048076923076923 0.04326923076923077
0 0.5925480769230769 0.4675480769230769 0.036057692307692304 0.026442307692307692
0 0.7139423076923077 0.49759615384615385 0.04326923076923077 0.028846153846153848
0 0.7139423076923077 0.5456730769230769 0.038461538461538464 0.04326923076923077
0 0.5661057692307693 0.5540865384615384 0.06971153846153846 0.05048076923076923
0 0.23798076923076922 0.5721153846153846 0.057692307692307696 0.057692307692307696
0 0.8269230769230769 0.5961538461538461 0.04326923076923077 0.04326923076923077
0 0.6826923076923077 0.5973557692307693 0.038461538461538464 0.04567307692307692
0 0.38822115384615385 0.6430288461538461 0.04567307692307692 0.05048076923076923
0 0.09975961538461539 0.7139423076923077 0.04567307692307692 0.057692307692307696
0 0.6538461538461539 0.24519230769230768 0.04326923076923077 0.04326923076923077
0 0.4338942307692308 0.2644230769230769 0.036057692307692304 0.038461538461538464
0 0.6021634615384616 0.29086538461538464 0.06009615384615385 0.052884615384615384
0 0.6959134615384616 0.3076923076923077 0.05048076923076923 0.052884615384615384
0 0.6286057692307693 0.3269230769230769 0.05048076923076923 0.028846153846153848
0 0.5961538461538461 0.3473557692307692 0.04326923076923077 0.05048076923076923
0 0.734375 0.35336538461538464 0.04567307692307692 0.03365384615384615
0 0.6550480769230769 0.01201923076923077 0.04567307692307692 0.02403846153846154