0 0.47115384615384615 0.5540865384615384 0.03365384615384615 0.04567307692307692
0 0.38100961538461536 0.16346153846153846 0.04567307692307692 0.04326923076923077
0 0.35216346153846156 0.22235576923076922 0.04567307692307692 0.04567307692307692
0 0.4014423076923077 0.38341346153846156 0.04326923076923077 0.036057692307692304
0 0.4699519230769231 0.4423076923076923 0.036057692307692304 0.038461538461538464
0 0.38100961538461536 0.04807692307692308 0.04567307692307692 0.04326923076923077
0 0.35096153846153844 0.007211538461538462 0.04807692307692308 0.014423076923076924
0 0.5576923076923077 0.21875 0.038461538461538464 0.028846153846153848
0 0.04447115384615385 0.7475961538461539 0.06009615384615385 0.057692307692307696
0 0.6346153846153846 0.8954326923076923 0.028846153846153848 0.03125
0 0.9483173076923077 0.9543269230769231 0.040865384615384616 0.038461538461538464
0 0.9831730769230769 0.9723557692307693 0.03365384615384615 0.03125