0 0.6442307692307693 0.3954326923076923 0.10096153846153846 0.07451923076923077
0 0.5480769230769231 0.4026442307692308 0.04326923076923077 0.04567307692307692
0 0.5901442307692307 0.4675480769230769 0.11778846153846154 0.06009615384615385
0 0.9026442307692307 0.4699519230769231 0.05048076923076923 0.06971153846153846
0 0.390625 0.5036057692307693 0.06971153846153846 0.05048076923076923
0 0.47475961538461536 0.53125 0.05048076923076923 0.038461538461538464
0 0.7824519230769231 0.5709134615384616 0.07451923076923077 0.06971153846153846
0 0.5600961538461539 0.6129807692307693 0.0673076923076923 0.0625
0 0.8064903846153846 0.8088942307692307 0.07451923076923077 0.06009615384615385
0 0.5516826923076923 0.8269230769230769 0.07451923076923077 0.057692307692307696
0 0.421875 0.8425480769230769 0.036057692307692304 0.040865384615384616
0 0.7836538461538461 0.21634615384615385 0.08653846153846154 0.052884615384615384
0 0.3173076923076923 0.2283653846153846 0.07692307692307693 0.0625
0 0.453125 0.2620192307692308 0.07451923076923077 0.0625
0 0.8088942307692307 0.3004807692307692 0.07932692307692307 0.04326923076923077
0 0.6742788461538461 0.3088942307692308 0.09375 0.0985576923076923
0 0.8365384615384616 0.359375 0.0625 0.07451923076923077
0 0.8064903846153846 0.9483173076923077 0.07451923076923077 0.06009615384615385
0 0.5516826923076923 0.9278846153846154 0.07451923076923077 0.057692307692307696
0 0.421875 0.9146634615384616 0.036057692307692304 0.040865384615384616
0 0.7836538461538461 0.028846153846153848 0.08653846153846154 0.052884615384615384
0 0.31850961538461536 0.025240384615384616 0.07932692307692307 0.05048076923076923
0 0.4519230769230769 0.008413461538461538 0.07692307692307693 0.016826923076923076