0 0.43509615384615385 0.38822115384615385 0.04326923076923077 0.026442307692307692
0 0.5757211538461539 0.3918269230769231 0.05048076923076923 0.028846153846153848
0 0.20072115384615385 0.43509615384615385 0.07451923076923077 0.0625
0 0.28365384615384615 0.4423076923076923 0.0673076923076923 0.0625
0 0.5649038461538461 0.4891826923076923 0.038461538461538464 0.036057692307692304
0 0.4579326923076923 0.5240384615384616 0.04567307692307692 0.0625
0 0.5120192307692307 0.6153846153846154 0.07692307692307693 0.0625
0 0.4831730769230769 0.6754807692307693 0.0673076923076923 0.057692307692307696
0 0.3389423076923077 0.296875 0.038461538461538464 0.036057692307692304
0 0.5997596153846154 0.296875 0.021634615384615384 0.026442307692307692
0 0.5685096153846154 0.2980769230769231 0.036057692307692304 0.03365384615384615