0 0.6730769230769231 0.40865384615384615 0.0673076923076923 0.08653846153846154
0 0.5300480769230769 0.41586538461538464 0.06971153846153846 0.052884615384615384
0 0.4074519230769231 0.43149038461538464 0.09375 0.08413461538461539
0 0.33052884615384615 0.49038461538461536 0.11778846153846154 0.10096153846153846
0 0.5216346153846154 0.515625 0.08653846153846154 0.08413461538461539
0 0.2620192307692308 0.5564903846153846 0.12980769230769232 0.10336538461538461
0 0.43509615384615385 0.6117788461538461 0.1201923076923077 0.08413461538461539
0 0.37740384615384615 0.671875 0.125 0.06009615384615385
0 0.4411057692307692 0.7451923076923077 0.06971153846153846 0.0673076923076923
0 0.5132211538461539 0.7752403846153846 0.06009615384615385 0.06009615384615385
0 0.43990384615384615 0.9867788461538461 0.07211538461538461 0.021634615384615384
0 0.5120192307692307 0.9735576923076923 0.0625 0.04807692307692308