0 0.28966346153846156 0.3076923076923077 0.055288461538461536 0.038461538461538464
0 0.40625 0.7980769230769231 0.09134615384615384 0.1201923076923077
0 0.1622596153846154 0.8233173076923077 0.09375 0.07451923076923077
0 0.30528846153846156 0.8329326923076923 0.07211538461538461 0.06971153846153846
0 0.24519230769230768 0.9807692307692307 0.0673076923076923 0.038461538461538464
0 0.19230769230769232 0.5600961538461539 0.07692307692307693 0.052884615384615384
0 0.31971153846153844 0.6045673076923077 0.0673076923076923 0.06490384615384616
0 0.38341346153846156 0.609375 0.06009615384615385 0.06009615384615385
0 0.30528846153846156 0.7139423076923077 0.08653846153846154 0.07692307692307693
0 0.19230769230769232 0.41586538461538464 0.07692307692307693 0.052884615384615384
0 0.31971153846153844 0.3737980769230769 0.0673076923076923 0.06490384615384616
0 0.38341346153846156 0.36899038461538464 0.06009615384615385 0.06009615384615385
0 0.8269230769230769 0.6670673076923077 0.03365384615384615 0.036057692307692304