0 0.2704326923076923 0.37259615384615385 0.06009615384615385 0.04326923076923077
0 0.15144230769230768 0.40024038461538464 0.057692307692307696 0.06009615384615385
0 0.3317307692307692 0.46033653846153844 0.0625 0.036057692307692304
0 0.16346153846153846 0.46274038461538464 0.038461538461538464 0.05048076923076923
0 0.12740384615384615 0.47596153846153844 0.052884615384615384 0.04326923076923077
0 0.4206730769230769 0.5192307692307693 0.014423076923076924 0.038461538461538464
0 0.4230769230769231 0.12139423076923077 0.009615384615384616 0.036057692307692304
0 0.1814903846153846 0.1778846153846154 0.06009615384615385 0.028846153846153848
0 0.09375 0.22235576923076922 0.0625 0.06009615384615385
0 0.8762019230769231 0.21394230769230768 0.055288461538461536 0.052884615384615384
0 0.6057692307692307 0.8016826923076923 0.057692307692307696 0.055288461538461536
0 0.7151442307692307 0.8161057692307693 0.055288461538461536 0.055288461538461536
0 0.5817307692307693 0.6899038461538461 0.057692307692307696 0.0625
0 0.6826923076923077 0.7331730769230769 0.0625 0.052884615384615384