0 0.5216346153846154 0.1778846153846154 0.0673076923076923 0.0625
0 0.3894230769230769 0.19471153846153846 0.04807692307692308 0.03365384615384615
0 0.1346153846153846 0.21514423076923078 0.057692307692307696 0.040865384615384616
0 0.36658653846153844 0.234375 0.04567307692307692 0.04567307692307692
0 0.018028846153846152 0.2668269230769231 0.036057692307692304 0.04326923076923077
0 0.4423076923076923 0.28365384615384615 0.04807692307692308 0.038461538461538464
0 0.44471153846153844 0.328125 0.057692307692307696 0.021634615384615384
0 0.2439903846153846 0.003605769230769231 0.05048076923076923 0.007211538461538462
0 0.5961538461538461 0.036057692307692304 0.03365384615384615 0.03365384615384615
0 0.9399038461538461 0.3112980769230769 0.038461538461538464 0.040865384615384616
0 0.49158653846153844 0.41947115384615385 0.026442307692307692 0.026442307692307692
0 0.078125 0.6778846153846154 0.021634615384615384 0.03365384615384615
0 0.28725961538461536 0.7788461538461539 0.021634615384615384 0.028846153846153848
0 0.2548076923076923 0.7860576923076923 0.038461538461538464 0.03365384615384615
0 0.11778846153846154 0.8185096153846154 0.02403846153846154 0.03125
0 0.5228365384615384 0.8461538461538461 0.026442307692307692 0.02403846153846154
0 0.20072115384615385 0.9050480769230769 0.021634615384615384 0.021634615384615384
0 0.3641826923076923 0.9903846153846154 0.026442307692307692 0.019230769230769232