0 0.6742788461538461 0.006009615384615385 0.026442307692307692 0.01201923076923077
0 0.8100961538461539 0.036057692307692304 0.04326923076923077 0.03365384615384615
0 0.6706730769230769 0.04447115384615385 0.028846153846153848 0.036057692307692304
0 0.5985576923076923 0.07211538461538461 0.019230769230769232 0.04326923076923077
0 0.7043269230769231 0.07692307692307693 0.028846153846153848 0.03365384615384615
0 0.6033653846153846 0.18990384615384615 0.028846153846153848 0.028846153846153848
0 0.6538461538461539 0.24759615384615385 0.028846153846153848 0.038461538461538464
0 0.71875 0.28966346153846156 0.038461538461538464 0.04567307692307692
0 0.6141826923076923 0.3112980769230769 0.021634615384615384 0.026442307692307692
0 0.6358173076923077 0.31009615384615385 0.021634615384615384 0.03365384615384615
0 0.4074519230769231 0.36658653846153844 0.03125 0.021634615384615384
0 0.4074519230769231 0.3918269230769231 0.040865384615384616 0.02403846153846154
0 0.7043269230769231 0.4326923076923077 0.052884615384615384 0.052884615384615384
0 0.8677884615384616 0.45072115384615385 0.07692307692307693 0.07451923076923077
0 0.953125 0.4543269230769231 0.04567307692307692 0.0625
0 0.8389423076923077 0.5192307692307693 0.052884615384615384 0.0673076923076923
0 0.7463942307692307 0.5228365384615384 0.06971153846153846 0.06009615384615385
0 0.9146634615384616 0.5276442307692307 0.06009615384615385 0.05048076923076923
0 0.6574519230769231 0.5697115384615384 0.06009615384615385 0.038461538461538464
0 0.6742788461538461 0.6225961538461539 0.04567307692307692 0.04326923076923077
0 0.8617788461538461 0.6286057692307693 0.036057692307692304 0.06009615384615385
0 0.7680288461538461 0.6490384615384616 0.06971153846153846 0.04326923076923077
0 0.8689903846153846 0.7776442307692307 0.06971153846153846 0.06009615384615385
0 0.6935096153846154 0.33653846153846156 0.05048076923076923 0.014423076923076924
0 0.5973557692307693 0.3629807692307692 0.016826923076923076 0.0673076923076923