0 0.49158653846153844 0.025240384615384616 0.09375 0.05048076923076923
0 0.3786057692307692 0.19831730769230768 0.08413461538461539 0.05048076923076923
0 0.5288461538461539 0.3112980769230769 0.019230769230769232 0.05048076923076923
0 0.5288461538461539 0.45552884615384615 0.019230769230769232 0.05048076923076923
0 0.9002403846153846 0.12379807692307693 0.021634615384615384 0.036057692307692304
0 0.9819711538461539 0.1875 0.026442307692307692 0.028846153846153848
0 0.7740384615384616 0.22956730769230768 0.038461538461538464 0.026442307692307692
0 0.8701923076923077 0.2283653846153846 0.03365384615384615 0.038461538461538464
0 0.9783653846153846 0.234375 0.028846153846153848 0.036057692307692304
0 0.8978365384615384 0.2620192307692308 0.036057692307692304 0.04326923076923077
0 0.7271634615384616 0.28365384615384615 0.036057692307692304 0.038461538461538464
0 0.8774038461538461 0.3161057692307692 0.03365384615384615 0.036057692307692304
0 0.7740384615384616 0.3389423076923077 0.03365384615384615 0.038461538461538464
0 0.8245192307692307 0.3485576923076923 0.04326923076923077 0.03365384615384615
0 0.6189903846153846 0.3629807692307692 0.036057692307692304 0.04326923076923077
0 0.9074519230769231 0.3798076923076923 0.036057692307692304 0.028846153846153848
0 0.7139423076923077 0.40625 0.028846153846153848 0.03365384615384615
0 0.5745192307692307 0.40865384615384615 0.019230769230769232 0.028846153846153848
0 0.8557692307692307 0.4110576923076923 0.028846153846153848 0.028846153846153848
0 0.9615384615384616 0.4375 0.028846153846153848 0.038461538461538464
0 0.921875 0.49399038461538464 0.021634615384615384 0.01201923076923077
0 0.9435096153846154 0.49158653846153844 0.021634615384615384 0.016826923076923076
0 0.9206730769230769 0.05889423076923077 0.028846153846153848 0.026442307692307692