0 0.7716346153846154 0.25961538461538464 0.04326923076923077 0.03365384615384615
0 0.8954326923076923 0.26322115384615385 0.06009615384615385 0.04567307692307692
0 0.9795673076923077 0.27884615384615385 0.040865384615384616 0.038461538461538464
0 0.8088942307692307 0.32091346153846156 0.04567307692307692 0.04567307692307692
0 0.9711538461538461 0.4206730769230769 0.03365384615384615 0.04326923076923077
0 0.8653846153846154 0.5024038461538461 0.038461538461538464 0.03365384615384615
0 0.8016826923076923 0.5240384615384616 0.05048076923076923 0.04326923076923077
0 0.9350961538461539 0.5240384615384616 0.028846153846153848 0.04326923076923077
0 0.8810096153846154 0.5552884615384616 0.036057692307692304 0.03365384615384615
0 0.8245192307692307 0.006009615384615385 0.038461538461538464 0.01201923076923077
0 0.9723557692307693 0.016826923076923076 0.036057692307692304 0.03365384615384615
0 0.03485576923076923 0.671875 0.04567307692307692 0.026442307692307692
0 0.08774038461538461 0.6911057692307693 0.06971153846153846 0.06490384615384616