0 0.2860576923076923 0.4675480769230769 0.03365384615384615 0.05048076923076923
0 0.26802884615384615 0.49038461538461536 0.026442307692307692 0.04326923076923077
0 0.7740384615384616 0.5300480769230769 0.04326923076923077 0.036057692307692304
0 0.7175480769230769 0.16466346153846154 0.11778846153846154 0.05048076923076923
0 0.6850961538461539 0.5420673076923077 0.11538461538461539 0.06009615384615385
0 0.21153846153846154 0.5673076923076923 0.038461538461538464 0.03365384615384615
0 0.25721153846153844 0.5745192307692307 0.052884615384615384 0.057692307692307696
0 0.5132211538461539 0.19110576923076922 0.05048076923076923 0.06009615384615385
0 0.9038461538461539 0.203125 0.09134615384615384 0.036057692307692304
0 0.5528846153846154 0.20793269230769232 0.0673076923076923 0.04567307692307692
0 0.5120192307692307 0.2439903846153846 0.07692307692307693 0.026442307692307692
0 0.8990384615384616 0.27884615384615385 0.0673076923076923 0.038461538461538464
0 0.6334134615384616 0.28365384615384615 0.06971153846153846 0.057692307692307696
0 0.5721153846153846 0.2920673076923077 0.0625 0.04567307692307692
0 0.37740384615384615 0.30528846153846156 0.057692307692307696 0.038461538461538464
0 0.17548076923076922 0.3173076923076923 0.057692307692307696 0.0625
0 0.9110576923076923 0.31971153846153844 0.0625 0.057692307692307696
0 0.5384615384615384 0.33774038461538464 0.052884615384615384 0.04567307692307692
0 0.4387019230769231 0.3425480769230769 0.06009615384615385 0.04567307692307692
0 0.4675480769230769 0.3798076923076923 0.05048076923076923 0.0673076923076923
0 0.8149038461538461 0.4014423076923077 0.038461538461538464 0.052884615384615384
0 0.5096153846153846 0.40865384615384615 0.04326923076923077 0.04326923076923077
0 0.46274038461538464 0.44471153846153844 0.05048076923076923 0.052884615384615384
0 0.3245192307692308 0.44711538461538464 0.03365384615384615 0.04326923076923077
0 0.6165865384615384 0.4543269230769231 0.11778846153846154 0.11538461538461539
0 0.7115384615384616 0.46033653846153844 0.04326923076923077 0.05048076923076923
0 0.7175480769230769 0.0829326923076923 0.11778846153846154 0.05048076923076923
0 0.5132211538461539 0.056490384615384616 0.05048076923076923 0.06009615384615385
0 0.9038461538461539 0.04447115384615385 0.09134615384615384 0.036057692307692304
0 0.5528846153846154 0.039663461538461536 0.0673076923076923 0.04567307692307692
0 0.5132211538461539 0.008413461538461538 0.07932692307692307 0.016826923076923076