0 0.9122596153846154 0.34134615384615385 0.040865384615384616 0.03365384615384615
0 0.3798076923076923 0.6009615384615384 0.03365384615384615 0.02403846153846154
0 0.27884615384615385 0.6033653846153846 0.038461538461538464 0.03365384615384615
0 0.42788461538461536 0.6189903846153846 0.04326923076923077 0.036057692307692304
0 0.328125 0.6201923076923077 0.036057692307692304 0.019230769230769232
0 0.2091346153846154 0.6322115384615384 0.04326923076923077 0.04807692307692308
0 0.32211538461538464 0.6622596153846154 0.03365384615384615 0.026442307692307692
0 0.28125 0.5492788461538461 0.038461538461538464 0.026442307692307692
0 0.421875 0.5492788461538461 0.036057692307692304 0.040865384615384616
0 0.6213942307692307 0.4110576923076923 0.10336538461538461 0.0625
0 0.4639423076923077 0.7644230769230769 0.028846153846153848 0.07211538461538461