0 0.006009615384615385 0.38221153846153844 0.01201923076923077 0.028846153846153848
0 0.3545673076923077 0.45913461538461536 0.05048076923076923 0.057692307692307696
0 0.007211538461538462 0.5180288461538461 0.014423076923076924 0.026442307692307692
0 0.3737980769230769 0.6346153846153846 0.05048076923076923 0.028846153846153848
0 0.1502403846153846 0.23798076923076922 0.036057692307692304 0.019230769230769232
0 0.9375 0.2668269230769231 0.04326923076923077 0.03365384615384615
0 0.9951923076923077 0.3161057692307692 0.009615384615384616 0.03125
0 0.37259615384615385 0.6586538461538461 0.04807692307692308 0.019230769230769232
0 0.3161057692307692 0.671875 0.06971153846153846 0.036057692307692304
0 0.41346153846153844 0.765625 0.052884615384615384 0.036057692307692304
0 0.07692307692307693 0.8064903846153846 0.052884615384615384 0.05048076923076923
0 0.29447115384615385 0.8185096153846154 0.05048076923076923 0.05048076923076923
0 0.02283653846153846 0.8389423076923077 0.04567307692307692 0.052884615384615384
0 0.46033653846153844 0.8653846153846154 0.05048076923076923 0.028846153846153848
0 0.3161057692307692 0.9206730769230769 0.04567307692307692 0.052884615384615384
0 0.34975961538461536 0.9495192307692307 0.05048076923076923 0.03365384615384615
0 0.39302884615384615 0.9651442307692307 0.036057692307692304 0.05048076923076923
0 0.037259615384615384 0.9867788461538461 0.07451923076923077 0.026442307692307692
0 0.9483173076923077 0.6634615384615384 0.06971153846153846 0.028846153846153848
0 0.9867788461538461 0.671875 0.026442307692307692 0.04567307692307692