0 0.265625 0.2692307692307692 0.07932692307692307 0.0625
0 0.026442307692307692 0.28966346153846156 0.052884615384615384 0.07932692307692307
0 0.028846153846153848 0.6009615384615384 0.057692307692307696 0.057692307692307696
0 0.6033653846153846 0.5925480769230769 0.038461538461538464 0.036057692307692304
0 0.5372596153846154 0.3557692307692308 0.06009615384615385 0.052884615384615384
0 0.7992788461538461 0.4723557692307692 0.04567307692307692 0.040865384615384616
0 0.5372596153846154 0.013221153846153846 0.06009615384615385 0.026442307692307692
0 0.6983173076923077 0.7235576923076923 0.036057692307692304 0.03365384615384615
0 0.5901442307692307 0.8088942307692307 0.026442307692307692 0.026442307692307692
0 0.4326923076923077 0.8461538461538461 0.02403846153846154 0.028846153846153848
0 0.49399038461538464 0.8569711538461539 0.03125 0.03125
0 0.6322115384615384 0.8798076923076923 0.057692307692307696 0.04807692307692308
0 0.5432692307692307 0.9483173076923077 0.052884615384615384 0.040865384615384616
0 0.4699519230769231 0.9603365384615384 0.03125 0.03125