0 0.5889423076923077 0.3161057692307692 0.0625 0.04567307692307692
0 0.030048076923076924 0.37740384615384615 0.06009615384615385 0.057692307692307696
0 0.9831730769230769 0.03125 0.03365384615384615 0.04326923076923077
0 0.8713942307692307 0.03125 0.036057692307692304 0.057692307692307696
0 0.009615384615384616 0.8389423076923077 0.019230769230769232 0.04326923076923077
0 0.21634615384615385 0.9014423076923077 0.08653846153846154 0.0625
0 0.15384615384615385 0.9338942307692307 0.057692307692307696 0.06971153846153846
0 0.23197115384615385 0.5685096153846154 0.06971153846153846 0.06009615384615385
0 0.018028846153846152 0.6442307692307693 0.036057692307692304 0.052884615384615384
0 0.328125 0.6995192307692307 0.06971153846153846 0.0673076923076923
0 0.19471153846153846 0.7415865384615384 0.04326923076923077 0.04567307692307692
0 0.25841346153846156 0.7572115384615384 0.05048076923076923 0.052884615384615384
0 0.18509615384615385 0.7872596153846154 0.052884615384615384 0.036057692307692304