0 0.015625 0.0985576923076923 0.03125 0.08653846153846154
0 0.0985576923076923 0.5036057692307693 0.07692307692307693 0.08413461538461539
0 0.17668269230769232 0.018028846153846152 0.06971153846153846 0.036057692307692304
0 0.09975961538461539 0.6778846153846154 0.07932692307692307 0.02403846153846154
0 0.7908653846153846 0.22235576923076922 0.0625 0.05048076923076923
0 0.8100961538461539 0.29927884615384615 0.04807692307692308 0.05048076923076923
0 0.6502403846153846 0.3737980769230769 0.040865384615384616 0.05048076923076923
0 0.9915865384615384 0.390625 0.016826923076923076 0.06009615384615385
0 0.7524038461538461 0.41947115384615385 0.052884615384615384 0.055288461538461536
0 0.7836538461538461 0.4735576923076923 0.0625 0.052884615384615384
0 0.6875 0.5685096153846154 0.052884615384615384 0.04567307692307692
0 0.7307692307692307 0.5793269230769231 0.052884615384615384 0.04807692307692308
0 0.7860576923076923 0.6454326923076923 0.0625 0.07932692307692307
0 0.5228365384615384 0.8822115384615384 0.04567307692307692 0.04326923076923077
0 0.8629807692307693 0.9855769230769231 0.04326923076923077 0.028846153846153848