0 0.3641826923076923 0.19951923076923078 0.07451923076923077 0.0625
0 0.5084134615384616 0.2091346153846154 0.06009615384615385 0.057692307692307696
0 0.0889423076923077 0.35336538461538464 0.038461538461538464 0.04326923076923077
0 0.5252403846153846 0.359375 0.05048076923076923 0.05048076923076923
0 0.07091346153846154 0.41225961538461536 0.036057692307692304 0.04567307692307692
0 0.09975961538461539 0.41586538461538464 0.036057692307692304 0.028846153846153848
0 0.9242788461538461 0.25 0.03125 0.03365384615384615
0 0.5829326923076923 0.6911057692307693 0.13221153846153846 0.12259615384615384
0 0.2608173076923077 0.8497596153846154 0.07451923076923077 0.07451923076923077
0 0.3737980769230769 0.8978365384615384 0.08413461538461539 0.07451923076923077
0 0.19831730769230768 0.9134615384615384 0.06971153846153846 0.052884615384615384
0 0.9783653846153846 0.9807692307692307 0.04326923076923077 0.038461538461538464