0 0.4074519230769231 0.3125 0.0985576923076923 0.0625
0 0.4074519230769231 0.3581730769230769 0.14182692307692307 0.04326923076923077
0 0.8100961538461539 0.3954326923076923 0.052884615384615384 0.03125
0 0.7067307692307693 0.4110576923076923 0.0673076923076923 0.052884615384615384
0 0.8125 0.4182692307692308 0.0625 0.038461538461538464
0 0.9591346153846154 0.4266826923076923 0.08173076923076923 0.0889423076923077
0 0.7139423076923077 0.44711538461538464 0.052884615384615384 0.04326923076923077
0 0.8677884615384616 0.4495192307692308 0.038461538461538464 0.04326923076923077
0 0.7512019230769231 0.4951923076923077 0.05048076923076923 0.038461538461538464
0 0.5973557692307693 0.5480769230769231 0.04567307692307692 0.038461538461538464
0 0.9110576923076923 0.5600961538461539 0.0625 0.04326923076923077
0 0.984375 0.5649038461538461 0.03125 0.038461538461538464
0 0.5889423076923077 0.5889423076923077 0.052884615384615384 0.038461538461538464
0 0.8737980769230769 0.5901442307692307 0.036057692307692304 0.05048076923076923
0 0.8990384615384616 0.6021634615384616 0.04326923076923077 0.04567307692307692
0 0.6009615384615384 0.6382211538461539 0.038461538461538464 0.026442307692307692
0 0.9411057692307693 0.6430288461538461 0.05048076923076923 0.036057692307692304
0 0.5180288461538461 0.671875 0.04567307692307692 0.04567307692307692
0 0.9266826923076923 0.6887019230769231 0.04567307692307692 0.06009615384615385