0 0.2776442307692308 0.30288461538461536 0.11778846153846154 0.09615384615384616
0 0.037259615384615384 0.36899038461538464 0.05048076923076923 0.06971153846153846
0 0.5216346153846154 0.4026442307692308 0.014423076923076924 0.05048076923076923
0 0.4651442307692308 0.43028846153846156 0.05048076923076923 0.038461538461538464
0 0.37740384615384615 0.5 0.0673076923076923 0.038461538461538464
0 0.15384615384615385 0.11298076923076923 0.08653846153846154 0.052884615384615384
0 0.48677884615384615 0.15865384615384615 0.07451923076923077 0.0625
0 0.1310096153846154 0.19110576923076922 0.07932692307692307 0.055288461538461536
0 0.265625 0.20552884615384615 0.09375 0.0985576923076923
0 0.10096153846153846 0.25841346153846156 0.0625 0.07451923076923077
0 0.6177884615384616 0.008413461538461538 0.028846153846153848 0.016826923076923076
0 0.7620192307692307 0.09495192307692307 0.04326923076923077 0.040865384615384616
0 0.6045673076923077 0.29086538461538464 0.036057692307692304 0.03365384615384615
0 0.5480769230769231 0.44711538461538464 0.038461538461538464 0.04807692307692308
0 0.33413461538461536 0.5516826923076923 0.04326923076923077 0.040865384615384616
0 0.04447115384615385 0.5721153846153846 0.040865384615384616 0.04326923076923077
0 0.18870192307692307 0.6105769230769231 0.036057692307692304 0.038461538461538464
0 0.018028846153846152 0.6286057692307693 0.036057692307692304 0.04567307692307692
0 0.4495192307692308 0.6478365384615384 0.028846153846153848 0.04567307692307692
0 0.040865384615384616 0.6706730769230769 0.057692307692307696 0.052884615384615384
0 0.2548076923076923 0.9002403846153846 0.052884615384615384 0.04567307692307692
0 0.20432692307692307 0.9495192307692307 0.038461538461538464 0.052884615384615384
0 0.9098557692307693 0.8401442307692307 0.055288461538461536 0.05048076923076923