0 0.5709134615384616 0.1310096153846154 0.016826923076923076 0.05048076923076923
0 0.453125 0.18028846153846154 0.07451923076923077 0.0625
0 0.0625 0.2091346153846154 0.0625 0.052884615384615384
0 0.44350961538461536 0.2776442307692308 0.07451923076923077 0.10817307692307693
0 0.12379807692307693 0.32091346153846156 0.06971153846153846 0.036057692307692304
0 0.3858173076923077 0.328125 0.06009615384615385 0.021634615384615384
0 0.007211538461538462 0.021634615384615384 0.014423076923076924 0.04326923076923077
0 0.021634615384615384 0.09134615384615384 0.04326923076923077 0.04326923076923077
0 0.8137019230769231 0.02403846153846154 0.036057692307692304 0.028846153846153848
0 0.7668269230769231 0.0625 0.038461538461538464 0.04326923076923077
0 0.6670673076923077 0.13341346153846154 0.026442307692307692 0.021634615384615384
0 0.859375 0.34375 0.040865384615384616 0.009615384615384616
0 0.8677884615384616 0.734375 0.028846153846153848 0.026442307692307692