0 0.23076923076923078 0.19110576923076922 0.11538461538461539 0.09375
0 0.9278846153846154 0.32211538461538464 0.03365384615384615 0.028846153846153848
0 0.7259615384615384 0.3245192307692308 0.04326923076923077 0.04326923076923077
0 0.8353365384615384 0.33533653846153844 0.03125 0.03125
0 0.7704326923076923 0.3918269230769231 0.021634615384615384 0.02403846153846154
0 0.5168269230769231 0.4014423076923077 0.014423076923076924 0.03365384615384615
0 0.8990384615384616 0.4182692307692308 0.028846153846153848 0.028846153846153848
0 0.9507211538461539 0.4375 0.040865384615384616 0.03365384615384615
0 0.5192307692307693 0.43990384615384615 0.019230769230769232 0.019230769230769232
0 0.5588942307692307 0.4483173076923077 0.036057692307692304 0.036057692307692304
0 0.8137019230769231 0.4483173076923077 0.03125 0.036057692307692304
0 0.734375 0.4519230769230769 0.040865384615384616 0.03365384615384615
0 0.5637019230769231 0.6418269230769231 0.040865384615384616 0.04807692307692308
0 0.9302884615384616 0.6418269230769231 0.052884615384615384 0.04326923076923077
0 0.7980769230769231 0.25841346153846156 0.038461538461538464 0.036057692307692304
0 0.5637019230769231 0.7704326923076923 0.040865384615384616 0.016826923076923076
0 0.9302884615384616 0.7716346153846154 0.052884615384615384 0.014423076923076924