0 0.14302884615384615 0.33653846153846156 0.04567307692307692 0.04326923076923077
0 0.3233173076923077 0.3641826923076923 0.08413461538461539 0.07932692307692307
0 0.31850961538461536 0.046875 0.06971153846153846 0.07451923076923077
0 0.2512019230769231 0.051682692307692304 0.07932692307692307 0.08413461538461539
0 0.25721153846153844 0.4879807692307692 0.09134615384615384 0.02403846153846154
0 0.14543269230769232 0.052884615384615384 0.07932692307692307 0.057692307692307696
0 0.4579326923076923 0.018028846153846152 0.036057692307692304 0.036057692307692304
0 0.6310096153846154 0.17548076923076922 0.016826923076923076 0.052884615384615384
0 0.1346153846153846 0.6298076923076923 0.028846153846153848 0.038461538461538464
0 0.7427884615384616 0.7956730769230769 0.07692307692307693 0.0673076923076923
0 0.7139423076923077 0.9134615384615384 0.0625 0.04807692307692308
0 0.6514423076923077 0.5685096153846154 0.02403846153846154 0.06009615384615385
0 0.8725961538461539 0.59375 0.0625 0.04326923076923077
0 0.9543269230769231 0.6033653846153846 0.09134615384615384 0.09134615384615384
0 0.7139423076923077 0.9807692307692307 0.0625 0.038461538461538464