0 0.020432692307692308 0.1045673076923077 0.040865384615384616 0.036057692307692304
0 0.08173076923076923 0.1310096153846154 0.03365384615384615 0.036057692307692304
0 0.16466346153846154 0.16706730769230768 0.036057692307692304 0.036057692307692304
0 0.14543269230769232 0.3557692307692308 0.036057692307692304 0.028846153846153848
0 0.17548076923076922 0.004807692307692308 0.03365384615384615 0.009615384615384616
0 0.09134615384615384 0.02283653846153846 0.052884615384615384 0.04567307692307692
0 0.7740384615384616 0.37259615384615385 0.03365384615384615 0.04807692307692308
0 0.7860576923076923 0.5276442307692307 0.04326923076923077 0.036057692307692304
0 0.7439903846153846 0.5336538461538461 0.06971153846153846 0.0673076923076923
0 0.8185096153846154 0.6225961538461539 0.04567307692307692 0.028846153846153848
0 0.7560096153846154 0.6394230769230769 0.04567307692307692 0.04326923076923077
0 0.6382211538461539 0.6394230769230769 0.036057692307692304 0.057692307692307696