0 0.3016826923076923 0.056490384615384616 0.05048076923076923 0.06009615384615385
0 0.10096153846153846 0.10817307692307693 0.038461538461538464 0.052884615384615384
0 0.1310096153846154 0.15865384615384615 0.04567307692307692 0.038461538461538464
0 0.31490384615384615 0.6694711538461539 0.04807692307692308 0.040865384615384616
0 0.007211538461538462 0.6754807692307693 0.014423076923076924 0.038461538461538464
0 0.16346153846153846 0.6826923076923077 0.04807692307692308 0.038461538461538464
0 0.07451923076923077 0.6899038461538461 0.038461538461538464 0.03365384615384615
0 0.3485576923076923 0.7055288461538461 0.038461538461538464 0.03125
0 0.41466346153846156 0.8233173076923077 0.040865384615384616 0.040865384615384616
0 0.013221153846153846 0.3557692307692308 0.026442307692307692 0.03365384615384615
0 0.41466346153846156 0.8846153846153846 0.040865384615384616 0.038461538461538464
0 0.03485576923076923 0.39903846153846156 0.055288461538461536 0.04807692307692308
0 0.009615384615384616 0.42427884615384615 0.019230769230769232 0.04567307692307692
0 0.0889423076923077 0.484375 0.04807692307692308 0.04567307692307692
0 0.15144230769230768 0.5048076923076923 0.038461538461538464 0.03365384615384615
0 0.09014423076923077 0.5108173076923077 0.03125 0.03125
0 0.040865384615384616 0.5120192307692307 0.03365384615384615 0.03365384615384615
0 0.27403846153846156 0.5288461538461539 0.038461538461538464 0.038461538461538464
0 0.008413461538461538 0.5324519230769231 0.016826923076923076 0.040865384615384616
0 0.32211538461538464 0.5733173076923077 0.04807692307692308 0.04567307692307692
0 0.06129807692307692 0.5865384615384616 0.04567307692307692 0.03365384615384615
0 0.24519230769230768 0.5949519230769231 0.04807692307692308 0.040865384615384616
0 0.26322115384615385 0.6394230769230769 0.040865384615384616 0.038461538461538464
0 0.41466346153846156 0.984375 0.040865384615384616 0.03125