0 0.06971153846153846 0.22115384615384615 0.057692307692307696 0.028846153846153848
0 0.01201923076923077 0.2403846153846154 0.02403846153846154 0.0625
0 0.014423076923076924 0.2512019230769231 0.028846153846153848 0.036057692307692304
0 0.11899038461538461 0.2644230769230769 0.036057692307692304 0.057692307692307696
0 0.07091346153846154 0.3004807692307692 0.036057692307692304 0.03365384615384615
0 0.10336538461538461 0.32091346153846156 0.04326923076923077 0.036057692307692304
0 0.03245192307692308 0.4387019230769231 0.06490384615384616 0.06009615384615385
0 0.015625 0.4879807692307692 0.03125 0.0673076923076923
0 0.20432692307692307 0.5396634615384616 0.0673076923076923 0.04567307692307692
0 0.01201923076923077 0.18028846153846154 0.02403846153846154 0.04326923076923077
0 0.8786057692307693 0.21995192307692307 0.04567307692307692 0.05048076923076923
0 0.7151442307692307 0.4483173076923077 0.036057692307692304 0.04567307692307692
0 0.33533653846153844 0.7536057692307693 0.036057692307692304 0.036057692307692304
0 0.20072115384615385 0.8557692307692307 0.03125 0.03365384615384615
0 0.09134615384615384 0.9026442307692307 0.03365384615384615 0.03125
0 0.4110576923076923 0.9831730769230769 0.04326923076923077 0.03365384615384615
0 0.17307692307692307 0.984375 0.03365384615384615 0.03125