0 0.4963942307692308 0.36899038461538464 0.036057692307692304 0.05048076923076923
0 0.5240384615384616 0.3762019230769231 0.057692307692307696 0.05048076923076923
0 0.4543269230769231 0.39663461538461536 0.038461538461538464 0.052884615384615384
0 0.4495192307692308 0.4423076923076923 0.052884615384615384 0.03365384615384615
0 0.30408653846153844 0.4699519230769231 0.04567307692307692 0.040865384615384616
0 0.47115384615384615 0.484375 0.057692307692307696 0.05048076923076923
0 0.42788461538461536 0.5132211538461539 0.04807692307692308 0.04567307692307692
0 0.6875 0.5264423076923077 0.052884615384615384 0.038461538461538464
0 0.36899038461538464 0.546875 0.055288461538461536 0.040865384615384616
0 0.47475961538461536 0.6502403846153846 0.06009615384615385 0.04567307692307692
0 0.6983173076923077 0.2536057692307692 0.05048076923076923 0.040865384615384616
0 0.3004807692307692 0.36177884615384615 0.038461538461538464 0.036057692307692304
0 0.6971153846153846 0.007211538461538462 0.052884615384615384 0.014423076923076924