0 0.6286057692307693 0.49399038461538464 0.05048076923076923 0.055288461538461536
0 0.7379807692307693 0.07572115384615384 0.0625 0.07451923076923077
0 0.6009615384615384 0.19951923076923078 0.0673076923076923 0.057692307692307696
0 0.3112980769230769 0.8125 0.07451923076923077 0.038461538461538464
0 0.43149038461538464 0.8569711538461539 0.036057692307692304 0.03125
0 0.2692307692307692 0.8641826923076923 0.0625 0.04567307692307692
0 0.4074519230769231 0.8665865384615384 0.040865384615384616 0.036057692307692304
0 0.20072115384615385 0.9110576923076923 0.055288461538461536 0.04326923076923077
0 0.41225961538461536 0.9230769230769231 0.06490384615384616 0.028846153846153848
0 0.3425480769230769 0.671875 0.03125 0.04567307692307692
0 0.31009615384615385 0.7007211538461539 0.04807692307692308 0.03125
0 0.2764423076923077 0.7295673076923077 0.04326923076923077 0.03125
0 0.18629807692307693 0.7932692307692307 0.03125 0.038461538461538464