0 0.3894230769230769 0.14903846153846154 0.11057692307692307 0.08653846153846154
0 0.2668269230769231 0.5564903846153846 0.07692307692307693 0.08413461538461539
0 0.3449519230769231 0.009615384615384616 0.05048076923076923 0.019230769230769232
0 0.5709134615384616 0.5564903846153846 0.05048076923076923 0.07932692307692307
0 0.016826923076923076 0.7487980769230769 0.03365384615384615 0.04567307692307692
0 0.020432692307692308 0.7788461538461539 0.040865384615384616 0.038461538461538464
0 0.16706730769230768 0.7872596153846154 0.10336538461538461 0.0889423076923077
0 0.06490384615384616 0.8100961538461539 0.038461538461538464 0.04326923076923077
0 0.10817307692307693 0.9206730769230769 0.0625 0.04326923076923077
0 0.1875 0.9254807692307693 0.04326923076923077 0.038461538461538464
0 0.3401442307692308 0.9350961538461539 0.036057692307692304 0.038461538461538464
0 0.07091346153846154 0.9507211538461539 0.036057692307692304 0.05048076923076923
0 0.09615384615384616 0.9627403846153846 0.04326923076923077 0.04567307692307692
0 0.13822115384615385 0.9927884615384616 0.05048076923076923 0.014423076923076924
0 0.19471153846153846 0.6971153846153846 0.0625 0.014423076923076924
0 0.6454326923076923 0.9855769230769231 0.08413461538461539 0.028846153846153848