0 0.06490384615384616 0.3161057692307692 0.12980769230769232 0.11298076923076923
0 0.6850961538461539 0.052884615384615384 0.038461538461538464 0.057692307692307696
0 0.4879807692307692 0.4170673076923077 0.038461538461538464 0.021634615384615384
0 0.23798076923076922 0.546875 0.03365384615384615 0.036057692307692304
0 0.24278846153846154 0.6033653846153846 0.07692307692307693 0.0625
0 0.3112980769230769 0.7427884615384616 0.055288461538461536 0.03365384615384615
0 0.36899038461538464 0.7932692307692307 0.06009615384615385 0.04807692307692308
0 0.26322115384615385 0.7956730769230769 0.04567307692307692 0.052884615384615384
0 0.6586538461538461 0.5769230769230769 0.019230769230769232 0.019230769230769232
0 0.7091346153846154 0.7091346153846154 0.02403846153846154 0.02403846153846154
0 0.7572115384615384 0.7307692307692307 0.02403846153846154 0.02403846153846154
0 0.5733173076923077 0.7644230769230769 0.026442307692307692 0.02403846153846154