0 0.609375 0.14783653846153846 0.05048076923076923 0.040865384615384616
0 0.6442307692307693 0.14903846153846154 0.028846153846153848 0.02403846153846154
0 0.4495192307692308 0.171875 0.019230769230769232 0.05048076923076923
0 0.8701923076923077 0.234375 0.052884615384615384 0.040865384615384616
0 0.5865384615384616 0.28125 0.057692307692307696 0.04326923076923077
0 0.65625 0.28725961538461536 0.04326923076923077 0.03125
0 0.6875 0.3173076923076923 0.04326923076923077 0.03365384615384615
0 0.7800480769230769 0.36658653846153844 0.05048076923076923 0.026442307692307692
0 0.5420673076923077 0.09495192307692307 0.05048076923076923 0.040865384615384616
0 0.5817307692307693 0.09375 0.028846153846153848 0.02403846153846154
0 0.5084134615384616 0.09975961538461539 0.036057692307692304 0.036057692307692304
0 0.014423076923076924 0.5697115384615384 0.028846153846153848 0.028846153846153848
0 0.11658653846153846 0.9759615384615384 0.021634615384615384 0.02403846153846154
0 0.5697115384615384 0.6298076923076923 0.0625 0.0625
0 0.65625 0.6730769230769231 0.03365384615384615 0.038461538461538464
0 0.7391826923076923 0.7427884615384616 0.04567307692307692 0.038461538461538464
0 0.8004807692307693 0.7584134615384616 0.03365384615384615 0.03125
0 0.8485576923076923 0.7620192307692307 0.038461538461538464 0.038461538461538464
0 0.6995192307692307 0.8100961538461539 0.038461538461538464 0.038461538461538464
0 0.4519230769230769 0.4675480769230769 0.02403846153846154 0.040865384615384616
0 0.5757211538461539 0.4807692307692308 0.040865384615384616 0.04807692307692308
0 0.4519230769230769 0.40024038461538464 0.02403846153846154 0.021634615384615384
0 0.5757211538461539 0.3942307692307692 0.040865384615384616 0.009615384615384616