0 0.3918269230769231 0.4254807692307692 0.038461538461538464 0.03365384615384615
0 0.3125 0.47475961538461536 0.04326923076923077 0.036057692307692304
0 0.5637019230769231 0.47475961538461536 0.04567307692307692 0.036057692307692304
0 0.6514423076923077 0.48197115384615385 0.038461538461538464 0.04567307692307692
0 0.23798076923076922 0.6189903846153846 0.04326923076923077 0.036057692307692304
0 0.34375 0.65625 0.03365384615384615 0.052884615384615384
0 0.6622596153846154 0.6682692307692307 0.04567307692307692 0.028846153846153848
0 0.6514423076923077 0.7199519230769231 0.038461538461538464 0.036057692307692304
0 0.44711538461538464 0.7716346153846154 0.038461538461538464 0.038461538461538464
0 0.5925480769230769 0.7776442307692307 0.03125 0.036057692307692304
0 0.4483173076923077 0.9807692307692307 0.040865384615384616 0.03365384615384615
0 0.5925480769230769 0.9795673076923077 0.03125 0.036057692307692304