0 0.2548076923076923 0.13341346153846154 0.08653846153846154 0.06009615384615385
0 0.41225961538461536 0.17307692307692307 0.06009615384615385 0.052884615384615384
0 0.4951923076923077 0.19831730769230768 0.04326923076923077 0.036057692307692304
0 0.15264423076923078 0.21995192307692307 0.0985576923076923 0.06009615384615385
0 0.4230769230769231 0.21995192307692307 0.052884615384615384 0.04567307692307692
0 0.4230769230769231 0.3317307692307692 0.04326923076923077 0.052884615384615384
0 0.2920673076923077 0.359375 0.06009615384615385 0.05048076923076923
0 0.3329326923076923 0.38341346153846156 0.04567307692307692 0.03125
0 0.4639423076923077 0.46274038461538464 0.08173076923076923 0.06009615384615385
0 0.4362980769230769 0.6574519230769231 0.06971153846153846 0.055288461538461536
0 0.5480769230769231 0.7043269230769231 0.019230769230769232 0.08173076923076923
0 0.15985576923076922 0.7992788461538461 0.06971153846153846 0.06009615384615385
0 0.02283653846153846 0.953125 0.04567307692307692 0.05048076923076923
0 0.8882211538461539 0.7103365384615384 0.036057692307692304 0.04567307692307692
0 0.5757211538461539 0.7463942307692307 0.036057692307692304 0.040865384615384616