0 0.03125 0.21995192307692307 0.03365384615384615 0.040865384615384616
0 0.2548076923076923 0.3125 0.07692307692307693 0.04807692307692308
0 0.1875 0.38822115384615385 0.052884615384615384 0.05048076923076923
0 0.41466346153846156 0.18870192307692307 0.04567307692307692 0.04567307692307692
0 0.14302884615384615 0.8173076923076923 0.04567307692307692 0.03365384615384615
0 0.2536057692307692 0.5108173076923077 0.05048076923076923 0.040865384615384616
0 0.1971153846153846 0.5709134615384616 0.057692307692307696 0.026442307692307692
0 0.12259615384615384 0.5805288461538461 0.057692307692307696 0.036057692307692304
0 0.055288461538461536 0.6189903846153846 0.04326923076923077 0.055288461538461536
0 0.7512019230769231 0.7127403846153846 0.07451923076923077 0.06971153846153846
0 0.8245192307692307 0.6754807692307693 0.08653846153846154 0.10096153846153846