0 0.5192307692307693 0.3894230769230769 0.052884615384615384 0.052884615384615384
0 0.32572115384615385 0.4026442307692308 0.06971153846153846 0.06009615384615385
0 0.6826923076923077 0.4074519230769231 0.07692307692307693 0.07451923076923077
0 0.7680288461538461 0.4110576923076923 0.04567307692307692 0.0625
0 0.6538461538461539 0.47596153846153844 0.052884615384615384 0.0673076923076923
0 0.5612980769230769 0.4795673076923077 0.06971153846153846 0.06009615384615385
0 0.7295673076923077 0.484375 0.06009615384615385 0.05048076923076923
0 0.4723557692307692 0.5264423076923077 0.06009615384615385 0.038461538461538464
0 0.22235576923076922 0.5348557692307693 0.05048076923076923 0.04567307692307692
0 0.38341346153846156 0.5372596153846154 0.04567307692307692 0.06009615384615385
0 0.28725961538461536 0.5420673076923077 0.06009615384615385 0.06971153846153846
0 0.4891826923076923 0.5793269230769231 0.04567307692307692 0.04326923076923077
0 0.6766826923076923 0.5853365384615384 0.036057692307692304 0.06009615384615385
0 0.17908653846153846 0.6033653846153846 0.06009615384615385 0.052884615384615384
0 0.5829326923076923 0.6057692307692307 0.06971153846153846 0.04326923076923077
0 0.054086538461538464 0.6358173076923077 0.07451923076923077 0.04567307692307692
0 0.1310096153846154 0.6394230769230769 0.06009615384615385 0.057692307692307696
0 0.042067307692307696 0.6862980769230769 0.06009615384615385 0.06009615384615385
0 0.3485576923076923 0.703125 0.052884615384615384 0.036057692307692304
0 0.15144230769230768 0.7139423076923077 0.0673076923076923 0.0673076923076923
0 0.6838942307692307 0.734375 0.06971153846153846 0.06009615384615385
0 0.4014423076923077 0.24278846153846154 0.0625 0.0625
0 0.5084134615384616 0.2692307692307692 0.05048076923076923 0.0625
0 0.3954326923076923 0.31971153846153844 0.05048076923076923 0.0673076923076923
0 0.3389423076923077 0.3245192307692308 0.04326923076923077 0.04326923076923077
0 0.3581730769230769 0.14543269230769232 0.0625 0.04567307692307692
0 0.4026442307692308 0.018028846153846152 0.06490384615384616 0.036057692307692304
0 0.3581730769230769 0.10216346153846154 0.0625 0.04567307692307692