0 0.8076923076923077 0.47475961538461536 0.0673076923076923 0.055288461538461536
0 0.3713942307692308 0.48197115384615385 0.05048076923076923 0.040865384615384616
0 0.40625 0.4831730769230769 0.028846153846153848 0.02403846153846154
0 0.8990384615384616 0.5012019230769231 0.028846153846153848 0.036057692307692304
0 0.18629807692307693 0.5060096153846154 0.06971153846153846 0.05048076923076923
0 0.8870192307692307 0.546875 0.03365384615384615 0.040865384615384616
0 0.6322115384615384 0.5685096153846154 0.052884615384615384 0.040865384615384616
0 0.9110576923076923 0.5793269230769231 0.03365384615384615 0.03365384615384615
0 0.3485576923076923 0.6153846153846154 0.057692307692307696 0.04326923076923077
0 0.4182692307692308 0.6213942307692307 0.04326923076923077 0.03125
0 0.4495192307692308 0.6514423076923077 0.04326923076923077 0.03365384615384615
0 0.5420673076923077 0.7007211538461539 0.05048076923076923 0.026442307692307692
0 0.30408653846153844 0.42908653846153844 0.05048076923076923 0.040865384615384616
0 0.34375 0.42788461538461536 0.028846153846153848 0.02403846153846154
0 0.2704326923076923 0.4338942307692308 0.036057692307692304 0.036057692307692304
0 0.14903846153846154 0.4579326923076923 0.0625 0.05048076923076923