0 0.31490384615384615 0.39903846153846156 0.0673076923076923 0.17307692307692307
0 0.18028846153846154 0.40384615384615385 0.19230769230769232 0.09615384615384616
0 0.18629807692307693 0.49038461538461536 0.1658653846153846 0.09134615384615384
0 0.19471153846153846 0.24158653846153846 0.23076923076923078 0.14182692307692307
0 0.8064903846153846 0.2764423076923077 0.06971153846153846 0.038461538461538464
0 0.5829326923076923 0.2800480769230769 0.04567307692307692 0.036057692307692304
0 0.6442307692307693 0.34615384615384615 0.04807692307692308 0.03365384615384615
0 0.5877403846153846 0.36658653846153844 0.06971153846153846 0.036057692307692304
0 0.6850961538461539 0.46033653846153844 0.052884615384615384 0.036057692307692304
0 0.36177884615384615 0.5012019230769231 0.026442307692307692 0.05048076923076923
0 0.5661057692307693 0.5132211538461539 0.05048076923076923 0.05048076923076923
0 0.7319711538461539 0.5576923076923077 0.05048076923076923 0.02403846153846154
0 0.4807692307692308 0.11538461538461539 0.057692307692307696 0.052884615384615384
0 0.41346153846153844 0.15144230769230768 0.03365384615384615 0.04326923076923077
0 0.9903846153846154 0.8545673076923077 0.019230769230769232 0.03125