0 0.09975961538461539 0.1875 0.0985576923076923 0.0673076923076923
0 0.3713942307692308 0.1778846153846154 0.036057692307692304 0.04326923076923077
0 0.6923076923076923 0.18629807692307693 0.038461538461538464 0.040865384615384616
0 0.4098557692307692 0.4411057692307692 0.026442307692307692 0.026442307692307692
0 0.41225961538461536 0.46033653846153844 0.03125 0.026442307692307692
0 0.3473557692307692 0.4699519230769231 0.040865384615384616 0.040865384615384616
0 0.5168269230769231 0.46875 0.038461538461538464 0.038461538461538464
0 0.4206730769230769 0.5012019230769231 0.03365384615384615 0.03125
0 0.08173076923076923 0.8185096153846154 0.0625 0.06971153846153846
0 0.021634615384615384 0.8665865384615384 0.04326923076923077 0.04567307692307692
0 0.03365384615384615 0.9266826923076923 0.057692307692307696 0.07932692307692307
0 0.09254807692307693 0.9362980769230769 0.06009615384615385 0.07451923076923077
0 0.013221153846153846 0.96875 0.026442307692307692 0.052884615384615384
0 0.12620192307692307 0.9807692307692307 0.04567307692307692 0.038461538461538464
0 0.018028846153846152 0.5865384615384616 0.036057692307692304 0.03365384615384615
0 0.038461538461538464 0.6550480769230769 0.052884615384615384 0.055288461538461536
0 0.09615384615384616 0.6670673076923077 0.04326923076923077 0.036057692307692304
0 0.06129807692307692 0.7283653846153846 0.040865384615384616 0.03365384615384615
0 0.8461538461538461 0.7716346153846154 0.04807692307692308 0.028846153846153848