0 0.3870192307692308 0.3713942307692308 0.052884615384615384 0.04567307692307692
0 0.28365384615384615 0.3942307692307692 0.0673076923076923 0.052884615384615384
0 0.3894230769230769 0.4014423076923077 0.0625 0.038461538461538464
0 0.546875 0.4098557692307692 0.10336538461538461 0.0889423076923077
0 0.29086538461538464 0.43028846153846156 0.052884615384615384 0.04326923076923077
0 0.44471153846153844 0.4326923076923077 0.038461538461538464 0.04326923076923077
0 0.328125 0.47836538461538464 0.05048076923076923 0.038461538461538464
0 0.17427884615384615 0.53125 0.04567307692307692 0.038461538461538464
0 0.4879807692307692 0.5432692307692307 0.0625 0.04326923076923077
0 0.5673076923076923 0.5480769230769231 0.04326923076923077 0.038461538461538464
0 0.7199519230769231 0.5576923076923077 0.036057692307692304 0.038461538461538464
0 0.1658653846153846 0.5721153846153846 0.052884615384615384 0.038461538461538464
0 0.45072115384615385 0.5733173076923077 0.036057692307692304 0.05048076923076923
0 0.47596153846153844 0.5853365384615384 0.04326923076923077 0.04567307692307692
0 0.1778846153846154 0.6213942307692307 0.038461538461538464 0.026442307692307692
0 0.5180288461538461 0.6262019230769231 0.05048076923076923 0.036057692307692304
0 0.09495192307692307 0.6550480769230769 0.04567307692307692 0.04567307692307692
0 0.5036057692307693 0.671875 0.04567307692307692 0.06009615384615385
0 0.6334134615384616 0.21033653846153846 0.04567307692307692 0.06009615384615385
0 0.09615384615384616 0.23918269230769232 0.04326923076923077 0.04567307692307692
0 0.6646634615384616 0.26802884615384615 0.036057692307692304 0.040865384615384616
0 0.23076923076923078 0.27884615384615385 0.07692307692307693 0.057692307692307696
0 0.5745192307692307 0.296875 0.0625 0.06009615384615385
0 0.6334134615384616 0.037259615384615384 0.04567307692307692 0.06009615384615385
0 0.09735576923076923 0.015625 0.04567307692307692 0.03125