0 0.34134615384615385 0.42427884615384615 0.07692307692307693 0.05048076923076923
0 0.4074519230769231 0.4362980769230769 0.08413461538461539 0.07451923076923077
0 0.4639423076923077 0.5492788461538461 0.0673076923076923 0.05048076923076923
0 0.4423076923076923 0.16706730769230768 0.09134615384615384 0.06971153846153846
0 0.33052884615384615 0.5637019230769231 0.06490384615384616 0.040865384615384616
0 0.5480769230769231 0.640625 0.057692307692307696 0.04567307692307692
0 0.3701923076923077 0.6899038461538461 0.052884615384615384 0.057692307692307696
0 0.039663461538461536 0.22235576923076922 0.05048076923076923 0.055288461538461536
0 0.3269230769230769 0.26322115384615385 0.0625 0.06009615384615385
0 0.4423076923076923 0.08052884615384616 0.09134615384615384 0.06971153846153846
0 0.038461538461538464 0.026442307692307692 0.052884615384615384 0.052884615384615384
0 0.328125 0.007211538461538462 0.06490384615384616 0.014423076923076924