0 0.75 0.48197115384615385 0.019230769230769232 0.021634615384615384
0 0.2860576923076923 0.6069711538461539 0.038461538461538464 0.026442307692307692
0 0.3473557692307692 0.6105769230769231 0.021634615384615384 0.019230769230769232
0 0.6105769230769231 0.6358173076923077 0.014423076923076924 0.026442307692307692
0 0.5048076923076923 0.6682692307692307 0.028846153846153848 0.028846153846153848
0 0.47716346153846156 0.6706730769230769 0.036057692307692304 0.03365384615384615
0 0.23557692307692307 0.6971153846153846 0.03365384615384615 0.028846153846153848
0 0.5733173076923077 0.7151442307692307 0.026442307692307692 0.021634615384615384
0 0.6045673076923077 0.7295673076923077 0.026442307692307692 0.016826923076923076
0 0.6057692307692307 0.7463942307692307 0.02403846153846154 0.016826923076923076
0 0.5396634615384616 0.7487980769230769 0.026442307692307692 0.016826923076923076
0 0.5372596153846154 0.7704326923076923 0.021634615384615384 0.016826923076923076
0 0.36177884615384615 0.7764423076923077 0.026442307692307692 0.03365384615384615
0 0.4987980769230769 0.8149038461538461 0.026442307692307692 0.019230769230769232
0 0.21033653846153846 0.8305288461538461 0.026442307692307692 0.021634615384615384
0 0.5168269230769231 0.8545673076923077 0.028846153846153848 0.021634615384615384
0 0.328125 0.8786057692307693 0.026442307692307692 0.016826923076923076
0 0.4879807692307692 0.8786057692307693 0.019230769230769232 0.021634615384615384
0 0.4651442307692308 0.8822115384615384 0.026442307692307692 0.019230769230769232
0 0.3713942307692308 0.890625 0.021634615384615384 0.016826923076923076
0 0.36778846153846156 0.9026442307692307 0.019230769230769232 0.016826923076923076
0 0.27524038461538464 0.9110576923076923 0.026442307692307692 0.019230769230769232
0 0.4963942307692308 0.9110576923076923 0.021634615384615384 0.019230769230769232
0 0.35216346153846156 0.9290865384615384 0.026442307692307692 0.026442307692307692
0 0.44471153846153844 0.9290865384615384 0.028846153846153848 0.026442307692307692
0 0.8894230769230769 0.7692307692307693 0.052884615384615384 0.052884615384615384
0 0.6959134615384616 0.7824519230769231 0.06971153846153846 0.06009615384615385
0 0.9314903846153846 0.859375 0.06971153846153846 0.06009615384615385
0 0.8425480769230769 0.90625 0.06009615384615385 0.038461538461538464
0 0.7536057692307693 0.9170673076923077 0.04567307692307692 0.06009615384615385
0 0.6574519230769231 0.921875 0.06009615384615385 0.06971153846153846
0 0.859375 0.9591346153846154 0.04567307692307692 0.04326923076923077
0 0.953125 0.9819711538461539 0.06971153846153846 0.036057692307692304
0 0.7716346153846154 0.6225961538461539 0.0625 0.0625
0 0.8786057692307693 0.6490384615384616 0.05048076923076923 0.0625
0 0.765625 0.6995192307692307 0.05048076923076923 0.0673076923076923
0 0.7091346153846154 0.7043269230769231 0.04326923076923077 0.04326923076923077
0 0.7283653846153846 0.5384615384615384 0.0625 0.019230769230769232