0 0.6225961538461539 0.33533653846153844 0.057692307692307696 0.06009615384615385
0 0.6670673076923077 0.34615384615384615 0.06009615384615385 0.052884615384615384
0 0.4326923076923077 0.3641826923076923 0.0673076923076923 0.05048076923076923
0 0.20552884615384615 0.44471153846153844 0.08413461538461539 0.052884615384615384
0 0.40384615384615385 0.5036057692307693 0.08173076923076923 0.03125
0 0.3389423076923077 0.15745192307692307 0.057692307692307696 0.055288461538461536
0 0.11899038461538461 0.6682692307692307 0.05048076923076923 0.04807692307692308
0 0.31850961538461536 0.7019230769230769 0.04567307692307692 0.057692307692307696
0 0.15865384615384615 0.7824519230769231 0.052884615384615384 0.04567307692307692
0 0.007211538461538462 0.8485576923076923 0.014423076923076924 0.04807692307692308
0 0.02403846153846154 0.9194711538461539 0.038461538461538464 0.036057692307692304
0 0.3317307692307692 0.9891826923076923 0.038461538461538464 0.021634615384615384
0 0.8473557692307693 0.8822115384615384 0.036057692307692304 0.038461538461538464