0 0.17548076923076922 0.5588942307692307 0.08653846153846154 0.06971153846153846
0 0.7091346153846154 0.6899038461538461 0.052884615384615384 0.057692307692307696
0 0.7788461538461539 0.15504807692307693 0.03365384615384615 0.03125
0 0.18629807692307693 0.7872596153846154 0.036057692307692304 0.036057692307692304
0 0.7427884615384616 0.9555288461538461 0.052884615384615384 0.036057692307692304
0 0.8413461538461539 0.9567307692307693 0.057692307692307696 0.057692307692307696
0 0.9615384615384616 0.9855769230769231 0.04807692307692308 0.028846153846153848
0 0.8701923076923077 0.9891826923076923 0.04807692307692308 0.021634615384615384
0 0.8774038461538461 0.7860576923076923 0.04326923076923077 0.03365384615384615
0 0.6826923076923077 0.8173076923076923 0.04326923076923077 0.038461538461538464
0 0.7391826923076923 0.7620192307692307 0.05048076923076923 0.02403846153846154
0 0.8713942307692307 0.8978365384615384 0.05048076923076923 0.04567307692307692
0 0.7980769230769231 0.9098557692307693 0.04807692307692308 0.036057692307692304
0 0.8774038461538461 0.7247596153846154 0.04326923076923077 0.01201923076923077
0 0.7391826923076923 0.7379807692307693 0.05048076923076923 0.02403846153846154