0 0.8569711538461539 0.3858173076923077 0.09375 0.06009615384615385
0 0.8978365384615384 0.4723557692307692 0.07451923076923077 0.08413461538461539
0 0.8028846153846154 0.515625 0.0625 0.10336538461538461
0 0.5408653846153846 0.5276442307692307 0.07692307692307693 0.07451923076923077
0 0.7019230769230769 0.6117788461538461 0.08653846153846154 0.11778846153846154
0 0.4026442307692308 0.17307692307692307 0.12740384615384615 0.08653846153846154
0 0.5504807692307693 0.7007211538461539 0.07692307692307693 0.08413461538461539
0 0.40024038461538464 0.7223557692307693 0.09375 0.07932692307692307
0 0.4891826923076923 0.7391826923076923 0.07932692307692307 0.08413461538461539
0 0.7211538461538461 0.8004807692307693 0.0625 0.0673076923076923
0 0.28365384615384615 0.8076923076923077 0.11538461538461539 0.10096153846153846
0 0.71875 0.27283653846153844 0.0673076923076923 0.07932692307692307
0 0.4026442307692308 0.07211538461538461 0.12740384615384615 0.08653846153846154
0 0.4879807692307692 0.9855769230769231 0.08173076923076923 0.02403846153846154
0 0.7211538461538461 0.9543269230769231 0.0625 0.0673076923076923
0 0.28365384615384615 0.9471153846153846 0.11538461538461539 0.10096153846153846