0 0.12980769230769232 0.27403846153846156 0.04326923076923077 0.03365384615384615
0 0.19110576923076922 0.27884615384615385 0.06009615384615385 0.038461538461538464
0 0.17668269230769232 0.013221153846153846 0.07451923076923077 0.026442307692307692
0 0.16947115384615385 0.046875 0.07932692307692307 0.036057692307692304
0 0.04807692307692308 0.052884615384615384 0.057692307692307696 0.0673076923076923
0 0.2764423076923077 0.0889423076923077 0.07692307692307693 0.07692307692307693
0 0.1658653846153846 0.11177884615384616 0.0673076923076923 0.06009615384615385
0 0.09134615384615384 0.15144230769230768 0.0673076923076923 0.0625
0 0.19831730769230768 0.1778846153846154 0.07932692307692307 0.057692307692307696
0 0.013221153846153846 0.22716346153846154 0.026442307692307692 0.05048076923076923
0 0.4254807692307692 0.30528846153846156 0.052884615384615384 0.014423076923076924
0 0.24759615384615385 0.9038461538461539 0.04807692307692308 0.052884615384615384
0 0.90625 0.8725961538461539 0.0625 0.052884615384615384