0 0.3737980769230769 0.5733173076923077 0.06009615384615385 0.06971153846153846
0 0.28725961538461536 0.578125 0.036057692307692304 0.06971153846153846
0 0.9759615384615384 0.32091346153846156 0.04807692307692308 0.055288461538461536
0 0.7932692307692307 0.4026442307692308 0.038461538461538464 0.040865384615384616
0 0.8737980769230769 0.453125 0.04567307692307692 0.040865384615384616
0 0.9278846153846154 0.4651442307692308 0.02403846153846154 0.03125
0 0.8822115384615384 0.5180288461538461 0.052884615384615384 0.040865384615384616
0 0.9194711538461539 0.5288461538461539 0.04567307692307692 0.038461538461538464
0 0.9747596153846154 0.5685096153846154 0.03125 0.036057692307692304
0 0.9927884615384616 0.13942307692307693 0.014423076923076924 0.0625
0 0.8677884615384616 0.96875 0.052884615384615384 0.0625