0 0.578125 0.296875 0.07932692307692307 0.06009615384615385
0 0.6033653846153846 0.38341346153846156 0.028846153846153848 0.08413461538461539
0 0.53125 0.4266826923076923 0.0625 0.10336538461538461
0 0.2692307692307692 0.4387019230769231 0.07692307692307693 0.07451923076923077
0 0.43028846153846156 0.5228365384615384 0.08653846153846154 0.11778846153846154
0 0.1310096153846154 0.08413461538461539 0.12740384615384615 0.08653846153846154
0 0.27884615384615385 0.6117788461538461 0.07692307692307693 0.08413461538461539
0 0.12860576923076922 0.6310096153846154 0.09375 0.07451923076923077
0 0.21754807692307693 0.6382211538461539 0.07932692307692307 0.06009615384615385
0 0.44711538461538464 0.18389423076923078 0.0673076923076923 0.07932692307692307
0 0.1310096153846154 0.013221153846153846 0.12740384615384615 0.026442307692307692
0 0.9483173076923077 0.49759615384615385 0.03125 0.028846153846153848
0 0.8088942307692307 0.15264423076923078 0.036057692307692304 0.040865384615384616
0 0.3641826923076923 0.7067307692307693 0.036057692307692304 0.028846153846153848