0 0.3004807692307692 0.3125 0.038461538461538464 0.052884615384615384
0 0.38461538461538464 0.3449519230769231 0.052884615384615384 0.06009615384615385
0 0.9074519230769231 0.18990384615384615 0.07451923076923077 0.038461538461538464
0 0.8653846153846154 0.24158653846153846 0.0625 0.04567307692307692
0 0.9915865384615384 0.2439903846153846 0.016826923076923076 0.036057692307692304
0 0.796875 0.28846153846153844 0.055288461538461536 0.04326923076923077
0 0.9879807692307693 0.3004807692307692 0.02403846153846154 0.028846153846153848
0 0.9387019230769231 0.04927884615384615 0.03125 0.04567307692307692
0 0.90625 0.078125 0.04807692307692308 0.03125
0 0.8725961538461539 0.10697115384615384 0.04326923076923077 0.03125
0 0.7824519230769231 0.17067307692307693 0.03125 0.038461538461538464
0 0.3016826923076923 0.6009615384615384 0.040865384615384616 0.03365384615384615
0 0.16346153846153846 0.6358173076923077 0.04807692307692308 0.04567307692307692
0 0.24519230769230768 0.6694711538461539 0.04807692307692308 0.04567307692307692
0 0.17548076923076922 0.75 0.038461538461538464 0.03365384615384615