0 0.5625 0.46153846153846156 0.04326923076923077 0.03365384615384615
0 0.7548076923076923 0.4699519230769231 0.03365384615384615 0.03125
0 0.7139423076923077 0.5180288461538461 0.0625 0.040865384615384616
0 0.6382211538461539 0.5793269230769231 0.06971153846153846 0.057692307692307696
0 0.6790865384615384 0.6286057692307693 0.08413461538461539 0.06490384615384616
0 0.46153846153846156 0.6802884615384616 0.0673076923076923 0.04326923076923077
0 0.5961538461538461 0.3641826923076923 0.057692307692307696 0.026442307692307692
0 0.6682692307692307 0.38341346153846156 0.052884615384615384 0.06009615384615385
0 0.6646634615384616 0.3918269230769231 0.05048076923076923 0.03365384615384615
0 0.5492788461538461 0.4074519230769231 0.036057692307692304 0.055288461538461536
0 0.6875 0.4326923076923077 0.0625 0.03365384615384615
0 0.5973557692307693 0.44350961538461536 0.036057692307692304 0.03125