0 0.4182692307692308 0.36538461538461536 0.038461538461538464 0.038461538461538464
0 0.8713942307692307 0.41586538461538464 0.05048076923076923 0.052884615384615384
0 0.32091346153846156 0.4206730769230769 0.08413461538461539 0.0673076923076923
0 0.2536057692307692 0.44471153846153844 0.040865384615384616 0.028846153846153848
0 0.19831730769230768 0.45072115384615385 0.06009615384615385 0.04567307692307692
0 0.8137019230769231 0.47836538461538464 0.06971153846153846 0.057692307692307696
0 0.7331730769230769 0.4987980769230769 0.052884615384615384 0.05048076923076923
0 0.5997596153846154 0.5853365384615384 0.05048076923076923 0.04567307692307692
0 0.18389423076923078 0.6778846153846154 0.07451923076923077 0.057692307692307696
0 0.28966346153846156 0.7211538461538461 0.06490384615384616 0.052884615384615384
0 0.71875 0.7487980769230769 0.07692307692307693 0.05048076923076923
0 0.18509615384615385 0.19110576923076922 0.052884615384615384 0.05048076923076923
0 0.8737980769230769 0.2704326923076923 0.04567307692307692 0.06971153846153846
0 0.8125 0.3004807692307692 0.052884615384615384 0.052884615384615384
0 0.3485576923076923 0.3317307692307692 0.04326923076923077 0.038461538461538464
0 0.7199519230769231 0.9891826923076923 0.07932692307692307 0.016826923076923076
0 0.18509615384615385 0.056490384615384616 0.052884615384615384 0.05048076923076923