0 0.5961538461538461 0.020432692307692308 0.125 0.040865384615384616
0 0.6430288461538461 0.3016826923076923 0.06971153846153846 0.05048076923076923
0 0.6430288461538461 0.43509615384615385 0.06971153846153846 0.028846153846153848
0 0.25600961538461536 0.9903846153846154 0.05048076923076923 0.019230769230769232
0 0.8245192307692307 0.5396634615384616 0.052884615384615384 0.04567307692307692
0 0.7211538461538461 0.5625 0.0673076923076923 0.052884615384615384
0 0.8269230769230769 0.5697115384615384 0.0625 0.038461538461538464
0 0.9663461538461539 0.578125 0.0673076923076923 0.0889423076923077
0 0.7283653846153846 0.5985576923076923 0.052884615384615384 0.04326923076923077
0 0.8822115384615384 0.6009615384615384 0.038461538461538464 0.04326923076923077
0 0.765625 0.6466346153846154 0.05048076923076923 0.038461538461538464
0 0.6117788461538461 0.6995192307692307 0.04567307692307692 0.038461538461538464
0 0.9254807692307693 0.7115384615384616 0.0625 0.04326923076923077
0 0.9915865384615384 0.7163461538461539 0.016826923076923076 0.038461538461538464
0 0.6033653846153846 0.7403846153846154 0.052884615384615384 0.038461538461538464
0 0.8882211538461539 0.7415865384615384 0.036057692307692304 0.05048076923076923
0 0.9134615384615384 0.7536057692307693 0.04326923076923077 0.04567307692307692
0 0.6153846153846154 0.7896634615384616 0.038461538461538464 0.026442307692307692
0 0.9555288461538461 0.7944711538461539 0.05048076923076923 0.036057692307692304
0 0.5372596153846154 0.8233173076923077 0.036057692307692304 0.04567307692307692
0 0.9411057692307693 0.8401442307692307 0.04567307692307692 0.06009615384615385
0 0.6682692307692307 0.46274038461538464 0.07692307692307693 0.026442307692307692
0 0.9903846153846154 0.4723557692307692 0.019230769230769232 0.04567307692307692