0 0.14302884615384615 0.46875 0.24759615384615385 0.15865384615384615
0 0.02403846153846154 0.31850961538461536 0.04807692307692308 0.14182692307692307
0 0.6418269230769231 0.3161057692307692 0.052884615384615384 0.036057692307692304
0 0.7403846153846154 0.3173076923076923 0.057692307692307696 0.057692307692307696
0 0.8605769230769231 0.3485576923076923 0.04807692307692308 0.03365384615384615
0 0.7692307692307693 0.36177884615384615 0.04807692307692308 0.04567307692307692
0 0.6586538461538461 0.39783653846153844 0.04326923076923077 0.04567307692307692
0 0.7043269230769231 0.40625 0.0625 0.04807692307692308
0 0.7740384615384616 0.4050480769230769 0.03365384615384615 0.026442307692307692
0 0.5012019230769231 0.4098557692307692 0.07932692307692307 0.06009615384615385
0 0.7283653846153846 0.4326923076923077 0.04326923076923077 0.04326923076923077
0 0.6274038461538461 0.4567307692307692 0.057692307692307696 0.03365384615384615
0 0.7764423076923077 0.1466346153846154 0.04326923076923077 0.03365384615384615
0 0.6009615384615384 0.5204326923076923 0.057692307692307696 0.040865384615384616
0 0.5817307692307693 0.1778846153846154 0.04326923076923077 0.038461538461538464
0 0.6382211538461539 0.12259615384615384 0.05048076923076923 0.02403846153846154
0 0.7704326923076923 0.25841346153846156 0.05048076923076923 0.04567307692307692
0 0.6971153846153846 0.2704326923076923 0.04807692307692308 0.036057692307692304
0 0.7764423076923077 0.07451923076923077 0.04326923076923077 0.03365384615384615
0 0.5817307692307693 0.04326923076923077 0.04326923076923077 0.038461538461538464
0 0.6382211538461539 0.0985576923076923 0.05048076923076923 0.02403846153846154