0 0.6502403846153846 0.3701923076923077 0.04567307692307692 0.0673076923076923
0 0.6105769230769231 0.44591346153846156 0.0673076923076923 0.06009615384615385
0 0.3161057692307692 0.4735576923076923 0.06009615384615385 0.04326923076923077
0 0.5384615384615384 0.4879807692307692 0.04326923076923077 0.04326923076923077
0 0.1971153846153846 0.5012019230769231 0.057692307692307696 0.06009615384615385
0 0.5637019230769231 0.5132211538461539 0.036057692307692304 0.021634615384615384
0 0.37740384615384615 0.5612980769230769 0.0625 0.036057692307692304
0 0.2091346153846154 0.5637019230769231 0.038461538461538464 0.05048076923076923
0 0.17307692307692307 0.5769230769230769 0.052884615384615384 0.04326923076923077
0 0.48197115384615385 0.6201923076923077 0.04567307692307692 0.038461538461538464
0 0.59375 0.6286057692307693 0.052884615384615384 0.05048076923076923
0 0.5973557692307693 0.6778846153846154 0.05048076923076923 0.04326923076923077
0 0.5024038461538461 0.7067307692307693 0.04326923076923077 0.028846153846153848
0 0.6286057692307693 0.19831730769230768 0.06971153846153846 0.04567307692307692
0 0.48677884615384615 0.22235576923076922 0.04567307692307692 0.036057692307692304
0 0.5 0.27884615384615385 0.04326923076923077 0.04326923076923077
0 0.22716346153846154 0.27884615384615385 0.06009615384615385 0.028846153846153848
0 0.13942307692307693 0.3233173076923077 0.0625 0.06009615384615385
0 0.6286057692307693 0.04927884615384615 0.06971153846153846 0.04567307692307692
0 0.48677884615384615 0.025240384615384616 0.04567307692307692 0.036057692307692304