0 0.21033653846153846 0.22956730769230768 0.036057692307692304 0.05048076923076923
0 0.23798076923076922 0.23677884615384615 0.057692307692307696 0.05048076923076923
0 0.16826923076923078 0.25721153846153844 0.038461538461538464 0.052884615384615384
0 0.16346153846153846 0.30288461538461536 0.052884615384615384 0.03365384615384615
0 0.020432692307692308 0.33052884615384615 0.040865384615384616 0.040865384615384616
0 0.18509615384615385 0.3449519230769231 0.057692307692307696 0.05048076923076923
0 0.14182692307692307 0.3737980769230769 0.04807692307692308 0.04567307692307692
0 0.4014423076923077 0.3870192307692308 0.052884615384615384 0.038461538461538464
0 0.0829326923076923 0.4074519230769231 0.055288461538461536 0.040865384615384616
0 0.18870192307692307 0.49399038461538464 0.06009615384615385 0.01201923076923077
0 0.41225961538461536 0.1141826923076923 0.05048076923076923 0.040865384615384616
0 0.016826923076923076 0.22235576923076922 0.03365384615384615 0.036057692307692304
0 0.42427884615384615 0.7223557692307693 0.04567307692307692 0.05048076923076923
0 0.2608173076923077 0.9507211538461539 0.036057692307692304 0.04567307692307692
0 0.9783653846153846 0.7247596153846154 0.04326923076923077 0.08413461538461539
0 0.9086538461538461 0.7824519230769231 0.07211538461538461 0.07451923076923077
0 0.6310096153846154 0.8052884615384616 0.1466346153846154 0.12980769230769232
0 0.8100961538461539 0.6646634615384616 0.07692307692307693 0.06971153846153846
0 0.5072115384615384 0.671875 0.09615384615384616 0.07451923076923077