0 0.8125 0.06971153846153846 0.038461538461538464 0.03365384615384615
0 0.27163461538461536 0.8834134615384616 0.052884615384615384 0.036057692307692304
0 0.006009615384615385 0.8942307692307693 0.01201923076923077 0.03365384615384615
0 0.21634615384615385 0.9134615384615384 0.038461538461538464 0.04326923076923077
0 0.35336538461538464 0.9182692307692307 0.03365384615384615 0.028846153846153848
0 0.03485576923076923 0.9423076923076923 0.036057692307692304 0.03365384615384615
0 0.11778846153846154 0.9435096153846154 0.03365384615384615 0.036057692307692304
0 0.2920673076923077 0.96875 0.05048076923076923 0.04326923076923077
0 0.23197115384615385 0.9891826923076923 0.05048076923076923 0.021634615384615384
0 0.27163461538461536 0.8209134615384616 0.052884615384615384 0.036057692307692304
0 0.006009615384615385 0.8076923076923077 0.01201923076923077 0.03365384615384615
0 0.21634615384615385 0.7884615384615384 0.038461538461538464 0.04326923076923077
0 0.35336538461538464 0.7836538461538461 0.03365384615384615 0.028846153846153848
0 0.03485576923076923 0.7596153846153846 0.036057692307692304 0.03365384615384615
0 0.11778846153846154 0.7608173076923077 0.03365384615384615 0.036057692307692304
0 0.29086538461538464 0.7475961538461539 0.052884615384615384 0.019230769230769232
0 0.7103365384615384 0.8064903846153846 0.07451923076923077 0.06009615384615385
0 0.984375 0.8305288461538461 0.03125 0.040865384615384616
0 0.9375 0.890625 0.057692307692307696 0.026442307692307692
0 0.8629807692307693 0.9002403846153846 0.057692307692307696 0.036057692307692304
0 0.7956730769230769 0.9387019230769231 0.04326923076923077 0.055288461538461536