0 0.9699519230769231 0.37740384615384615 0.055288461538461536 0.038461538461538464
0 0.8197115384615384 0.5 0.07692307692307693 0.08653846153846154
0 0.9447115384615384 0.1622596153846154 0.0625 0.036057692307692304
0 0.9699519230769231 0.609375 0.055288461538461536 0.08413461538461539
0 0.9302884615384616 0.7139423076923077 0.08653846153846154 0.0625
0 0.3449519230769231 0.75 0.04567307692307692 0.038461538461538464
0 0.5697115384615384 0.7572115384615384 0.03365384615384615 0.052884615384615384
0 0.6478365384615384 0.7584134615384616 0.06009615384615385 0.06009615384615385
0 0.6850961538461539 0.7848557692307693 0.03365384615384615 0.036057692307692304
0 0.6334134615384616 0.796875 0.021634615384615384 0.026442307692307692
0 0.30288461538461536 0.828125 0.03365384615384615 0.036057692307692304
0 0.6899038461538461 0.8401442307692307 0.04326923076923077 0.040865384615384616
0 0.8689903846153846 0.27524038461538464 0.05048076923076923 0.04567307692307692
0 0.9447115384615384 0.08533653846153846 0.0625 0.036057692307692304
0 0.34375 0.9915865384615384 0.04807692307692308 0.01201923076923077
0 0.5709134615384616 0.984375 0.036057692307692304 0.026442307692307692
0 0.6466346153846154 0.9819711538461539 0.0625 0.03125
0 0.6850961538461539 0.9723557692307693 0.03365384615384615 0.036057692307692304
0 0.6334134615384616 0.9603365384615384 0.021634615384615384 0.026442307692307692
0 0.30288461538461536 0.9290865384615384 0.03365384615384615 0.036057692307692304
0 0.6899038461538461 0.9170673076923077 0.04326923076923077 0.040865384615384616