0 0.17548076923076922 0.25721153846153844 0.0673076923076923 0.08653846153846154
0 0.32091346153846156 0.2644230769230769 0.06971153846153846 0.052884615384615384
0 0.44350961538461536 0.2800480769230769 0.09375 0.08413461538461539
0 0.5204326923076923 0.3389423076923077 0.11778846153846154 0.10096153846153846
0 0.3269230769230769 0.3641826923076923 0.08653846153846154 0.08413461538461539
0 0.5961538461538461 0.40384615384615385 0.1201923076923077 0.10576923076923077
0 0.34134615384615385 0.5036057692307693 0.052884615384615384 0.040865384615384616
0 0.47115384615384615 0.5204326923076923 0.125 0.06009615384615385
0 0.4098557692307692 0.5961538461538461 0.06971153846153846 0.0673076923076923
0 0.33774038461538464 0.6262019230769231 0.06009615384615385 0.06009615384615385
0 0.7956730769230769 0.43990384615384615 0.052884615384615384 0.038461538461538464
0 0.7524038461538461 0.4675480769230769 0.028846153846153848 0.055288461538461536
0 0.8617788461538461 0.5348557692307693 0.06009615384615385 0.05048076923076923
0 0.9266826923076923 0.5829326923076923 0.06490384615384616 0.055288461538461536
0 0.9831730769230769 0.2764423076923077 0.03365384615384615 0.057692307692307696
0 0.8786057692307693 0.8653846153846154 0.05048076923076923 0.038461538461538464