0 0.18028846153846154 0.14423076923076922 0.052884615384615384 0.052884615384615384
0 0.3762019230769231 0.15745192307692307 0.06971153846153846 0.06009615384615385
0 0.027644230769230768 0.1622596153846154 0.055288461538461536 0.07451923076923077
0 0.04567307692307692 0.23076923076923078 0.052884615384615384 0.0673076923076923
0 0.140625 0.234375 0.06971153846153846 0.06009615384615385
0 0.22956730769230768 0.28125 0.06009615384615385 0.038461538461538464
0 0.4795673076923077 0.28966346153846156 0.05048076923076923 0.04567307692307692
0 0.31850961538461536 0.2920673076923077 0.04567307692307692 0.06009615384615385
0 0.41466346153846156 0.296875 0.06009615384615385 0.06971153846153846
0 0.2127403846153846 0.33413461538461536 0.04567307692307692 0.04326923076923077
0 0.025240384615384616 0.3401442307692308 0.036057692307692304 0.06009615384615385
0 0.5228365384615384 0.3581730769230769 0.06009615384615385 0.052884615384615384
0 0.11899038461538461 0.3605769230769231 0.06971153846153846 0.04326923076923077
0 0.6201923076923077 0.390625 0.019230769230769232 0.04567307692307692
0 0.5709134615384616 0.3942307692307692 0.06009615384615385 0.057692307692307696
0 0.35096153846153844 0.4579326923076923 0.052884615384615384 0.036057692307692304
0 0.5480769230769231 0.46875 0.0673076923076923 0.0673076923076923
0 0.026442307692307692 0.48677884615384615 0.052884615384615384 0.06009615384615385
0 0.2980769230769231 0.015625 0.0625 0.03125
0 0.1935096153846154 0.028846153846153848 0.05048076923076923 0.057692307692307696
0 0.30649038461538464 0.07692307692307693 0.05048076923076923 0.0673076923076923
0 0.3605769230769231 0.08173076923076923 0.04326923076923077 0.04326923076923077
0 0.8305288461538461 0.34615384615384615 0.05048076923076923 0.04326923076923077
0 0.734375 0.5048076923076923 0.05048076923076923 0.038461538461538464
0 0.7091346153846154 0.5432692307692307 0.04326923076923077 0.04326923076923077
0 0.625 0.6538461538461539 0.009615384615384616 0.038461538461538464
0 0.43149038461538464 0.6875 0.026442307692307692 0.038461538461538464
0 0.4891826923076923 0.7692307692307693 0.026442307692307692 0.03365384615384615
0 0.4326923076923077 0.8233173076923077 0.028846153846153848 0.03125
0 0.5084134615384616 0.8713942307692307 0.026442307692307692 0.026442307692307692
0 0.8389423076923077 0.9639423076923077 0.028846153846153848 0.028846153846153848