0 0.2800480769230769 0.4266826923076923 0.036057692307692304 0.036057692307692304
0 0.5769230769230769 0.4387019230769231 0.057692307692307696 0.06009615384615385
0 0.5180288461538461 0.1778846153846154 0.06009615384615385 0.04807692307692308
0 0.6742788461538461 0.2247596153846154 0.036057692307692304 0.04567307692307692
0 0.4098557692307692 0.24759615384615385 0.036057692307692304 0.03365384615384615
0 0.46274038461538464 0.27163461538461536 0.07932692307692307 0.04326923076923077
0 0.6899038461538461 0.3112980769230769 0.04326923076923077 0.040865384615384616
0 0.4362980769230769 0.3173076923076923 0.05048076923076923 0.03365384615384615
0 0.5877403846153846 0.14543269230769232 0.04567307692307692 0.03125
0 0.5180288461538461 0.0673076923076923 0.06009615384615385 0.04807692307692308
0 0.6730769230769231 0.02283653846153846 0.038461538461538464 0.04567307692307692
0 0.40865384615384615 0.008413461538461538 0.038461538461538464 0.016826923076923076
0 0.5877403846153846 0.10216346153846154 0.04567307692307692 0.03125