0 0.4266826923076923 0.12620192307692307 0.06490384615384616 0.07451923076923077
0 0.8257211538461539 0.08173076923076923 0.06971153846153846 0.0625
0 0.7836538461538461 0.08413461538461539 0.0625 0.0625
0 0.9423076923076923 0.11177884615384616 0.052884615384615384 0.04567307692307692
0 0.9278846153846154 0.13942307692307693 0.038461538461538464 0.028846153846153848
0 0.6875 0.17427884615384615 0.0625 0.05048076923076923
0 0.921875 0.18269230769230768 0.04567307692307692 0.03365384615384615
0 0.8245192307692307 0.20072115384615385 0.057692307692307696 0.036057692307692304
0 0.8689903846153846 0.23197115384615385 0.04567307692307692 0.04567307692307692
0 0.6225961538461539 0.25721153846153844 0.052884615384615384 0.052884615384615384
0 0.5961538461538461 0.31850961538461536 0.0673076923076923 0.05048076923076923
0 0.7415865384615384 0.027644230769230768 0.06971153846153846 0.055288461538461536
0 0.9939903846153846 0.7764423076923077 0.01201923076923077 0.0673076923076923
0 0.6177884615384616 0.8305288461538461 0.04326923076923077 0.04567307692307692
0 0.7908653846153846 0.8774038461538461 0.03365384615384615 0.052884615384615384
0 0.9314903846153846 0.8774038461538461 0.05048076923076923 0.0625
0 0.9927884615384616 0.8870192307692307 0.014423076923076924 0.0673076923076923