0 0.7536057692307693 0.16826923076923078 0.03125 0.04326923076923077
0 0.49278846153846156 0.5757211538461539 0.052884615384615384 0.06009615384615385
0 0.1935096153846154 0.5997596153846154 0.08413461538461539 0.05048076923076923
0 0.32572115384615385 0.6514423076923077 0.04567307692307692 0.038461538461538464
0 0.35216346153846156 0.734375 0.06009615384615385 0.06009615384615385
0 0.007211538461538462 0.8990384615384616 0.014423076923076924 0.03365384615384615
0 0.06009615384615385 0.9038461538461539 0.04326923076923077 0.057692307692307696
0 0.15625 0.9158653846153846 0.07692307692307693 0.052884615384615384
0 0.004807692307692308 0.9375 0.009615384615384616 0.03365384615384615
0 0.9507211538461539 0.6826923076923077 0.07932692307692307 0.0673076923076923
0 0.7439903846153846 0.8293269230769231 0.0889423076923077 0.11057692307692307
0 0.7199519230769231 0.5673076923076923 0.040865384615384616 0.07211538461538461