0 0.05889423076923077 0.296875 0.05048076923076923 0.036057692307692304
0 0.21033653846153846 0.3233173076923077 0.036057692307692304 0.036057692307692304
0 0.03365384615384615 0.33653846153846156 0.038461538461538464 0.03365384615384615
0 0.3545673076923077 0.38461538461538464 0.05048076923076923 0.04807692307692308
0 0.5444711538461539 0.4182692307692308 0.026442307692307692 0.057692307692307696
0 0.09375 0.45552884615384615 0.052884615384615384 0.05048076923076923
0 0.3942307692307692 0.4879807692307692 0.052884615384615384 0.02403846153846154
0 0.3016826923076923 0.13221153846153846 0.05048076923076923 0.028846153846153848
0 0.7524038461538461 0.20552884615384615 0.04326923076923077 0.026442307692307692
0 0.8930288461538461 0.2091346153846154 0.05048076923076923 0.028846153846153848
0 0.6009615384615384 0.25961538461538464 0.0673076923076923 0.0625
0 0.8822115384615384 0.30649038461538464 0.038461538461538464 0.036057692307692304
0 0.7752403846153846 0.34134615384615385 0.04567307692307692 0.0625
0 0.8293269230769231 0.4326923076923077 0.07692307692307693 0.0625
0 0.8004807692307693 0.48197115384615385 0.0673076923076923 0.036057692307692304
0 0.65625 0.1141826923076923 0.038461538461538464 0.036057692307692304
0 0.9170673076923077 0.1141826923076923 0.021634615384615384 0.026442307692307692
0 0.8858173076923077 0.11538461538461539 0.036057692307692304 0.03365384615384615
0 0.9278846153846154 0.5336538461538461 0.057692307692307696 0.028846153846153848
0 0.8557692307692307 0.5528846153846154 0.052884615384615384 0.0625
0 0.8617788461538461 0.5637019230769231 0.05048076923076923 0.036057692307692304
0 0.9771634615384616 0.5769230769230769 0.036057692307692304 0.057692307692307696
0 0.8365384615384616 0.6045673076923077 0.0625 0.036057692307692304
0 0.9290865384615384 0.6129807692307693 0.036057692307692304 0.03365384615384615
0 0.9615384615384616 0.6334134615384616 0.04326923076923077 0.036057692307692304
0 0.7692307692307693 0.6394230769230769 0.03365384615384615 0.03365384615384615
0 0.8882211538461539 0.7512019230769231 0.06971153846153846 0.06009615384615385
0 0.8473557692307693 0.8004807692307693 0.08413461538461539 0.0673076923076923
0 0.8509615384615384 0.5072115384615384 0.0625 0.014423076923076924