0 0.21153846153846154 0.009615384615384616 0.07692307692307693 0.019230769230769232
0 0.15144230769230768 0.026442307692307692 0.052884615384615384 0.038461538461538464
0 0.09134615384615384 0.08774038461538461 0.052884615384615384 0.05048076923076923
0 0.1971153846153846 0.0985576923076923 0.0625 0.04326923076923077
0 0.028846153846153848 0.12980769230769232 0.04807692307692308 0.038461538461538464
0 0.16706730769230768 0.14783653846153846 0.06009615384615385 0.05048076923076923
0 0.09134615384615384 0.23076923076923078 0.04807692307692308 0.057692307692307696
0 0.018028846153846152 0.25841346153846156 0.036057692307692304 0.04567307692307692
0 0.038461538461538464 0.7572115384615384 0.028846153846153848 0.02403846153846154
0 0.01201923076923077 0.7800480769230769 0.02403846153846154 0.03125
0 0.8269230769230769 0.71875 0.028846153846153848 0.02403846153846154
0 0.8605769230769231 0.7644230769230769 0.03365384615384615 0.028846153846153848
0 0.9158653846153846 0.7704326923076923 0.028846153846153848 0.03125