0 0.1346153846153846 0.14783653846153846 0.07692307692307693 0.05048076923076923
0 0.5216346153846154 0.1814903846153846 0.03365384615384615 0.036057692307692304
0 0.20192307692307693 0.22115384615384615 0.052884615384615384 0.052884615384615384
0 0.5180288461538461 0.26802884615384615 0.040865384615384616 0.036057692307692304
0 0.2932692307692308 0.4026442307692308 0.052884615384615384 0.05048076923076923
0 0.5108173076923077 0.41466346153846156 0.05048076923076923 0.05048076923076923
0 0.078125 0.41586538461538464 0.05048076923076923 0.038461538461538464
0 0.23317307692307693 0.43509615384615385 0.057692307692307696 0.052884615384615384
0 0.10576923076923077 0.4423076923076923 0.057692307692307696 0.04326923076923077
0 0.5240384615384616 0.5168269230769231 0.028846153846153848 0.052884615384615384
0 0.4254807692307692 0.021634615384615384 0.057692307692307696 0.04326923076923077
0 0.3581730769230769 0.052884615384615384 0.03365384615384615 0.04326923076923077
0 0.5853365384615384 0.1045673076923077 0.07451923076923077 0.055288461538461536
0 0.6045673076923077 0.16346153846153846 0.04567307692307692 0.03365384615384615
0 0.8689903846153846 0.23197115384615385 0.04567307692307692 0.040865384615384616
0 0.6153846153846154 0.29447115384615385 0.0625 0.03125
0 0.8028846153846154 0.3401442307692308 0.0625 0.026442307692307692
0 0.5552884615384616 0.7487980769230769 0.03365384615384615 0.036057692307692304
0 0.6382211538461539 0.7848557692307693 0.036057692307692304 0.036057692307692304
0 0.6189903846153846 0.9735576923076923 0.036057692307692304 0.028846153846153848
0 0.6490384615384616 0.6045673076923077 0.03365384615384615 0.04567307692307692
0 0.5649038461538461 0.640625 0.052884615384615384 0.04567307692307692