0 0.984375 0.3737980769230769 0.021634615384615384 0.05048076923076923
0 0.8641826923076923 0.4230769230769231 0.07451923076923077 0.0625
0 0.3245192307692308 0.42908653846153844 0.057692307692307696 0.05048076923076923
0 0.4735576923076923 0.4519230769230769 0.0625 0.052884615384615384
0 0.8545673076923077 0.5204326923076923 0.07451923076923077 0.10817307692307693
0 0.13822115384615385 0.5432692307692307 0.08413461538461539 0.057692307692307696
0 0.5348557692307693 0.5757211538461539 0.06971153846153846 0.06009615384615385
0 0.796875 0.5997596153846154 0.06009615384615385 0.07932692307692307
0 0.7548076923076923 0.6069711538461539 0.0673076923076923 0.07451923076923077
0 0.1310096153846154 0.6081730769230769 0.06971153846153846 0.0625
0 0.5576923076923077 0.6201923076923077 0.0625 0.04326923076923077
0 0.6081730769230769 0.6778846153846154 0.057692307692307696 0.038461538461538464
0 0.6778846153846154 0.7043269230769231 0.038461538461538464 0.038461538461538464
0 0.8137019230769231 0.7415865384615384 0.06971153846153846 0.05048076923076923
0 0.5096153846153846 0.7512019230769231 0.0625 0.05048076923076923
0 0.9723557692307693 0.7548076923076923 0.04567307692307692 0.04326923076923077
0 0.7716346153846154 0.7644230769230769 0.10096153846153846 0.04326923076923077
0 0.6995192307692307 0.20552884615384615 0.04807692307692308 0.040865384615384616
0 0.40024038461538464 0.26322115384615385 0.05048076923076923 0.04567307692307692
0 0.42908653846153844 0.33413461538461536 0.05048076923076923 0.04326923076923077
0 0.5108173076923077 0.9879807692307693 0.06490384615384616 0.019230769230769232
0 0.9711538461538461 0.9879807692307693 0.04807692307692308 0.019230769230769232
0 0.7728365384615384 0.9831730769230769 0.10336538461538461 0.028846153846153848
0 0.6995192307692307 0.042067307692307696 0.04807692307692308 0.040865384615384616