0 0.9302884615384616 0.21153846153846154 0.038461538461538464 0.057692307692307696
0 0.7884615384615384 0.21754807692307693 0.028846153846153848 0.036057692307692304
0 0.984375 0.17427884615384615 0.03125 0.04567307692307692
0 0.10216346153846154 0.5757211538461539 0.021634615384615384 0.036057692307692304
0 0.18389423076923078 0.6394230769230769 0.026442307692307692 0.028846153846153848
0 0.31971153846153844 0.6778846153846154 0.04326923076923077 0.03365384615384615
0 0.07211538461538461 0.6802884615384616 0.03365384615384615 0.038461538461538464
0 0.18028846153846154 0.6862980769230769 0.028846153846153848 0.036057692307692304
0 0.09975961538461539 0.7139423076923077 0.036057692307692304 0.04326923076923077
0 0.21394230769230768 0.71875 0.028846153846153848 0.03365384615384615
0 0.07932692307692307 0.7680288461538461 0.03365384615384615 0.036057692307692304
0 0.026442307692307692 0.8004807692307693 0.04326923076923077 0.03365384615384615
0 0.109375 0.8317307692307693 0.036057692307692304 0.028846153846153848
0 0.057692307692307696 0.8629807692307693 0.028846153846153848 0.028846153846153848
0 0.16346153846153846 0.8894230769230769 0.028846153846153848 0.038461538461538464
0 0.2283653846153846 0.9314903846153846 0.038461538461538464 0.04567307692307692
0 0.12379807692307693 0.953125 0.021634615384615384 0.026442307692307692
0 0.14543269230769232 0.9519230769230769 0.021634615384615384 0.03365384615384615
0 0.12259615384615384 0.5108173076923077 0.028846153846153848 0.026442307692307692
0 0.7103365384615384 0.953125 0.06009615384615385 0.06490384615384616
0 0.8425480769230769 0.7043269230769231 0.06971153846153846 0.057692307692307696
0 0.6105769230769231 0.7475961538461539 0.04807692307692308 0.038461538461538464
0 0.8425480769230769 0.5456730769230769 0.06971153846153846 0.057692307692307696
0 0.6105769230769231 0.5024038461538461 0.04807692307692308 0.038461538461538464