0 0.3137019230769231 0.3557692307692308 0.026442307692307692 0.019230769230769232
0 0.39783653846153844 0.38100961538461536 0.021634615384615384 0.021634615384615384
0 0.23317307692307693 0.39663461538461536 0.04326923076923077 0.03365384615384615
0 0.15504807692307693 0.41947115384615385 0.036057692307692304 0.036057692307692304
0 0.3245192307692308 0.44711538461538464 0.038461538461538464 0.03365384615384615
0 0.40024038461538464 0.4483173076923077 0.016826923076923076 0.026442307692307692
0 0.15384615384615385 0.45072115384615385 0.028846153846153848 0.026442307692307692
0 0.19230769230769232 0.4735576923076923 0.028846153846153848 0.019230769230769232
0 0.24278846153846154 0.4855769230769231 0.03365384615384615 0.028846153846153848
0 0.4026442307692308 0.4855769230769231 0.01201923076923077 0.04326923076923077
0 0.2860576923076923 0.4987980769230769 0.038461538461538464 0.026442307692307692
0 0.3545673076923077 0.5252403846153846 0.05048076923076923 0.036057692307692304
0 0.2764423076923077 0.5324519230769231 0.038461538461538464 0.026442307692307692
0 0.25961538461538464 0.6274038461538461 0.04326923076923077 0.03365384615384615
0 0.2283653846153846 0.31490384615384615 0.03365384615384615 0.028846153846153848
0 0.3004807692307692 0.3233173076923077 0.038461538461538464 0.026442307692307692
0 0.984375 0.03485576923076923 0.03125 0.06971153846153846
0 0.6658653846153846 0.41466346153846156 0.052884615384615384 0.06009615384615385