0 0.4483173076923077 0.3918269230769231 0.026442307692307692 0.019230769230769232
0 0.5384615384615384 0.4170673076923077 0.03365384615384615 0.021634615384615384
0 0.36778846153846156 0.4326923076923077 0.04326923076923077 0.03365384615384615
0 0.28966346153846156 0.45552884615384615 0.036057692307692304 0.036057692307692304
0 0.45913461538461536 0.4831730769230769 0.038461538461538464 0.03365384615384615
0 0.5408653846153846 0.484375 0.028846153846153848 0.026442307692307692
0 0.28846153846153844 0.48677884615384615 0.028846153846153848 0.026442307692307692
0 0.3269230769230769 0.5096153846153846 0.028846153846153848 0.019230769230769232
0 0.37740384615384615 0.5216346153846154 0.03365384615384615 0.028846153846153848
0 0.5576923076923077 0.5216346153846154 0.052884615384615384 0.04326923076923077
0 0.4206730769230769 0.5348557692307693 0.038461538461538464 0.026442307692307692
0 0.6213942307692307 0.5444711538461539 0.036057692307692304 0.021634615384615384
0 0.4891826923076923 0.5612980769230769 0.05048076923076923 0.036057692307692304
0 0.4110576923076923 0.5685096153846154 0.038461538461538464 0.026442307692307692
0 0.3942307692307692 0.6634615384615384 0.04326923076923077 0.03365384615384615
0 0.7079326923076923 0.6838942307692307 0.06009615384615385 0.036057692307692304
0 0.5108173076923077 0.6971153846153846 0.04567307692307692 0.038461538461538464
0 0.5757211538461539 0.3076923076923077 0.036057692307692304 0.03365384615384615
0 0.3629807692307692 0.35096153846153844 0.03365384615384615 0.028846153846153848
0 0.43509615384615385 0.359375 0.038461538461538464 0.026442307692307692