0 0.9447115384615384 0.078125 0.038461538461538464 0.055288461538461536
0 0.10576923076923077 0.8341346153846154 0.04807692307692308 0.03365384615384615
0 0.02403846153846154 0.8894230769230769 0.04326923076923077 0.028846153846153848
0 0.7067307692307693 0.32091346153846156 0.11057692307692307 0.04567307692307692
0 0.8701923076923077 0.3641826923076923 0.12980769230769232 0.12259615384615384
0 0.6045673076923077 0.38461538461538464 0.07932692307692307 0.0673076923076923
0 0.7367788461538461 0.5012019230769231 0.13221153846153846 0.11778846153846154
0 0.4254807692307692 0.53125 0.03365384615384615 0.11057692307692307
0 0.8004807692307693 0.5564903846153846 0.07692307692307693 0.07451923076923077
0 0.90625 0.7235576923076923 0.12980769230769232 0.11538461538461539
0 0.5408653846153846 0.7283653846153846 0.0625 0.057692307692307696
0 0.7019230769230769 0.7427884615384616 0.08173076923076923 0.057692307692307696
0 0.4411057692307692 0.7596153846153846 0.06490384615384616 0.052884615384615384
0 0.5697115384615384 0.78125 0.07692307692307693 0.0625
0 0.9302884615384616 0.9495192307692307 0.07692307692307693 0.0625