0 0.14302884615384615 0.010817307692307692 0.06971153846153846 0.021634615384615384
0 0.03365384615384615 0.01201923076923077 0.0673076923076923 0.02403846153846154
0 0.24158653846153846 0.025240384615384616 0.11778846153846154 0.05048076923076923
0 0.3798076923076923 0.0829326923076923 0.057692307692307696 0.06009615384615385
0 0.1310096153846154 0.109375 0.06009615384615385 0.04567307692307692
0 0.25 0.13701923076923078 0.0625 0.052884615384615384
0 0.3798076923076923 0.25600961538461536 0.057692307692307696 0.06009615384615385
0 0.1310096153846154 0.22956730769230768 0.06009615384615385 0.04567307692307692
0 0.25 0.19951923076923078 0.0625 0.052884615384615384
0 0.6766826923076923 0.15264423076923078 0.026442307692307692 0.036057692307692304
0 0.7223557692307693 0.16826923076923078 0.036057692307692304 0.03365384615384615
0 0.5697115384615384 0.17067307692307693 0.04326923076923077 0.038461538461538464
0 0.6418269230769231 0.1875 0.038461538461538464 0.03365384615384615
0 0.5817307692307693 0.21394230769230768 0.038461538461538464 0.028846153846153848
0 0.734375 0.21634615384615385 0.04567307692307692 0.038461538461538464
0 0.7175480769230769 0.1141826923076923 0.04567307692307692 0.026442307692307692
0 0.9110576923076923 0.22716346153846154 0.03365384615384615 0.04567307692307692
0 0.8269230769230769 0.26322115384615385 0.052884615384615384 0.04567307692307692
0 0.6766826923076923 0.051682692307692304 0.026442307692307692 0.036057692307692304
0 0.7223557692307693 0.03365384615384615 0.036057692307692304 0.03365384615384615
0 0.5697115384615384 0.03125 0.04326923076923077 0.038461538461538464
0 0.6418269230769231 0.015625 0.038461538461538464 0.03125
0 0.7331730769230769 0.003605769230769231 0.04807692307692308 0.007211538461538462
0 0.7175480769230769 0.09014423076923077 0.04567307692307692 0.026442307692307692
0 0.42788461538461536 0.6213942307692307 0.038461538461538464 0.036057692307692304
0 0.054086538461538464 0.625 0.03125 0.04807692307692308
0 0.22235576923076922 0.8088942307692307 0.026442307692307692 0.026442307692307692
0 0.4675480769230769 0.8641826923076923 0.036057692307692304 0.04567307692307692
0 0.49759615384615385 0.875 0.057692307692307696 0.04326923076923077
0 0.07932692307692307 0.4879807692307692 0.038461538461538464 0.028846153846153848
0 0.21995192307692307 0.5324519230769231 0.036057692307692304 0.036057692307692304
0 0.7848557692307693 0.6814903846153846 0.16105769230769232 0.13221153846153846