0 0.234375 0.36658653846153844 0.06971153846153846 0.05048076923076923
0 0.31850961538461536 0.3918269230769231 0.05048076923076923 0.03365384615384615
0 0.16105769230769232 0.09134615384615384 0.07692307692307693 0.0625
0 0.296875 0.125 0.07451923076923077 0.0625
0 0.5504807692307693 0.13942307692307693 0.11538461538461539 0.08653846153846154
0 0.6995192307692307 0.2091346153846154 0.11057692307692307 0.07692307692307693
0 0.5504807692307693 0.016826923076923076 0.11538461538461539 0.03365384615384615
0 0.35336538461538464 0.625 0.028846153846153848 0.03365384615384615
0 0.7139423076923077 0.6141826923076923 0.03365384615384615 0.03125
0 0.7007211538461539 0.6742788461538461 0.026442307692307692 0.021634615384615384
0 0.7896634615384616 0.7067307692307693 0.040865384615384616 0.02403846153846154
0 0.7271634615384616 0.5264423076923077 0.06490384615384616 0.057692307692307696