0 0.06850961538461539 0.15264423076923078 0.036057692307692304 0.026442307692307692
0 0.6983173076923077 0.30288461538461536 0.040865384615384616 0.04326923076923077
0 0.9134615384615384 0.34134615384615385 0.038461538461538464 0.04326923076923077
0 0.3125 0.4266826923076923 0.03365384615384615 0.016826923076923076
0 0.28966346153846156 0.6442307692307693 0.026442307692307692 0.02403846153846154
0 0.5024038461538461 0.6478365384615384 0.028846153846153848 0.026442307692307692
0 0.25 0.6586538461538461 0.02403846153846154 0.028846153846153848
0 0.36899038461538464 0.734375 0.016826923076923076 0.021634615384615384
0 0.11778846153846154 0.7355769230769231 0.04807692307692308 0.03365384615384615
0 0.5168269230769231 0.7932692307692307 0.02403846153846154 0.019230769230769232
0 0.06009615384615385 0.8641826923076923 0.03365384615384615 0.040865384615384616
0 0.3245192307692308 0.8786057692307693 0.038461538461538464 0.036057692307692304
0 0.7151442307692307 0.6165865384615384 0.06971153846153846 0.06009615384615385
0 0.6995192307692307 0.6610576923076923 0.04326923076923077 0.04326923076923077
0 0.7379807692307693 0.7944711538461539 0.0625 0.05048076923076923
0 0.9230769230769231 0.4699519230769231 0.057692307692307696 0.05048076923076923
0 0.7740384615384616 0.49278846153846156 0.0625 0.052884615384615384