0 0.4026442307692308 0.18028846153846154 0.06971153846153846 0.057692307692307696
0 0.30649038461538464 0.3112980769230769 0.06971153846153846 0.06490384615384616
0 0.4375 0.35096153846153844 0.04326923076923077 0.04326923076923077
0 0.3762019230769231 0.36899038461538464 0.05048076923076923 0.05048076923076923
0 0.44711538461538464 0.39663461538461536 0.052884615384615384 0.03365384615384615
0 0.4014423076923077 0.007211538461538462 0.07211538461538461 0.014423076923076924
0 0.7524038461538461 0.006009615384615385 0.052884615384615384 0.01201923076923077
0 0.8509615384615384 0.01201923076923077 0.057692307692307696 0.02403846153846154
0 0.9711538461538461 0.026442307692307692 0.04807692307692308 0.03365384615384615
0 0.8798076923076923 0.039663461538461536 0.04807692307692308 0.04567307692307692
0 0.7692307692307693 0.07572115384615384 0.04326923076923077 0.04567307692307692
0 0.8149038461538461 0.08413461538461539 0.0625 0.04807692307692308
0 0.8846153846153846 0.0829326923076923 0.03365384615384615 0.026442307692307692
0 0.6117788461538461 0.08774038461538461 0.07932692307692307 0.06009615384615385
0 0.8389423076923077 0.11057692307692307 0.04326923076923077 0.04326923076923077
0 0.7379807692307693 0.1346153846153846 0.057692307692307696 0.03365384615384615
0 0.7115384615384616 0.19831730769230768 0.057692307692307696 0.040865384615384616
0 0.17427884615384615 0.8701923076923077 0.036057692307692304 0.02403846153846154
0 0.8485576923076923 0.5877403846153846 0.04326923076923077 0.036057692307692304
0 0.7596153846153846 0.5997596153846154 0.11538461538461539 0.06009615384615385
0 0.8894230769230769 0.45913461538461536 0.038461538461538464 0.052884615384615384
0 0.5877403846153846 0.46634615384615385 0.036057692307692304 0.04326923076923077
0 0.6911057692307693 0.5120192307692307 0.11778846153846154 0.11538461538461539
0 0.7860576923076923 0.5180288461538461 0.04326923076923077 0.05048076923076923