0 0.7379807692307693 0.39903846153846156 0.0673076923076923 0.0625
0 0.6057692307692307 0.41586538461538464 0.04807692307692308 0.03365384615384615
0 0.35096153846153844 0.4362980769230769 0.057692307692307696 0.040865384615384616
0 0.5829326923076923 0.45552884615384615 0.04567307692307692 0.04567307692307692
0 0.22716346153846154 0.4879807692307692 0.05048076923076923 0.04326923076923077
0 0.6586538461538461 0.5048076923076923 0.04807692307692308 0.038461538461538464
0 0.6610576923076923 0.5685096153846154 0.057692307692307696 0.06009615384615385
0 0.5456730769230769 0.6586538461538461 0.052884615384615384 0.0625
0 0.3942307692307692 0.7259615384615384 0.04326923076923077 0.04326923076923077
0 0.46033653846153844 0.21033653846153846 0.05048076923076923 0.036057692307692304
0 0.6334134615384616 0.14543269230769232 0.040865384615384616 0.04567307692307692
0 0.46033653846153844 0.037259615384615384 0.05048076923076923 0.036057692307692304
0 0.6334134615384616 0.10216346153846154 0.040865384615384616 0.04567307692307692