0 0.7800480769230769 0.006009615384615385 0.06009615384615385 0.01201923076923077
0 0.7019230769230769 0.06610576923076923 0.04326923076923077 0.05048076923076923
0 0.04447115384615385 0.48677884615384615 0.06009615384615385 0.06490384615384616
0 0.02403846153846154 0.5528846153846154 0.04807692307692308 0.1346153846153846
0 0.16706730769230768 0.6850961538461539 0.05048076923076923 0.057692307692307696
0 0.21153846153846154 0.7079326923076923 0.04807692307692308 0.055288461538461536
0 0.17668269230769232 0.765625 0.1466346153846154 0.11778846153846154
0 0.4483173076923077 0.8653846153846154 0.06009615384615385 0.07211538461538461
0 0.5324519230769231 0.33653846153846156 0.040865384615384616 0.03365384615384615
0 0.8497596153846154 0.6971153846153846 0.040865384615384616 0.04326923076923077
0 0.7920673076923077 0.7019230769230769 0.036057692307692304 0.038461538461538464
0 0.5757211538461539 0.8245192307692307 0.036057692307692304 0.038461538461538464
0 0.5048076923076923 0.8509615384615384 0.03365384615384615 0.03365384615384615
0 0.8269230769230769 0.8677884615384616 0.04326923076923077 0.04326923076923077