0 0.01201923076923077 0.23076923076923078 0.02403846153846154 0.052884615384615384
0 0.1935096153846154 0.2439903846153846 0.06971153846153846 0.06009615384615385
0 0.046875 0.36778846153846156 0.06009615384615385 0.038461538461538464
0 0.13581730769230768 0.3786057692307692 0.04567307692307692 0.06009615384615385
0 0.23197115384615385 0.38341346153846156 0.06009615384615385 0.06971153846153846
0 0.030048076923076924 0.41346153846153844 0.04567307692307692 0.028846153846153848
0 0.11538461538461539 0.08653846153846154 0.0625 0.0625
0 0.018028846153846152 0.11298076923076923 0.036057692307692304 0.0625
0 0.12379807692307693 0.16346153846153846 0.05048076923076923 0.0673076923076923
0 0.1778846153846154 0.16826923076923078 0.04326923076923077 0.04326923076923077
0 0.15865384615384615 0.006009615384615385 0.0625 0.01201923076923077
0 0.71875 0.41346153846153844 0.052884615384615384 0.028846153846153848
0 0.007211538461538462 0.71875 0.014423076923076924 0.038461538461538464
0 0.23677884615384615 0.5516826923076923 0.04567307692307692 0.036057692307692304
0 0.4543269230769231 0.5973557692307693 0.03365384615384615 0.05048076923076923
0 0.4362980769230769 0.6201923076923077 0.026442307692307692 0.04326923076923077
0 0.9423076923076923 0.6598557692307693 0.04326923076923077 0.036057692307692304
0 0.8533653846153846 0.671875 0.11538461538461539 0.06009615384615385
0 0.3798076923076923 0.6971153846153846 0.038461538461538464 0.03365384615384615
0 0.4254807692307692 0.7043269230769231 0.052884615384615384 0.057692307692307696
0 0.8016826923076923 0.43509615384615385 0.06971153846153846 0.014423076923076924
0 0.7403846153846154 0.4362980769230769 0.0625 0.016826923076923076
0 0.5456730769230769 0.4411057692307692 0.057692307692307696 0.026442307692307692
0 0.34375 0.453125 0.057692307692307696 0.05048076923076923
0 0.7067307692307693 0.4675480769230769 0.052884615384615384 0.04567307692307692
0 0.6069711538461539 0.4723557692307692 0.06009615384615385 0.04567307692307692
0 0.6358173076923077 0.5096153846153846 0.05048076923076923 0.0673076923076923
0 0.9819711538461539 0.53125 0.036057692307692304 0.052884615384615384
0 0.6778846153846154 0.5384615384615384 0.04326923076923077 0.04326923076923077
0 0.6310096153846154 0.5745192307692307 0.05048076923076923 0.052884615384615384
0 0.49278846153846156 0.5769230769230769 0.03365384615384615 0.04326923076923077
0 0.7848557692307693 0.5841346153846154 0.11778846153846154 0.11538461538461539
0 0.8798076923076923 0.5901442307692307 0.04326923076923077 0.05048076923076923