0 0.7896634615384616 0.359375 0.036057692307692304 0.03125
0 0.7307692307692307 0.46153846153846156 0.04326923076923077 0.03365384615384615
0 0.7800480769230769 0.4951923076923077 0.036057692307692304 0.009615384615384616
0 0.27283653846153844 0.5228365384615384 0.021634615384615384 0.021634615384615384
0 0.013221153846153846 0.5420673076923077 0.026442307692307692 0.036057692307692304
0 0.265625 0.5853365384615384 0.03125 0.021634615384615384
0 0.15264423076923078 0.6310096153846154 0.040865384615384616 0.036057692307692304
0 0.9699519230769231 0.5528846153846154 0.03125 0.02403846153846154
0 0.7247596153846154 0.5612980769230769 0.036057692307692304 0.036057692307692304
0 0.5901442307692307 0.6634615384615384 0.03125 0.03365384615384615
0 0.9879807692307693 0.6923076923076923 0.02403846153846154 0.028846153846153848
0 0.9699519230769231 0.734375 0.036057692307692304 0.03125
0 0.8004807692307693 0.7932692307692307 0.04326923076923077 0.038461538461538464
0 0.5637019230769231 0.7932692307692307 0.03125 0.03365384615384615
0 0.7752403846153846 0.9591346153846154 0.036057692307692304 0.028846153846153848