0 0.3918269230769231 0.037259615384615384 0.03365384615384615 0.036057692307692304
0 0.25600961538461536 0.2764423076923077 0.036057692307692304 0.028846153846153848
0 0.25600961538461536 0.2764423076923077 0.040865384615384616 0.03365384615384615
0 0.40384615384615385 0.34134615384615385 0.038461538461538464 0.04326923076923077
0 0.05048076923076923 0.3737980769230769 0.02403846153846154 0.021634615384615384
0 0.1310096153846154 0.38341346153846156 0.036057692307692304 0.03125
0 0.07692307692307693 0.40024038461538464 0.028846153846153848 0.03125
0 0.12740384615384615 0.46153846153846156 0.04326923076923077 0.02403846153846154
0 0.04807692307692308 0.5528846153846154 0.03365384615384615 0.028846153846153848
0 0.4026442307692308 0.08052884615384616 0.03125 0.03125
0 0.296875 0.027644230769230768 0.05048076923076923 0.036057692307692304
0 0.4170673076923077 0.24639423076923078 0.06490384615384616 0.055288461538461536
0 0.296875 0.006009615384615385 0.05048076923076923 0.01201923076923077
0 0.5637019230769231 0.9555288461538461 0.05048076923076923 0.040865384615384616
0 0.8125 0.984375 0.038461538461538464 0.03125
0 0.7764423076923077 0.6478365384615384 0.04326923076923077 0.04567307692307692