0 0.2848557692307692 0.3125 0.06490384615384616 0.057692307692307696
0 0.44591346153846156 0.3425480769230769 0.040865384615384616 0.036057692307692304
0 0.44591346153846156 0.3425480769230769 0.036057692307692304 0.03125
0 0.30649038461538464 0.10336538461538461 0.03125 0.038461538461538464
0 0.5612980769230769 0.4495192307692308 0.016826923076923076 0.03365384615384615
0 0.43028846153846156 0.14543269230769232 0.028846153846153848 0.021634615384615384
0 0.29927884615384615 0.1466346153846154 0.03125 0.03365384615384615
0 0.3942307692307692 0.17067307692307693 0.02403846153846154 0.02403846153846154
0 0.35216346153846156 0.18269230769230768 0.021634615384615384 0.02403846153846154
0 0.4014423076923077 0.08774038461538461 0.052884615384615384 0.026442307692307692
0 0.30649038461538464 0.04567307692307692 0.03125 0.038461538461538464
0 0.43028846153846156 0.008413461538461538 0.028846153846153848 0.016826923076923076
0 0.29927884615384615 0.009615384615384616 0.03125 0.019230769230769232
0 0.4014423076923077 0.06370192307692307 0.052884615384615384 0.026442307692307692
0 0.109375 0.7824519230769231 0.06490384615384616 0.05048076923076923
0 0.39302884615384615 0.8810096153846154 0.05048076923076923 0.036057692307692304
0 0.16706730769230768 0.8798076923076923 0.07932692307692307 0.08173076923076923
0 0.265625 0.8798076923076923 0.07932692307692307 0.0673076923076923
0 0.4543269230769231 0.921875 0.07692307692307693 0.06009615384615385
0 0.10817307692307693 0.48677884615384615 0.0673076923076923 0.016826923076923076