0 0.25 0.10697115384615384 0.03365384615384615 0.036057692307692304
0 0.1141826923076923 0.34615384615384615 0.036057692307692304 0.028846153846153848
0 0.1141826923076923 0.34615384615384615 0.040865384615384616 0.03365384615384615
0 0.2620192307692308 0.4110576923076923 0.038461538461538464 0.04326923076923077
0 0.003605769230769231 0.453125 0.007211538461538462 0.03125
0 0.5697115384615384 0.5889423076923077 0.028846153846153848 0.019230769230769232
0 0.2608173076923077 0.1502403846153846 0.03125 0.03125
0 0.15504807692307693 0.09735576923076923 0.05048076923076923 0.036057692307692304
0 0.27524038461538464 0.3161057692307692 0.06490384615384616 0.055288461538461536
0 0.25 0.054086538461538464 0.03365384615384615 0.036057692307692304
0 0.2608173076923077 0.013221153846153846 0.03125 0.026442307692307692
0 0.15504807692307693 0.06370192307692307 0.05048076923076923 0.036057692307692304
0 0.9567307692307693 0.18269230769230768 0.07692307692307693 0.07692307692307693
0 0.6610576923076923 0.2692307692307692 0.07692307692307693 0.0673076923076923
0 0.7367788461538461 0.33653846153846156 0.08413461538461539 0.08173076923076923
0 0.8293269230769231 0.3701923076923077 0.10096153846153846 0.08653846153846154
0 0.8100961538461539 0.515625 0.052884615384615384 0.04567307692307692
0 0.6478365384615384 0.6105769230769231 0.09375 0.09134615384615384
0 0.9891826923076923 0.07451923076923077 0.021634615384615384 0.04326923076923077
0 0.7884615384615384 0.11658653846153846 0.08173076923076923 0.06971153846153846
0 0.8245192307692307 0.7007211538461539 0.052884615384615384 0.021634615384615384
0 0.9723557692307693 0.7884615384615384 0.04567307692307692 0.052884615384615384