0 0.5673076923076923 0.1935096153846154 0.03365384615384615 0.036057692307692304
0 0.43149038461538464 0.4326923076923077 0.036057692307692304 0.028846153846153848
0 0.43149038461538464 0.4326923076923077 0.040865384615384616 0.03365384615384615
0 0.5793269230769231 0.49759615384615385 0.038461538461538464 0.04326923076923077
0 0.22596153846153846 0.5300480769230769 0.02403846153846154 0.021634615384615384
0 0.30649038461538464 0.5396634615384616 0.036057692307692304 0.03125
0 0.25240384615384615 0.5564903846153846 0.028846153846153848 0.03125
0 0.30288461538461536 0.6177884615384616 0.04326923076923077 0.02403846153846154
0 0.8870192307692307 0.6754807692307693 0.028846153846153848 0.019230769230769232
0 0.22355769230769232 0.7091346153846154 0.03365384615384615 0.028846153846153848
0 0.578125 0.23677884615384615 0.03125 0.03125
0 0.4723557692307692 0.18389423076923078 0.05048076923076923 0.036057692307692304
0 0.9423076923076923 0.3798076923076923 0.04807692307692308 0.038461538461538464
0 0.5925480769230769 0.4026442307692308 0.06490384615384616 0.055288461538461536
0 0.5673076923076923 0.140625 0.03365384615384615 0.036057692307692304
0 0.8870192307692307 0.9879807692307693 0.028846153846153848 0.019230769230769232
0 0.22355769230769232 0.9543269230769231 0.03365384615384615 0.028846153846153848
0 0.578125 0.09735576923076923 0.03125 0.03125
0 0.4723557692307692 0.1502403846153846 0.05048076923076923 0.036057692307692304