0 0.4098557692307692 0.40384615384615385 0.06490384615384616 0.057692307692307696
0 0.5709134615384616 0.4338942307692308 0.040865384615384616 0.036057692307692304
0 0.5709134615384616 0.4338942307692308 0.036057692307692304 0.03125
0 0.43149038461538464 0.19471153846153846 0.03125 0.038461538461538464
0 0.6959134615384616 0.5408653846153846 0.036057692307692304 0.03365384615384615
0 0.7512019230769231 0.5504807692307693 0.026442307692307692 0.019230769230769232
0 0.6971153846153846 0.6213942307692307 0.04326923076923077 0.026442307692307692
0 0.7716346153846154 0.7067307692307693 0.019230769230769232 0.02403846153846154
0 0.5552884615384616 0.23677884615384615 0.028846153846153848 0.021634615384615384
0 0.42427884615384615 0.23798076923076922 0.03125 0.03365384615384615
0 0.5192307692307693 0.2620192307692308 0.02403846153846154 0.02403846153846154
0 0.47716346153846156 0.27403846153846156 0.021634615384615384 0.02403846153846154
0 0.5264423076923077 0.17908653846153846 0.052884615384615384 0.026442307692307692
0 0.43149038461538464 0.13701923076923078 0.03125 0.038461538461538464
0 0.7716346153846154 0.9567307692307693 0.019230769230769232 0.02403846153846154
0 0.5552884615384616 0.09735576923076923 0.028846153846153848 0.021634615384615384
0 0.42427884615384615 0.09375 0.03125 0.03365384615384615
0 0.5192307692307693 0.06971153846153846 0.02403846153846154 0.02403846153846154
0 0.47716346153846156 0.057692307692307696 0.021634615384615384 0.02403846153846154
0 0.5264423076923077 0.15504807692307693 0.052884615384615384 0.026442307692307692