0 0.21875 0.28365384615384615 0.04326923076923077 0.03365384615384615
0 0.41466346153846156 0.3076923076923077 0.05048076923076923 0.057692307692307696
0 0.1814903846153846 0.3293269230769231 0.040865384615384616 0.038461538461538464
0 0.34134615384615385 0.3329326923076923 0.04807692307692308 0.04567307692307692
0 0.17548076923076922 0.3786057692307692 0.04807692307692308 0.040865384615384616
0 0.3329326923076923 0.3786057692307692 0.05048076923076923 0.040865384615384616
0 0.4170673076923077 0.38341346153846156 0.04567307692307692 0.03125
0 0.8665865384615384 0.19110576923076922 0.040865384615384616 0.03125
0 0.7728365384615384 0.203125 0.040865384615384616 0.03125
0 0.8882211538461539 0.09134615384615384 0.040865384615384616 0.03365384615384615
0 0.8028846153846154 0.12740384615384615 0.04326923076923077 0.04326923076923077
0 0.12620192307692307 0.5637019230769231 0.07451923076923077 0.10817307692307693
0 0.4254807692307692 0.6189903846153846 0.028846153846153848 0.06009615384615385
0 0.18389423076923078 0.6430288461538461 0.06009615384615385 0.07932692307692307
0 0.22355769230769232 0.6502403846153846 0.0673076923076923 0.07451923076923077
0 0.41466346153846156 0.6634615384615384 0.05048076923076923 0.04326923076923077
0 0.3701923076923077 0.7211538461538461 0.057692307692307696 0.038461538461538464
0 0.3004807692307692 0.7475961538461539 0.038461538461538464 0.038461538461538464
0 0.16706730769230768 0.7872596153846154 0.06971153846153846 0.05048076923076923
0 0.015625 0.8004807692307693 0.03125 0.04326923076923077
0 0.20673076923076922 0.8100961538461539 0.10096153846153846 0.04326923076923077
0 0.003605769230769231 0.4206730769230769 0.007211538461538462 0.04326923076923077
0 0.11658653846153846 0.46634615384615385 0.07451923076923077 0.0625
0 0.5060096153846154 0.9158653846153846 0.06490384615384616 0.052884615384615384
0 0.46274038461538464 0.9927884615384616 0.036057692307692304 0.014423076923076924