0 0.03125 0.1346153846153846 0.04326923076923077 0.03365384615384615
0 0.23677884615384615 0.15865384615384615 0.06971153846153846 0.057692307692307696
0 0.007211538461538462 0.18028846153846154 0.014423076923076924 0.038461538461538464
0 0.15384615384615385 0.18389423076923078 0.04807692307692308 0.04567307692307692
0 0.006009615384615385 0.23076923076923078 0.01201923076923077 0.04326923076923077
0 0.14543269230769232 0.23076923076923078 0.05048076923076923 0.04326923076923077
0 0.22956730769230768 0.24759615384615385 0.04567307692307692 0.057692307692307696
0 0.28966346153846156 0.25721153846153844 0.04567307692307692 0.052884615384615384
0 0.43990384615384615 0.2644230769230769 0.04807692307692308 0.04326923076923077
0 0.026442307692307692 0.3112980769230769 0.052884615384615384 0.06971153846153846
0 0.09375 0.3173076923076923 0.052884615384615384 0.04807692307692308
0 0.21995192307692307 0.3245192307692308 0.06009615384615385 0.052884615384615384
0 0.36538461538461536 0.35697115384615385 0.052884615384615384 0.06009615384615385
0 0.4230769230769231 0.36899038461538464 0.0625 0.08413461538461539
0 0.025240384615384616 0.3786057692307692 0.05048076923076923 0.05048076923076923
0 0.28966346153846156 0.38341346153846156 0.06971153846153846 0.06490384615384616
0 0.18870192307692307 0.40024038461538464 0.0889423076923077 0.06490384615384616
0 0.09975961538461539 0.47836538461538464 0.05048076923076923 0.019230769230769232
0 0.2920673076923077 0.06129807692307692 0.05048076923076923 0.036057692307692304
0 0.46153846153846156 0.9891826923076923 0.0625 0.021634615384615384
0 0.9771634615384616 0.953125 0.04567307692307692 0.03125