0 0.29086538461538464 0.3870192307692308 0.04326923076923077 0.03365384615384615
0 0.4963942307692308 0.4110576923076923 0.06971153846153846 0.057692307692307696
0 0.2536057692307692 0.4326923076923077 0.040865384615384616 0.038461538461538464
0 0.41346153846153844 0.4362980769230769 0.04807692307692308 0.04567307692307692
0 0.24759615384615385 0.4831730769230769 0.04807692307692308 0.04326923076923077
0 0.4050480769230769 0.4831730769230769 0.05048076923076923 0.04326923076923077
0 0.4891826923076923 0.5 0.04567307692307692 0.057692307692307696
0 0.5492788461538461 0.5096153846153846 0.04567307692307692 0.052884615384615384
0 0.6995192307692307 0.5168269230769231 0.04807692307692308 0.04326923076923077
0 0.26802884615384615 0.5637019230769231 0.0889423076923077 0.06971153846153846
0 0.35336538461538464 0.5697115384615384 0.052884615384615384 0.04807692307692308
0 0.4795673076923077 0.5769230769230769 0.06009615384615385 0.052884615384615384
0 0.625 0.609375 0.052884615384615384 0.06009615384615385
0 0.6826923076923077 0.6213942307692307 0.0625 0.08413461538461539
0 0.28125 0.6310096153846154 0.057692307692307696 0.05048076923076923
0 0.5492788461538461 0.6358173076923077 0.06971153846153846 0.06490384615384616
0 0.4483173076923077 0.6526442307692307 0.0889423076923077 0.06490384615384616
0 0.359375 0.7524038461538461 0.05048076923076923 0.0625
0 0.2668269230769231 0.7992788461538461 0.038461538461538464 0.036057692307692304
0 0.5516826923076923 0.3137019230769231 0.05048076923076923 0.036057692307692304
0 0.3581730769230769 0.9819711538461539 0.052884615384615384 0.03125
0 0.2668269230769231 0.953125 0.038461538461538464 0.036057692307692304