0 0.040865384615384616 0.17427884615384615 0.038461538461538464 0.036057692307692304
0 0.23677884615384615 0.054086538461538464 0.04567307692307692 0.040865384615384616
0 0.040865384615384616 0.4675480769230769 0.038461538461538464 0.036057692307692304
0 0.9891826923076923 0.08774038461538461 0.021634615384615384 0.040865384615384616
0 0.984375 0.359375 0.03125 0.05048076923076923
0 0.28846153846153844 0.9182692307692307 0.04326923076923077 0.03365384615384615
0 0.4807692307692308 0.9266826923076923 0.03365384615384615 0.03125
0 0.43990384615384615 0.9747596153846154 0.0625 0.040865384615384616
0 0.32211538461538464 0.8209134615384616 0.057692307692307696 0.026442307692307692
0 0.3942307692307692 0.8401442307692307 0.052884615384615384 0.06009615384615385
0 0.390625 0.8485576923076923 0.05048076923076923 0.03365384615384615
0 0.27524038461538464 0.8641826923076923 0.036057692307692304 0.055288461538461536
0 0.41346153846153844 0.8894230769230769 0.0625 0.03365384615384615
0 0.3233173076923077 0.9002403846153846 0.036057692307692304 0.03125