0 0.41466346153846156 0.2956730769230769 0.0889423076923077 0.08653846153846154
0 0.3389423076923077 0.36778846153846156 0.0673076923076923 0.057692307692307696
0 0.42427884615384615 0.375 0.06009615384615385 0.057692307692307696
0 0.6262019230769231 0.3798076923076923 0.036057692307692304 0.02403846153846154
0 0.30408653846153844 0.9915865384615384 0.04567307692307692 0.016826923076923076
0 0.5853365384615384 0.4831730769230769 0.036057692307692304 0.009615384615384616
0 0.5420673076923077 0.4879807692307692 0.05048076923076923 0.019230769230769232
0 0.6634615384615384 0.49759615384615385 0.028846153846153848 0.038461538461538464
0 0.5276442307692307 0.5240384615384616 0.05048076923076923 0.04326923076923077
0 0.6310096153846154 0.5300480769230769 0.036057692307692304 0.026442307692307692
0 0.5072115384615384 0.5600961538461539 0.04326923076923077 0.028846153846153848
0 0.5072115384615384 0.6081730769230769 0.038461538461538464 0.04326923076923077
0 0.6574519230769231 0.6165865384615384 0.06971153846153846 0.05048076923076923
0 0.9771634615384616 0.6346153846153846 0.04567307692307692 0.057692307692307696
0 0.5384615384615384 0.6598557692307693 0.038461538461538464 0.04567307692307692
0 0.8353365384615384 0.7055288461538461 0.04567307692307692 0.05048076923076923