0 0.4639423076923077 0.5456730769230769 0.08173076923076923 0.08653846153846154
0 0.3545673076923077 0.5685096153846154 0.10336538461538461 0.0889423076923077
0 0.9350961538461539 0.4206730769230769 0.09134615384615384 0.1201923076923077
0 0.7139423076923077 0.44591346153846156 0.04807692307692308 0.07451923076923077
0 0.8341346153846154 0.45552884615384615 0.07211538461538461 0.06971153846153846
0 0.7740384615384616 0.6129807692307693 0.0673076923076923 0.057692307692307696
0 0.71875 0.6538461538461539 0.057692307692307696 0.052884615384615384
0 0.7247596153846154 0.18269230769230768 0.06971153846153846 0.052884615384615384
0 0.8485576923076923 0.22716346153846154 0.0673076923076923 0.06490384615384616
0 0.9122596153846154 0.23197115384615385 0.06009615384615385 0.06009615384615385
0 0.8341346153846154 0.33653846153846156 0.08653846153846154 0.07692307692307693
0 0.7247596153846154 0.038461538461538464 0.06971153846153846 0.052884615384615384
0 0.8485576923076923 0.014423076923076924 0.0673076923076923 0.028846153846153848
0 0.9122596153846154 0.010817307692307692 0.06009615384615385 0.021634615384615384