0 0.2548076923076923 0.010817307692307692 0.038461538461538464 0.021634615384615384
0 0.8449519230769231 0.15384615384615385 0.021634615384615384 0.02403846153846154
0 0.8725961538461539 0.203125 0.02403846153846154 0.021634615384615384
0 0.859375 0.22716346153846154 0.036057692307692304 0.036057692307692304
0 0.38822115384615385 0.6310096153846154 0.06009615384615385 0.036057692307692304
0 0.09254807692307693 0.7091346153846154 0.09375 0.07692307692307693
0 0.3858173076923077 0.5769230769230769 0.036057692307692304 0.038461538461538464
0 0.9326923076923077 0.421875 0.03365384615384615 0.026442307692307692
0 0.9387019230769231 0.5168269230769231 0.03125 0.028846153846153848
0 0.9242788461538461 0.84375 0.026442307692307692 0.019230769230769232
0 0.8846153846153846 0.8557692307692307 0.04326923076923077 0.028846153846153848
0 0.6790865384615384 0.9170673076923077 0.026442307692307692 0.021634615384615384