0 0.7175480769230769 0.3449519230769231 0.06009615384615385 0.04567307692307692
0 0.25 0.4014423076923077 0.0625 0.0625
0 0.33653846153846156 0.44471153846153844 0.03365384615384615 0.038461538461538464
0 0.41947115384615385 0.5144230769230769 0.04567307692307692 0.038461538461538464
0 0.4807692307692308 0.5300480769230769 0.03365384615384615 0.03125
0 0.5288461538461539 0.5336538461538461 0.038461538461538464 0.038461538461538464
0 0.3798076923076923 0.5817307692307693 0.038461538461538464 0.038461538461538464
0 0.12139423076923077 0.23918269230769232 0.04567307692307692 0.040865384615384616
0 0.25600961538461536 0.25240384615384615 0.040865384615384616 0.04807692307692308
0 0.7175480769230769 0.056490384615384616 0.06009615384615385 0.04567307692307692
0 0.2512019230769231 0.015625 0.06490384615384616 0.03125
0 0.12139423076923077 0.1622596153846154 0.04567307692307692 0.040865384615384616
0 0.25600961538461536 0.1466346153846154 0.040865384615384616 0.04807692307692308