0 0.3858173076923077 0.3125 0.036057692307692304 0.028846153846153848
0 0.46274038461538464 0.3401442307692308 0.04567307692307692 0.036057692307692304
0 0.4170673076923077 0.3737980769230769 0.04567307692307692 0.040865384615384616
0 0.46875 0.4387019230769231 0.038461538461538464 0.036057692307692304
0 0.4375 0.4567307692307692 0.0673076923076923 0.03365384615384615
0 0.28125 0.5192307692307693 0.0673076923076923 0.04326923076923077
0 0.3557692307692308 0.5360576923076923 0.04326923076923077 0.03365384615384615
0 0.47475961538461536 0.14783653846153846 0.026442307692307692 0.036057692307692304
0 0.44591346153846156 0.2247596153846154 0.05048076923076923 0.036057692307692304
0 0.39302884615384615 0.28125 0.05048076923076923 0.028846153846153848
0 0.5961538461538461 0.5252403846153846 0.03365384615384615 0.03125
0 0.4579326923076923 0.625 0.04567307692307692 0.014423076923076924
0 0.22596153846153846 0.6730769230769231 0.057692307692307696 0.052884615384615384
0 0.9615384615384616 0.9723557692307693 0.07692307692307693 0.055288461538461536
0 0.9278846153846154 0.703125 0.09134615384615384 0.06971153846153846
0 0.8052884615384616 0.8161057692307693 0.0673076923076923 0.05048076923076923
0 0.9278846153846154 0.6418269230769231 0.09134615384615384 0.04807692307692308