0 0.5625 0.43990384615384615 0.03365384615384615 0.028846153846153848
0 0.3605769230769231 0.4423076923076923 0.04326923076923077 0.04326923076923077
0 0.4699519230769231 0.453125 0.03125 0.03125
0 0.4050480769230769 0.5096153846153846 0.021634615384615384 0.02403846153846154
0 0.13942307692307693 0.5192307692307693 0.038461538461538464 0.03365384615384615
0 0.5336538461538461 0.5360576923076923 0.028846153846153848 0.028846153846153848
0 0.13221153846153846 0.5408653846153846 0.02403846153846154 0.02403846153846154
0 0.5853365384615384 0.5552884615384616 0.040865384615384616 0.03365384615384615
0 0.15144230769230768 0.5576923076923077 0.02403846153846154 0.019230769230769232
0 0.1935096153846154 0.5661057692307693 0.036057692307692304 0.036057692307692304
0 0.4483173076923077 0.5661057692307693 0.03125 0.036057692307692304
0 0.36899038461538464 0.5697115384615384 0.040865384615384616 0.03365384615384615
0 0.19831730769230768 0.7596153846153846 0.040865384615384616 0.04807692307692308
0 0.5649038461538461 0.7596153846153846 0.052884615384615384 0.04326923076923077
0 0.125 0.7680288461538461 0.052884615384615384 0.05048076923076923
0 0.4326923076923077 0.3762019230769231 0.038461538461538464 0.036057692307692304
0 0.19831730769230768 0.9038461538461539 0.040865384615384616 0.04807692307692308
0 0.5649038461538461 0.9038461538461539 0.052884615384615384 0.04326923076923077
0 0.125 0.8978365384615384 0.052884615384615384 0.05048076923076923