0 0.296875 0.44711538461538464 0.036057692307692304 0.028846153846153848
0 0.3737980769230769 0.47475961538461536 0.04567307692307692 0.036057692307692304
0 0.328125 0.5084134615384616 0.04567307692307692 0.040865384615384616
0 0.3798076923076923 0.5733173076923077 0.038461538461538464 0.036057692307692304
0 0.3485576923076923 0.5913461538461539 0.0673076923076923 0.03365384615384615
0 0.19230769230769232 0.6538461538461539 0.0673076923076923 0.04326923076923077
0 0.2668269230769231 0.6706730769230769 0.04326923076923077 0.03365384615384615
0 0.3858173076923077 0.2824519230769231 0.026442307692307692 0.036057692307692304
0 0.35697115384615385 0.359375 0.05048076923076923 0.036057692307692304
0 0.30408653846153844 0.41586538461538464 0.05048076923076923 0.028846153846153848
0 0.7848557692307693 0.16826923076923078 0.04567307692307692 0.038461538461538464
0 0.45913461538461536 0.6694711538461539 0.028846153846153848 0.04567307692307692
0 0.8317307692307693 0.9771634615384616 0.0625 0.04567307692307692
0 0.6778846153846154 0.7584134615384616 0.0625 0.040865384615384616