0 0.6694711538461539 0.2620192307692308 0.03125 0.028846153846153848
0 0.8028846153846154 0.4411057692307692 0.03365384615384615 0.040865384615384616
0 0.34134615384615385 0.9266826923076923 0.03365384615384615 0.040865384615384616
0 0.19951923076923078 0.6189903846153846 0.052884615384615384 0.040865384615384616
0 0.8305288461538461 0.8161057692307693 0.036057692307692304 0.05048076923076923
0 0.8581730769230769 0.8233173076923077 0.057692307692307696 0.05048076923076923
0 0.7884615384615384 0.84375 0.038461538461538464 0.052884615384615384
0 0.7836538461538461 0.8894230769230769 0.052884615384615384 0.03365384615384615
0 0.6382211538461539 0.9170673076923077 0.04567307692307692 0.040865384615384616
0 0.8052884615384616 0.9314903846153846 0.057692307692307696 0.05048076923076923
0 0.7620192307692307 0.9603365384615384 0.04807692307692308 0.04567307692307692
0 0.703125 0.9867788461538461 0.055288461538461536 0.026442307692307692
0 0.6346153846153846 0.8088942307692307 0.038461538461538464 0.036057692307692304