0 0.6262019230769231 0.5360576923076923 0.05048076923076923 0.04807692307692308
0 0.4699519230769231 0.5384615384615384 0.036057692307692304 0.028846153846153848
0 0.546875 0.5661057692307693 0.04567307692307692 0.036057692307692304
0 0.8173076923076923 0.5709134615384616 0.057692307692307696 0.040865384615384616
0 0.6394230769230769 0.578125 0.04326923076923077 0.040865384615384616
0 0.5012019230769231 0.5997596153846154 0.04567307692307692 0.040865384615384616
0 0.609375 0.6189903846153846 0.04567307692307692 0.021634615384615384
0 0.8882211538461539 0.6418269230769231 0.06009615384615385 0.04807692307692308
0 0.5528846153846154 0.6646634615384616 0.038461538461538464 0.036057692307692304
0 0.5216346153846154 0.6826923076923077 0.0673076923076923 0.03365384615384615
0 0.36538461538461536 0.7451923076923077 0.0673076923076923 0.04326923076923077
0 0.43990384615384615 0.7620192307692307 0.04326923076923077 0.03365384615384615
0 0.8725961538461539 0.7668269230769231 0.038461538461538464 0.04807692307692308
0 0.5685096153846154 0.3737980769230769 0.04567307692307692 0.036057692307692304
0 0.6454326923076923 0.4338942307692308 0.06009615384615385 0.055288461538461536
0 0.5300480769230769 0.45072115384615385 0.05048076923076923 0.036057692307692304
0 0.8834134615384616 0.4519230769230769 0.05048076923076923 0.04807692307692308
0 0.7860576923076923 0.48197115384615385 0.0673076923076923 0.055288461538461536
0 0.9098557692307693 0.48197115384615385 0.04567307692307692 0.026442307692307692
0 0.47716346153846156 0.5072115384615384 0.05048076923076923 0.028846153846153848
0 0.5540865384615384 0.9891826923076923 0.040865384615384616 0.016826923076923076
0 0.5216346153846154 0.9807692307692307 0.0673076923076923 0.03365384615384615
0 0.36538461538461536 0.9182692307692307 0.0673076923076923 0.04326923076923077
0 0.43990384615384615 0.9014423076923077 0.04326923076923077 0.03365384615384615
0 0.8725961538461539 0.8966346153846154 0.038461538461538464 0.04807692307692308