0 0.015625 0.21153846153846154 0.03125 0.03365384615384615
0 0.008413461538461538 0.41586538461538464 0.016826923076923076 0.04326923076923077
0 0.9855769230769231 0.04326923076923077 0.028846153846153848 0.04326923076923077
0 0.984375 0.11538461538461539 0.03125 0.052884615384615384
0 0.953125 0.13822115384615385 0.05048076923076923 0.05048076923076923
0 0.9314903846153846 0.17067307692307693 0.03125 0.04326923076923077
0 0.22956730769230768 0.8894230769230769 0.026442307692307692 0.028846153846153848
0 0.4519230769230769 0.6778846153846154 0.038461538461538464 0.03365384615384615
0 0.8858173076923077 0.7355769230769231 0.040865384615384616 0.04326923076923077
0 0.8653846153846154 0.78125 0.03365384615384615 0.03365384615384615
0 0.38341346153846156 0.8161057692307693 0.055288461538461536 0.04567307692307692
0 0.6850961538461539 0.8413461538461539 0.03365384615384615 0.052884615384615384
0 0.5036057692307693 0.9807692307692307 0.04567307692307692 0.038461538461538464