0 0.006009615384615385 0.5240384615384616 0.01201923076923077 0.057692307692307696
0 0.03125 0.546875 0.04807692307692308 0.055288461538461536
0 0.03485576923076923 0.5877403846153846 0.06971153846153846 0.08413461538461539
0 0.5745192307692307 0.26802884615384615 0.02403846153846154 0.03125
0 0.5180288461538461 0.30528846153846156 0.026442307692307692 0.028846153846153848
0 0.5649038461538461 0.3233173076923077 0.02403846153846154 0.026442307692307692
0 0.46033653846153844 0.009615384615384616 0.026442307692307692 0.019230769230769232
0 0.4338942307692308 0.009615384615384616 0.016826923076923076 0.014423076923076924
0 0.24519230769230768 0.6334134615384616 0.057692307692307696 0.007211538461538462
0 0.17307692307692307 0.6514423076923077 0.052884615384615384 0.04326923076923077
0 0.17908653846153846 0.6526442307692307 0.05048076923076923 0.036057692307692304
0 0.2920673076923077 0.6658653846153846 0.03125 0.057692307692307696
0 0.15384615384615385 0.6935096153846154 0.0625 0.036057692307692304
0 0.24639423076923078 0.7019230769230769 0.036057692307692304 0.03365384615384615
0 0.27884615384615385 0.7223557692307693 0.04326923076923077 0.036057692307692304
0 0.08653846153846154 0.7283653846153846 0.03365384615384615 0.03365384615384615
0 0.20552884615384615 0.8401442307692307 0.06971153846153846 0.06009615384615385
0 0.16466346153846154 0.8894230769230769 0.08413461538461539 0.0673076923076923
0 0.7920673076923077 0.7956730769230769 0.06009615384615385 0.04807692307692308
0 0.9483173076923077 0.8425480769230769 0.036057692307692304 0.04567307692307692
0 0.6838942307692307 0.8653846153846154 0.036057692307692304 0.03365384615384615
0 0.7367788461538461 0.8894230769230769 0.07932692307692307 0.04326923076923077
0 0.9639423076923077 0.9290865384615384 0.04326923076923077 0.040865384615384616
0 0.7103365384615384 0.9350961538461539 0.05048076923076923 0.03365384615384615
0 0.8617788461538461 0.7632211538461539 0.04567307692307692 0.03125
0 0.7920673076923077 0.6850961538461539 0.06009615384615385 0.04807692307692308
0 0.9471153846153846 0.6466346153846154 0.038461538461538464 0.03365384615384615
0 0.6826923076923077 0.6322115384615384 0.038461538461538464 0.004807692307692308
0 0.8617788461538461 0.7199519230769231 0.04567307692307692 0.03125