0 0.421875 0.06490384615384616 0.06009615384615385 0.057692307692307696
0 0.019230769230769232 0.1502403846153846 0.038461538461538464 0.13221153846153846
0 0.29086538461538464 0.2644230769230769 0.0673076923076923 0.057692307692307696
0 0.2920673076923077 0.34375 0.12259615384615384 0.08173076923076923
0 0.06610576923076923 0.36899038461538464 0.0985576923076923 0.06009615384615385
0 0.5336538461538461 0.4266826923076923 0.11057692307692307 0.10336538461538461
0 0.3786057692307692 0.43149038461538464 0.13221153846153846 0.09375
0 0.2283653846153846 0.4579326923076923 0.15384615384615385 0.11298076923076923
0 0.6322115384615384 0.49278846153846156 0.07211538461538461 0.11538461538461539
0 0.36778846153846156 0.5336538461538461 0.1346153846153846 0.09134615384615384
0 0.009615384615384616 0.5649038461538461 0.019230769230769232 0.03365384615384615
0 0.4831730769230769 0.5853365384615384 0.07692307692307693 0.06009615384615385
0 0.6069711538461539 0.6057692307692307 0.036057692307692304 0.038461538461538464
0 0.6057692307692307 0.7199519230769231 0.038461538461538464 0.016826923076923076
0 0.984375 0.22355769230769232 0.03125 0.052884615384615384
0 0.9230769230769231 0.22716346153846154 0.052884615384615384 0.05048076923076923
0 0.6971153846153846 0.25240384615384615 0.057692307692307696 0.057692307692307696
0 0.7932692307692307 0.01201923076923077 0.08653846153846154 0.02403846153846154
0 0.9182692307692307 0.1141826923076923 0.08653846153846154 0.11778846153846154
0 0.6105769230769231 0.7427884615384616 0.0625 0.028846153846153848
0 0.49158653846153844 0.7884615384615384 0.055288461538461536 0.04807692307692308
0 0.41346153846153844 0.8509615384615384 0.038461538461538464 0.04326923076923077
0 0.578125 0.8701923076923077 0.036057692307692304 0.04326923076923077
0 0.46033653846153844 0.7415865384615384 0.05048076923076923 0.026442307692307692