0 0.5372596153846154 0.3317307692307692 0.06009615384615385 0.057692307692307696
0 0.09014423076923077 0.4170673076923077 0.12740384615384615 0.13221153846153846
0 0.40625 0.53125 0.0673076923076923 0.057692307692307696
0 0.4074519230769231 0.6105769230769231 0.12259615384615384 0.08173076923076923
0 0.1814903846153846 0.6358173076923077 0.0985576923076923 0.06009615384615385
0 0.6490384615384616 0.6935096153846154 0.11057692307692307 0.10336538461538461
0 0.49399038461538464 0.6983173076923077 0.13221153846153846 0.09375
0 0.34375 0.7247596153846154 0.15384615384615385 0.11298076923076923
0 0.7824519230769231 0.7596153846153846 0.14182692307692307 0.11538461538461539
0 0.4831730769230769 0.8004807692307693 0.1346153846153846 0.09134615384615384
0 0.10216346153846154 0.8317307692307693 0.06490384615384616 0.03365384615384615
0 0.5985576923076923 0.8521634615384616 0.07692307692307693 0.06009615384615385
0 0.7223557692307693 0.8725961538461539 0.036057692307692304 0.038461538461538464
0 0.7211538461538461 0.9879807692307693 0.038461538461538464 0.019230769230769232