0 0.15865384615384615 0.0889423076923077 0.0673076923076923 0.057692307692307696
0 0.15985576923076922 0.16826923076923078 0.12259615384615384 0.08173076923076923
0 0.4014423076923077 0.2512019230769231 0.11057692307692307 0.10336538461538461
0 0.24639423076923078 0.25600961538461536 0.13221153846153846 0.09375
0 0.09615384615384616 0.2824519230769231 0.15384615384615385 0.11298076923076923
0 0.5348557692307693 0.30408653846153844 0.14182692307692307 0.0889423076923077
0 0.23557692307692307 0.33052884615384615 0.1346153846153846 0.036057692307692304
0 0.8557692307692307 0.296875 0.08653846153846154 0.10336538461538461
0 0.2956730769230769 0.7367788461538461 0.07692307692307693 0.055288461538461536
0 0.35336538461538464 0.84375 0.11057692307692307 0.07692307692307693
0 0.4254807692307692 0.6177884615384616 0.07211538461538461 0.057692307692307696
0 0.7355769230769231 0.6201923076923077 0.052884615384615384 0.028846153846153848
0 0.9903846153846154 0.6490384615384616 0.019230769230769232 0.052884615384615384
0 0.7463942307692307 0.4206730769230769 0.036057692307692304 0.03365384615384615
0 0.8689903846153846 0.43028846153846156 0.026442307692307692 0.028846153846153848
0 0.7163461538461539 0.4326923076923077 0.038461538461538464 0.028846153846153848
0 0.9675480769230769 0.43990384615384615 0.026442307692307692 0.028846153846153848
0 0.8040865384615384 0.46153846153846156 0.036057692307692304 0.03365384615384615
0 0.6514423076923077 0.4675480769230769 0.038461538461538464 0.036057692307692304
0 0.875 0.35336538461538464 0.028846153846153848 0.009615384615384616
0 0.6887019230769231 0.4723557692307692 0.026442307692307692 0.026442307692307692
0 0.7175480769230769 0.49399038461538464 0.026442307692307692 0.026442307692307692
0 0.6875 0.4951923076923077 0.028846153846153848 0.028846153846153848
0 0.7295673076923077 0.5228365384615384 0.05048076923076923 0.036057692307692304