0 0.3545673076923077 0.1814903846153846 0.05048076923076923 0.03125
0 0.2704326923076923 0.18389423076923078 0.04567307692307692 0.03125
0 0.3485576923076923 0.21754807692307693 0.052884615384615384 0.040865384615384616
0 0.5444711538461539 0.2512019230769231 0.040865384615384616 0.026442307692307692
0 0.28725961538461536 0.2512019230769231 0.036057692307692304 0.03125
0 0.5108173076923077 0.44711538461538464 0.036057692307692304 0.028846153846153848
0 0.34375 0.020432692307692308 0.052884615384615384 0.03125
0 0.2956730769230769 0.025240384615384616 0.04326923076923077 0.036057692307692304
0 0.3425480769230769 0.06009615384615385 0.06009615384615385 0.04326923076923077
0 0.4567307692307692 0.09975961538461539 0.052884615384615384 0.05048076923076923
0 0.9747596153846154 0.7584134615384616 0.05048076923076923 0.026442307692307692