0 0.39783653846153844 0.41225961538461536 0.05048076923076923 0.03125
0 0.3137019230769231 0.41466346153846156 0.04567307692307692 0.03125
0 0.3918269230769231 0.4483173076923077 0.052884615384615384 0.040865384615384616
0 0.5877403846153846 0.48197115384615385 0.040865384615384616 0.026442307692307692
0 0.33052884615384615 0.48197115384615385 0.036057692307692304 0.03125
0 0.5540865384615384 0.6778846153846154 0.036057692307692304 0.028846153846153848
0 0.2800480769230769 0.17427884615384615 0.03125 0.040865384615384616
0 0.3425480769230769 0.18389423076923078 0.04567307692307692 0.03125
0 0.5432692307692307 0.20552884615384615 0.03365384615384615 0.03125
0 0.3870192307692308 0.2512019230769231 0.052884615384615384 0.03125
0 0.3389423076923077 0.25600961538461536 0.04326923076923077 0.036057692307692304
0 0.3858173076923077 0.29086538461538464 0.06009615384615385 0.04326923076923077
0 0.6574519230769231 0.30528846153846156 0.036057692307692304 0.03365384615384615
0 0.5 0.33052884615384615 0.052884615384615384 0.05048076923076923
0 0.2800480769230769 0.04927884615384615 0.03125 0.040865384615384616
0 0.3425480769230769 0.039663461538461536 0.04567307692307692 0.03125
0 0.5432692307692307 0.018028846153846152 0.03365384615384615 0.03125