0 0.8185096153846154 0.11538461538461539 0.06971153846153846 0.0625
0 0.7764423076923077 0.11778846153846154 0.0625 0.0625
0 0.9350961538461539 0.14543269230769232 0.052884615384615384 0.04567307692307692
0 0.9206730769230769 0.17307692307692307 0.038461538461538464 0.028846153846153848
0 0.6802884615384616 0.20793269230769232 0.0625 0.05048076923076923
0 0.9146634615384616 0.21634615384615385 0.04567307692307692 0.03365384615384615
0 0.8173076923076923 0.234375 0.057692307692307696 0.036057692307692304
0 0.8617788461538461 0.265625 0.04567307692307692 0.04567307692307692
0 0.6153846153846154 0.29086538461538464 0.052884615384615384 0.052884615384615384
0 0.5889423076923077 0.35216346153846156 0.0673076923076923 0.05048076923076923
0 0.3389423076923077 0.4375 0.038461538461538464 0.052884615384615384
0 0.3629807692307692 0.4795673076923077 0.0673076923076923 0.04567307692307692
0 0.734375 0.055288461538461536 0.06971153846153846 0.0673076923076923
0 0.5576923076923077 0.9591346153846154 0.04326923076923077 0.052884615384615384