0 0.18509615384615385 0.19230769230769232 0.0625 0.07211538461538461
0 0.1141826923076923 0.2956730769230769 0.07451923076923077 0.07692307692307693
0 0.29447115384615385 0.3401442307692308 0.06490384615384616 0.06490384615384616
0 0.140625 0.09254807692307693 0.10336538461538461 0.07932692307692307
0 0.7283653846153846 0.24639423076923078 0.028846153846153848 0.026442307692307692
0 0.7427884615384616 0.3918269230769231 0.02403846153846154 0.019230769230769232
0 0.10817307692307693 0.8125 0.04326923076923077 0.03365384615384615
0 0.3137019230769231 0.8365384615384616 0.06971153846153846 0.057692307692307696
0 0.07091346153846154 0.8581730769230769 0.040865384615384616 0.038461538461538464
0 0.23076923076923078 0.8617788461538461 0.04807692307692308 0.04567307692307692
0 0.06490384615384616 0.9086538461538461 0.04807692307692308 0.04326923076923077
0 0.22235576923076922 0.9086538461538461 0.05048076923076923 0.04326923076923077
0 0.30649038461538464 0.9254807692307693 0.04567307692307692 0.057692307692307696
0 0.36658653846153844 0.9350961538461539 0.04567307692307692 0.052884615384615384
0 0.5168269230769231 0.9423076923076923 0.04807692307692308 0.04326923076923077
0 0.08533653846153846 0.9771634615384616 0.0889423076923077 0.04567307692307692
0 0.17067307692307693 0.9855769230769231 0.052884615384615384 0.028846153846153848
0 0.296875 0.9879807692307693 0.06009615384615385 0.02403846153846154
0 0.36899038461538464 0.7391826923076923 0.05048076923076923 0.036057692307692304
0 0.9735576923076923 0.7860576923076923 0.04326923076923077 0.038461538461538464
0 0.8689903846153846 0.8161057692307693 0.05048076923076923 0.05048076923076923
0 0.9615384615384616 0.8509615384615384 0.028846153846153848 0.038461538461538464
0 0.9098557692307693 0.8762019230769231 0.036057692307692304 0.04567307692307692
0 0.9891826923076923 0.8834134615384616 0.021634615384615384 0.026442307692307692
0 0.9675480769230769 0.9699519230769231 0.06490384615384616 0.05048076923076923
0 0.8377403846153846 0.6802884615384616 0.036057692307692304 0.038461538461538464
0 0.9879807692307693 0.7067307692307693 0.02403846153846154 0.052884615384615384
0 0.9891826923076923 0.7632211538461539 0.021634615384615384 0.05048076923076923