0 0.037259615384615384 0.20793269230769232 0.04567307692307692 0.04567307692307692
0 0.36177884615384615 0.21875 0.040865384615384616 0.04807692307692308
0 0.2439903846153846 0.24639423076923078 0.040865384615384616 0.040865384615384616
0 0.1814903846153846 0.30408653846153844 0.04567307692307692 0.06009615384615385
0 0.65625 0.015625 0.052884615384615384 0.03125
0 0.5372596153846154 0.15985576923076922 0.016826923076923076 0.06009615384615385
0 0.8870192307692307 0.3581730769230769 0.07692307692307693 0.0625
0 0.6442307692307693 0.7319711538461539 0.028846153846153848 0.036057692307692304
0 0.7127403846153846 0.8461538461538461 0.10336538461538461 0.07692307692307693
0 0.7848557692307693 0.9663461538461539 0.06971153846153846 0.057692307692307696
0 0.8978365384615384 0.9699519230769231 0.07451923076923077 0.06009615384615385
0 0.6862980769230769 0.9807692307692307 0.11778846153846154 0.038461538461538464
0 0.7776442307692307 0.6262019230769231 0.08413461538461539 0.016826923076923076
0 0.6899038461538461 0.6442307692307693 0.038461538461538464 0.03365384615384615
0 0.6141826923076923 0.6790865384615384 0.036057692307692304 0.026442307692307692