0 0.21634615384615385 0.3317307692307692 0.02403846153846154 0.019230769230769232
0 0.039663461538461536 0.3389423076923077 0.036057692307692304 0.03365384615384615
0 0.15745192307692307 0.3389423076923077 0.016826923076923076 0.019230769230769232
0 0.013221153846153846 0.3918269230769231 0.026442307692307692 0.028846153846153848
0 0.33653846153846156 0.41225961538461536 0.028846153846153848 0.026442307692307692
0 0.2956730769230769 0.4254807692307692 0.028846153846153848 0.03365384615384615
0 0.1201923076923077 0.4266826923076923 0.04326923076923077 0.026442307692307692
0 0.32572115384615385 0.4579326923076923 0.036057692307692304 0.036057692307692304
0 0.27403846153846156 0.4891826923076923 0.028846153846153848 0.026442307692307692
0 0.4182692307692308 0.5216346153846154 0.028846153846153848 0.028846153846153848
0 0.2824519230769231 0.09495192307692307 0.021634615384615384 0.026442307692307692
0 0.1502403846153846 0.11899038461538461 0.021634615384615384 0.021634615384615384
0 0.2536057692307692 0.13341346153846154 0.021634615384615384 0.021634615384615384
0 0.23677884615384615 0.1466346153846154 0.016826923076923076 0.019230769230769232
0 0.30528846153846156 0.15504807692307693 0.02403846153846154 0.021634615384615384
0 0.04807692307692308 0.15625 0.028846153846153848 0.028846153846153848
0 0.28365384615384615 0.17427884615384615 0.028846153846153848 0.021634615384615384
0 0.2848557692307692 0.20673076923076922 0.021634615384615384 0.019230769230769232
0 0.19591346153846154 0.22355769230769232 0.021634615384615384 0.014423076923076924
0 0.2704326923076923 0.23798076923076922 0.016826923076923076 0.014423076923076924
0 0.1310096153846154 0.25 0.03125 0.028846153846153848
0 0.19831730769230768 0.25721153846153844 0.021634615384615384 0.019230769230769232
0 0.2403846153846154 0.2608173076923077 0.019230769230769232 0.03125
0 0.296875 0.27163461538461536 0.021634615384615384 0.019230769230769232
0 0.3629807692307692 0.27163461538461536 0.02403846153846154 0.028846153846153848
0 0.9567307692307693 0.19471153846153846 0.04326923076923077 0.03365384615384615
0 0.984375 0.20072115384615385 0.03125 0.06490384615384616
0 0.9963942307692307 0.24158653846153846 0.007211538461538462 0.03125
0 0.9314903846153846 0.29927884615384615 0.05048076923076923 0.04567307692307692
0 0.9134615384615384 0.8317307692307693 0.052884615384615384 0.057692307692307696
0 0.9242788461538461 0.9254807692307693 0.040865384615384616 0.04326923076923077
0 0.9927884615384616 0.9891826923076923 0.014423076923076924 0.021634615384615384