0 0.32091346153846156 0.36538461538461536 0.036057692307692304 0.03365384615384615
0 0.4170673076923077 0.38461538461538464 0.036057692307692304 0.03365384615384615
0 0.3894230769230769 0.4375 0.028846153846153848 0.028846153846153848
0 0.33533653846153844 0.4723557692307692 0.036057692307692304 0.026442307692307692
0 0.30528846153846156 0.5036057692307693 0.02403846153846154 0.036057692307692304
0 0.33533653846153844 0.5288461538461539 0.036057692307692304 0.03365384615384615
0 0.24879807692307693 0.5697115384615384 0.026442307692307692 0.028846153846153848
0 0.24158653846153846 0.6045673076923077 0.036057692307692304 0.007211538461538462
0 0.4254807692307692 0.20192307692307693 0.028846153846153848 0.028846153846153848
0 0.6081730769230769 0.15865384615384615 0.038461538461538464 0.028846153846153848
0 0.49158653846153844 0.28725961538461536 0.026442307692307692 0.026442307692307692
0 0.10336538461538461 0.8221153846153846 0.038461538461538464 0.03365384615384615
0 0.24879807692307693 0.8581730769230769 0.03125 0.03365384615384615
0 0.7560096153846154 0.8822115384615384 0.055288461538461536 0.038461538461538464