0 0.33052884615384615 0.4519230769230769 0.036057692307692304 0.03365384615384615
0 0.6033653846153846 0.4639423076923077 0.02403846153846154 0.019230769230769232
0 0.4266826923076923 0.47115384615384615 0.036057692307692304 0.03365384615384615
0 0.5444711538461539 0.47115384615384615 0.016826923076923076 0.019230769230769232
0 0.39903846153846156 0.5240384615384616 0.028846153846153848 0.028846153846153848
0 0.7235576923076923 0.5444711538461539 0.028846153846153848 0.026442307692307692
0 0.3449519230769231 0.5588942307692307 0.036057692307692304 0.026442307692307692
0 0.6826923076923077 0.5576923076923077 0.028846153846153848 0.03365384615384615
0 0.5072115384615384 0.5588942307692307 0.04326923076923077 0.026442307692307692
0 0.31490384615384615 0.5901442307692307 0.02403846153846154 0.036057692307692304
0 0.7127403846153846 0.5901442307692307 0.036057692307692304 0.036057692307692304
0 0.3449519230769231 0.6153846153846154 0.036057692307692304 0.03365384615384615
0 0.6610576923076923 0.6213942307692307 0.028846153846153848 0.026442307692307692
0 0.8052884615384616 0.6538461538461539 0.028846153846153848 0.028846153846153848
0 0.25841346153846156 0.65625 0.026442307692307692 0.028846153846153848
0 0.2512019230769231 0.7043269230769231 0.036057692307692304 0.03365384615384615
0 0.6694711538461539 0.22716346153846154 0.021634615384615384 0.026442307692307692
0 0.24879807692307693 0.7824519230769231 0.036057692307692304 0.026442307692307692
0 0.5372596153846154 0.2512019230769231 0.021634615384615384 0.021634615384615384
0 0.640625 0.265625 0.021634615384615384 0.021634615384615384
0 0.6237980769230769 0.27884615384615385 0.016826923076923076 0.019230769230769232
0 0.6923076923076923 0.28725961538461536 0.02403846153846154 0.021634615384615384
0 0.43509615384615385 0.28846153846153844 0.028846153846153848 0.028846153846153848
0 0.6706730769230769 0.30649038461538464 0.028846153846153848 0.021634615384615384
0 0.671875 0.3389423076923077 0.021634615384615384 0.019230769230769232
0 0.5829326923076923 0.3557692307692308 0.021634615384615384 0.014423076923076924
0 0.6574519230769231 0.3701923076923077 0.016826923076923076 0.014423076923076924
0 0.5180288461538461 0.38221153846153844 0.03125 0.028846153846153848
0 0.5853365384615384 0.3894230769230769 0.021634615384615384 0.019230769230769232
0 0.6274038461538461 0.39302884615384615 0.019230769230769232 0.03125
0 0.6838942307692307 0.40384615384615385 0.021634615384615384 0.019230769230769232
0 0.75 0.40384615384615385 0.02403846153846154 0.028846153846153848
0 0.2512019230769231 0.9591346153846154 0.036057692307692304 0.03365384615384615
0 0.6694711538461539 0.11177884615384616 0.021634615384615384 0.026442307692307692
0 0.24879807692307693 0.8834134615384616 0.036057692307692304 0.026442307692307692
0 0.5372596153846154 0.08774038461538461 0.021634615384615384 0.021634615384615384
0 0.640625 0.0733173076923077 0.021634615384615384 0.021634615384615384
0 0.6237980769230769 0.057692307692307696 0.016826923076923076 0.019230769230769232
0 0.6923076923076923 0.051682692307692304 0.02403846153846154 0.021634615384615384
0 0.43509615384615385 0.04807692307692308 0.028846153846153848 0.028846153846153848
0 0.6706730769230769 0.03245192307692308 0.028846153846153848 0.021634615384615384
0 0.6706730769230769 0.004807692307692308 0.02403846153846154 0.009615384615384616