0 0.08413461538461539 0.2800480769230769 0.12980769230769232 0.11778846153846154
0 0.22596153846153846 0.11298076923076923 0.0673076923076923 0.10576923076923077
0 0.16105769230769232 0.11658653846153846 0.07211538461538461 0.07932692307692307
0 0.10817307692307693 0.15745192307692307 0.08173076923076923 0.0889423076923077
0 0.5360576923076923 0.3329326923076923 0.04807692307692308 0.01201923076923077
0 0.14543269230769232 0.49399038461538464 0.0889423076923077 0.06971153846153846
0 0.015625 0.5817307692307693 0.03125 0.08653846153846154
0 0.09615384615384616 0.6418269230769231 0.038461538461538464 0.038461538461538464
0 0.036057692307692304 0.6598557692307693 0.038461538461538464 0.036057692307692304
0 0.19831730769230768 0.6935096153846154 0.07451923076923077 0.06971153846153846
0 0.015625 0.3894230769230769 0.03125 0.052884615384615384
0 0.140625 0.41225961538461536 0.06490384615384616 0.06490384615384616
0 0.02283653846153846 0.4387019230769231 0.04567307692307692 0.04567307692307692