0 0.07932692307692307 0.09735576923076923 0.12980769230769232 0.12259615384615384
0 0.3473557692307692 0.12259615384615384 0.07932692307692307 0.0673076923076923
0 0.21514423076923078 0.234375 0.13221153846153846 0.11778846153846154
0 0.5528846153846154 0.2644230769230769 0.09134615384615384 0.11057692307692307
0 0.14903846153846154 0.28966346153846156 0.07692307692307693 0.07451923076923077
0 0.054086538461538464 0.4567307692307692 0.10817307692307693 0.11538461538461539
0 0.40865384615384615 0.46153846153846156 0.0625 0.057692307692307696
0 0.24759615384615385 0.47596153846153844 0.08173076923076923 0.057692307692307696
0 0.3798076923076923 0.5144230769230769 0.07692307692307693 0.0625
0 0.22115384615384615 0.5637019230769231 0.08173076923076923 0.08413461538461539
0 0.5769230769230769 0.019230769230769232 0.04326923076923077 0.038461538461538464
0 0.9086538461538461 0.17548076923076922 0.0673076923076923 0.08653846153846154
0 0.17908653846153846 0.6490384615384616 0.05048076923076923 0.019230769230769232
0 0.13822115384615385 0.6694711538461539 0.05048076923076923 0.04567307692307692
0 0.5853365384615384 0.6935096153846154 0.026442307692307692 0.05048076923076923
0 0.5516826923076923 0.8822115384615384 0.06009615384615385 0.0673076923076923
0 0.6923076923076923 0.9819711538461539 0.052884615384615384 0.036057692307692304