0 0.5673076923076923 0.25721153846153844 0.11057692307692307 0.09615384615384616
0 0.7307692307692307 0.32572115384615385 0.12980769230769232 0.12259615384615384
0 0.4651442307692308 0.34615384615384615 0.07932692307692307 0.0673076923076923
0 0.5973557692307693 0.46274038461538464 0.13221153846153846 0.11778846153846154
0 0.2283653846153846 0.49278846153846156 0.14903846153846154 0.11057692307692307
0 0.6610576923076923 0.5180288461538461 0.07692307692307693 0.07451923076923077
0 0.7668269230769231 0.6850961538461539 0.12980769230769232 0.11538461538461539
0 0.4014423076923077 0.6899038461538461 0.0625 0.057692307692307696
0 0.5625 0.7043269230769231 0.08173076923076923 0.057692307692307696
0 0.2980769230769231 0.7211538461538461 0.07211538461538461 0.052884615384615384
0 0.43028846153846156 0.7427884615384616 0.07692307692307693 0.0625
0 0.04807692307692308 0.7427884615384616 0.09615384615384616 0.08173076923076923
0 0.12139423076923077 0.7800480769230769 0.06971153846153846 0.040865384615384616
0 0.7908653846153846 0.9110576923076923 0.07692307692307693 0.0625
0 0.15384615384615385 0.9471153846153846 0.07211538461538461 0.052884615384615384
0 0.8858173076923077 0.15625 0.09375 0.10576923076923077
0 0.8076923076923077 0.15985576923076922 0.07211538461538461 0.07932692307692307
0 0.7548076923076923 0.20072115384615385 0.08173076923076923 0.0889423076923077
0 0.1971153846153846 0.23076923076923078 0.11538461538461539 0.07211538461538461