0 0.2692307692307692 0.32572115384615385 0.12980769230769232 0.12259615384615384
0 0.5372596153846154 0.35096153846153844 0.07932692307692307 0.0673076923076923
0 0.4050480769230769 0.46274038461538464 0.13221153846153846 0.11778846153846154
0 0.7716346153846154 0.49278846153846156 0.14903846153846154 0.11057692307692307
0 0.3389423076923077 0.5180288461538461 0.07692307692307693 0.07451923076923077
0 0.8677884615384616 0.5901442307692307 0.07211538461538461 0.05048076923076923
0 0.23317307692307693 0.6850961538461539 0.12980769230769232 0.11538461538461539
0 0.5985576923076923 0.6899038461538461 0.0625 0.057692307692307696
0 0.4375 0.7043269230769231 0.08173076923076923 0.057692307692307696
0 0.5697115384615384 0.7427884615384616 0.07692307692307693 0.0625
0 0.9507211538461539 0.7439903846153846 0.09375 0.08413461538461539
0 0.8810096153846154 0.7800480769230769 0.06971153846153846 0.040865384615384616
0 0.4110576923076923 0.7920673076923077 0.08173076923076923 0.08413461538461539
0 0.2091346153846154 0.9110576923076923 0.07692307692307693 0.0625
0 0.8461538461538461 0.9471153846153846 0.07211538461538461 0.052884615384615384
0 0.11658653846153846 0.15625 0.09375 0.10576923076923077
0 0.19230769230769232 0.15985576923076922 0.07211538461538461 0.07932692307692307
0 0.24519230769230768 0.20072115384615385 0.08173076923076923 0.0889423076923077
0 0.8028846153846154 0.23076923076923078 0.11538461538461539 0.07211538461538461