0 0.051682692307692304 0.1346153846153846 0.10336538461538461 0.11538461538461539
0 0.24278846153846154 0.15384615384615385 0.08173076923076923 0.057692307692307696
0 0.21634615384615385 0.23918269230769232 0.08173076923076923 0.07932692307692307
0 0.19110576923076922 0.6514423076923077 0.07451923076923077 0.038461538461538464
0 0.14903846153846154 0.703125 0.0625 0.04567307692307692
0 0.2824519230769231 0.7055288461538461 0.03125 0.036057692307692304
0 0.08052884615384616 0.75 0.055288461538461536 0.04326923076923077
0 0.27884615384615385 0.7620192307692307 0.038461538461538464 0.028846153846153848
0 0.22235576923076922 0.5108173076923077 0.03125 0.04567307692307692
0 0.18990384615384615 0.5396634615384616 0.04807692307692308 0.03125
0 0.15625 0.5685096153846154 0.04326923076923077 0.03125
0 0.06610576923076923 0.6322115384615384 0.03125 0.038461538461538464