0 0.3088942307692308 0.037259615384615384 0.07932692307692307 0.06009615384615385
0 0.42788461538461536 0.08413461538461539 0.04326923076923077 0.03365384615384615
0 0.40865384615384615 0.14783653846153846 0.057692307692307696 0.040865384615384616
0 0.42788461538461536 0.4495192307692308 0.04326923076923077 0.03365384615384615
0 0.40865384615384615 0.38822115384615385 0.057692307692307696 0.040865384615384616
0 0.9723557692307693 0.7331730769230769 0.04567307692307692 0.0673076923076923
0 0.9326923076923077 0.8088942307692307 0.0673076923076923 0.06009615384615385
0 0.6382211538461539 0.8365384615384616 0.06009615384615385 0.04326923076923077
0 0.8605769230769231 0.8509615384615384 0.04326923076923077 0.04326923076923077
0 0.5192307692307693 0.8641826923076923 0.057692307692307696 0.06009615384615385
0 0.8858173076923077 0.8762019230769231 0.036057692307692304 0.021634615384615384
0 0.6995192307692307 0.9242788461538461 0.0625 0.036057692307692304
0 0.53125 0.9266826923076923 0.038461538461538464 0.05048076923076923
0 0.4951923076923077 0.9399038461538461 0.052884615384615384 0.04326923076923077
0 0.8040865384615384 0.9819711538461539 0.04567307692307692 0.036057692307692304
0 0.9158653846153846 0.9831730769230769 0.052884615384615384 0.03365384615384615
0 0.9507211538461539 0.5612980769230769 0.06971153846153846 0.04567307692307692
0 0.8088942307692307 0.5853365384615384 0.04567307692307692 0.036057692307692304
0 0.8221153846153846 0.6418269230769231 0.04326923076923077 0.04326923076923077
0 0.5492788461538461 0.6418269230769231 0.06009615384615385 0.028846153846153848
0 0.47115384615384615 0.6862980769230769 0.04326923076923077 0.06009615384615385