0 0.5192307692307693 0.3737980769230769 0.052884615384615384 0.036057692307692304
0 0.5360576923076923 0.45552884615384615 0.04326923076923077 0.04567307692307692
0 0.5600961538461539 0.4639423076923077 0.019230769230769232 0.04807692307692308
0 0.3786057692307692 0.4675480769230769 0.07932692307692307 0.06009615384615385
0 0.5048076923076923 0.5144230769230769 0.057692307692307696 0.03365384615384615
0 0.47836538461538464 0.578125 0.057692307692307696 0.040865384615384616
0 0.45913461538461536 0.23557692307692307 0.04326923076923077 0.038461538461538464
0 0.515625 0.18028846153846154 0.05048076923076923 0.02403846153846154
0 0.5600961538461539 0.328125 0.019230769230769232 0.036057692307692304
0 0.47836538461538464 0.8088942307692307 0.057692307692307696 0.021634615384615384
0 0.45913461538461536 0.10096153846153846 0.04326923076923077 0.038461538461538464
0 0.515625 0.15625 0.05048076923076923 0.02403846153846154
0 0.5600961538461539 0.014423076923076924 0.019230769230769232 0.028846153846153848
0 0.9411057692307693 0.375 0.036057692307692304 0.04326923076923077
0 0.9254807692307693 0.4266826923076923 0.02403846153846154 0.03125
0 0.6538461538461539 0.5721153846153846 0.03365384615384615 0.028846153846153848
0 0.6322115384615384 0.6862980769230769 0.028846153846153848 0.026442307692307692
0 0.6706730769230769 0.8161057692307693 0.052884615384615384 0.007211538461538462
0 0.33052884615384615 0.8810096153846154 0.08413461538461539 0.05048076923076923
0 0.8930288461538461 0.8245192307692307 0.040865384615384616 0.009615384615384616