0 0.5769230769230769 0.4411057692307692 0.052884615384615384 0.036057692307692304
0 0.6754807692307693 0.4423076923076923 0.057692307692307696 0.057692307692307696
0 0.7956730769230769 0.4735576923076923 0.04807692307692308 0.03365384615384615
0 0.7043269230769231 0.48677884615384615 0.04807692307692308 0.04567307692307692
0 0.59375 0.5228365384615384 0.04326923076923077 0.04567307692307692
0 0.6394230769230769 0.53125 0.0625 0.04807692307692308
0 0.7091346153846154 0.5300480769230769 0.03365384615384615 0.026442307692307692
0 0.4362980769230769 0.5348557692307693 0.07932692307692307 0.06009615384615385
0 0.6634615384615384 0.5576923076923077 0.04326923076923077 0.04326923076923077
0 0.5625 0.5817307692307693 0.057692307692307696 0.03365384615384615
0 0.7115384615384616 0.27163461538461536 0.04326923076923077 0.03365384615384615
0 0.5360576923076923 0.6454326923076923 0.057692307692307696 0.040865384615384616
0 0.5168269230769231 0.30288461538461536 0.04326923076923077 0.038461538461538464
0 0.5733173076923077 0.24759615384615385 0.05048076923076923 0.02403846153846154
0 0.7055288461538461 0.38341346153846156 0.05048076923076923 0.04567307692307692
0 0.6322115384615384 0.3954326923076923 0.04807692307692308 0.036057692307692304
0 0.5769230769230769 0.03245192307692308 0.052884615384615384 0.036057692307692304
0 0.6754807692307693 0.028846153846153848 0.057692307692307696 0.057692307692307696
0 0.796875 0.008413461538461538 0.05048076923076923 0.016826923076923076
0 0.7055288461538461 0.004807692307692308 0.05048076923076923 0.009615384615384616
0 0.5949519230769231 0.9903846153846154 0.04567307692307692 0.014423076923076924
0 0.640625 0.9855769230769231 0.06490384615384616 0.02403846153846154
0 0.7103365384615384 0.9915865384615384 0.036057692307692304 0.01201923076923077
0 0.43509615384615385 0.9807692307692307 0.08173076923076923 0.03365384615384615
0 0.6634615384615384 0.9711538461538461 0.04326923076923077 0.04326923076923077
0 0.5625 0.9471153846153846 0.057692307692307696 0.03365384615384615
0 0.7115384615384616 0.19951923076923078 0.04326923076923077 0.03365384615384615
0 0.5360576923076923 0.8858173076923077 0.057692307692307696 0.040865384615384616
0 0.5168269230769231 0.16826923076923078 0.04326923076923077 0.038461538461538464
0 0.5733173076923077 0.22355769230769232 0.05048076923076923 0.02403846153846154
0 0.7055288461538461 0.09014423076923077 0.05048076923076923 0.04567307692307692
0 0.6322115384615384 0.078125 0.04807692307692308 0.036057692307692304