0 0.06129807692307692 0.2512019230769231 0.026442307692307692 0.016826923076923076
0 0.2848557692307692 0.2608173076923077 0.03125 0.03125
0 0.06370192307692307 0.265625 0.026442307692307692 0.021634615384615384
0 0.15144230769230768 0.26802884615384615 0.03365384615384615 0.026442307692307692
0 0.10336538461538461 0.27163461538461536 0.03365384615384615 0.028846153846153848
0 0.43028846153846156 0.28365384615384615 0.019230769230769232 0.02403846153846154
0 0.10216346153846154 0.2932692307692308 0.03125 0.028846153846153848
0 0.16706730769230768 0.2956730769230769 0.026442307692307692 0.02403846153846154
0 0.3389423076923077 0.30649038461538464 0.03365384615384615 0.021634615384615384
0 0.13221153846153846 0.3137019230769231 0.028846153846153848 0.026442307692307692
0 0.2692307692307692 0.3449519230769231 0.038461538461538464 0.026442307692307692
0 0.3425480769230769 0.3762019230769231 0.03125 0.036057692307692304
0 0.4206730769230769 0.37740384615384615 0.038461538461538464 0.03365384615384615
0 0.1310096153846154 0.3942307692307692 0.026442307692307692 0.02403846153846154
0 0.11177884615384616 0.44711538461538464 0.03125 0.028846153846153848
0 0.07211538461538461 0.4675480769230769 0.03365384615384615 0.03125
0 0.03485576923076923 0.484375 0.021634615384615384 0.021634615384615384
0 0.10096153846153846 0.06850961538461539 0.03365384615384615 0.036057692307692304
0 0.13341346153846154 0.1045673076923077 0.01201923076923077 0.021634615384615384
0 0.14783653846153846 0.11778846153846154 0.026442307692307692 0.028846153846153848
0 0.33774038461538464 0.125 0.036057692307692304 0.02403846153846154
0 0.08052884615384616 0.12620192307692307 0.036057692307692304 0.026442307692307692
0 0.1045673076923077 0.14182692307692307 0.021634615384615384 0.02403846153846154
0 0.16105769230769232 0.16706730769230768 0.028846153846153848 0.026442307692307692
0 0.27283653846153844 0.171875 0.03125 0.021634615384615384
0 0.10216346153846154 0.17668269230769232 0.021634615384615384 0.026442307692307692
0 0.1875 0.1935096153846154 0.02403846153846154 0.016826923076923076
0 0.1201923076923077 0.203125 0.03365384615384615 0.021634615384615384
0 0.14182692307692307 0.22115384615384615 0.014423076923076924 0.02403846153846154
0 0.296875 0.22115384615384615 0.036057692307692304 0.028846153846153848
0 0.3473557692307692 0.22235576923076922 0.026442307692307692 0.03125
0 0.19110576923076922 0.2247596153846154 0.021634615384615384 0.021634615384615384
0 0.09254807692307693 0.234375 0.016826923076923076 0.021634615384615384
0 0.027644230769230768 0.2403846153846154 0.03125 0.02403846153846154
0 0.3713942307692308 0.24639423076923078 0.03125 0.03125
0 0.32091346153846156 0.2512019230769231 0.03125 0.021634615384615384
0 0.5901442307692307 0.0829326923076923 0.03125 0.026442307692307692
0 0.5697115384615384 0.09615384615384616 0.038461538461538464 0.03365384615384615
0 0.5444711538461539 0.15264423076923078 0.09375 0.08413461538461539
0 0.4879807692307692 0.25841346153846156 0.038461538461538464 0.03125
0 0.6045673076923077 0.29086538461538464 0.040865384615384616 0.03365384615384615
0 0.5492788461538461 0.3269230769230769 0.040865384615384616 0.02403846153846154
0 0.4639423076923077 0.3473557692307692 0.03365384615384615 0.026442307692307692
0 0.5432692307692307 0.35096153846153844 0.04807692307692308 0.02403846153846154
0 0.4543269230769231 0.3737980769230769 0.028846153846153848 0.026442307692307692
0 0.5180288461538461 0.375 0.036057692307692304 0.028846153846153848
0 0.5432692307692307 0.3954326923076923 0.057692307692307696 0.04567307692307692
0 0.65625 0.06129807692307692 0.028846153846153848 0.03125