0 0.24519230769230768 0.25 0.038461538461538464 0.028846153846153848
0 0.5060096153846154 0.25 0.026442307692307692 0.028846153846153848
0 0.2848557692307692 0.25961538461538464 0.036057692307692304 0.028846153846153848
0 0.41466346153846156 0.2644230769230769 0.03125 0.019230769230769232
0 0.46033653846153844 0.2692307692307692 0.036057692307692304 0.02403846153846154
0 0.12980769230769232 0.2824519230769231 0.028846153846153848 0.026442307692307692
0 0.39903846153846156 0.29086538461538464 0.038461538461538464 0.02403846153846154
0 0.3401442307692308 0.29927884615384615 0.036057692307692304 0.03125
0 0.2247596153846154 0.30528846153846156 0.03125 0.03365384615384615
0 0.4362980769230769 0.3137019230769231 0.026442307692307692 0.021634615384615384
0 0.41225961538461536 0.31850961538461536 0.021634615384615384 0.026442307692307692
0 0.3317307692307692 0.3401442307692308 0.03365384615384615 0.03125
0 0.29927884615384615 0.34375 0.03125 0.03365384615384615
0 0.1971153846153846 0.3449519230769231 0.028846153846153848 0.026442307692307692
0 0.046875 0.35336538461538464 0.03125 0.028846153846153848
0 0.5096153846153846 0.3701923076923077 0.03365384615384615 0.02403846153846154
0 0.14543269230769232 0.3786057692307692 0.04567307692307692 0.03125
0 0.47115384615384615 0.3798076923076923 0.038461538461538464 0.03365384615384615
0 0.3016826923076923 0.38461538461538464 0.040865384615384616 0.04326923076923077
0 0.4387019230769231 0.3870192307692308 0.036057692307692304 0.03365384615384615
0 0.5024038461538461 0.40625 0.028846153846153848 0.028846153846153848
0 0.11778846153846154 0.41225961538461536 0.028846153846153848 0.021634615384615384
0 0.06009615384615385 0.4110576923076923 0.028846153846153848 0.028846153846153848
0 0.49759615384615385 0.421875 0.03365384615384615 0.026442307692307692
0 0.07211538461538461 0.4338942307692308 0.028846153846153848 0.026442307692307692
0 0.14182692307692307 0.4375 0.038461538461538464 0.02403846153846154
0 0.4519230769230769 0.4423076923076923 0.028846153846153848 0.028846153846153848
0 0.49038461538461536 0.46274038461538464 0.028846153846153848 0.026442307692307692
0 0.06129807692307692 0.4735576923076923 0.026442307692307692 0.028846153846153848
0 0.052884615384615384 0.5144230769230769 0.03365384615384615 0.009615384615384616
0 0.4651442307692308 0.06370192307692307 0.05048076923076923 0.03125
0 0.33413461538461536 0.09014423076923077 0.038461538461538464 0.026442307692307692
0 0.4170673076923077 0.11298076923076923 0.036057692307692304 0.02403846153846154
0 0.23197115384615385 0.12259615384615384 0.026442307692307692 0.02403846153846154
0 0.47596153846153844 0.12379807692307693 0.028846153846153848 0.026442307692307692
0 0.46634615384615385 0.13942307692307693 0.03365384615384615 0.02403846153846154
0 0.3401442307692308 0.14783653846153846 0.03125 0.03125
0 0.40625 0.16466346153846154 0.028846153846153848 0.026442307692307692
0 0.2920673076923077 0.17067307692307693 0.026442307692307692 0.03365384615384615
0 0.46274038461538464 0.17668269230769232 0.026442307692307692 0.026442307692307692
0 0.22716346153846154 0.17908653846153846 0.03125 0.021634615384615384
0 0.3762019230769231 0.1875 0.03125 0.02403846153846154
0 0.45072115384615385 0.19951923076923078 0.03125 0.028846153846153848
0 0.3125 0.2127403846153846 0.028846153846153848 0.03125
0 0.2704326923076923 0.21634615384615385 0.026442307692307692 0.02403846153846154
0 0.4182692307692308 0.21634615384615385 0.02403846153846154 0.02403846153846154
0 0.22355769230769232 0.22235576923076922 0.038461538461538464 0.03125
0 0.375 0.22235576923076922 0.028846153846153848 0.021634615384615384
0 0.4735576923076923 0.23317307692307693 0.028846153846153848 0.02403846153846154
0 0.5336538461538461 0.23557692307692307 0.028846153846153848 0.03365384615384615
0 0.8377403846153846 0.2512019230769231 0.06971153846153846 0.05048076923076923
0 0.84375 0.3293269230769231 0.0625 0.057692307692307696
0 0.9915865384615384 0.6177884615384616 0.016826923076923076 0.03365384615384615
0 0.9771634615384616 0.7223557692307693 0.04567307692307692 0.04567307692307692