0 0.3798076923076923 0.055288461538461536 0.038461538461538464 0.028846153846153848
0 0.41947115384615385 0.06490384615384616 0.036057692307692304 0.028846153846153848
0 0.2644230769230769 0.08774038461538461 0.028846153846153848 0.026442307692307692
0 0.47475961538461536 0.1045673076923077 0.036057692307692304 0.03125
0 0.359375 0.11057692307692307 0.03125 0.03365384615384615
0 0.46634615384615385 0.14543269230769232 0.03365384615384615 0.03125
0 0.4338942307692308 0.14903846153846154 0.03125 0.03365384615384615
0 0.3317307692307692 0.1502403846153846 0.028846153846153848 0.026442307692307692
0 0.1814903846153846 0.15865384615384615 0.03125 0.028846153846153848
0 0.2800480769230769 0.18389423076923078 0.04567307692307692 0.03125
0 0.4362980769230769 0.18990384615384615 0.040865384615384616 0.04326923076923077
0 0.25240384615384615 0.21754807692307693 0.028846153846153848 0.021634615384615384
0 0.19471153846153846 0.21634615384615385 0.028846153846153848 0.028846153846153848
0 0.20673076923076922 0.23918269230769232 0.028846153846153848 0.026442307692307692
0 0.2764423076923077 0.24278846153846154 0.038461538461538464 0.02403846153846154
0 0.19591346153846154 0.27884615384615385 0.026442307692307692 0.028846153846153848
0 0.1875 0.3293269230769231 0.03365384615384615 0.028846153846153848
0 0.25240384615384615 0.3713942307692308 0.028846153846153848 0.026442307692307692
0 0.18990384615384615 0.3942307692307692 0.028846153846153848 0.03365384615384615
0 0.44711538461538464 0.018028846153846152 0.028846153846153848 0.03125
0 0.4050480769230769 0.021634615384615384 0.026442307692307692 0.02403846153846154
0 0.3581730769230769 0.027644230769230768 0.038461538461538464 0.03125
0 0.9711538461538461 0.375 0.03365384615384615 0.028846153846153848
0 0.7692307692307693 0.37740384615384615 0.04326923076923077 0.04326923076923077
0 0.8786057692307693 0.38822115384615385 0.03125 0.03125
0 0.8137019230769231 0.44471153846153844 0.021634615384615384 0.02403846153846154
0 0.5480769230769231 0.453125 0.038461538461538464 0.03125
0 0.9423076923076923 0.46274038461538464 0.028846153846153848 0.01201923076923077
0 0.5408653846153846 0.46634615384615385 0.02403846153846154 0.004807692307692308
0 0.8413461538461539 0.3112980769230769 0.038461538461538464 0.036057692307692304
0 0.2956730769230769 0.7752403846153846 0.052884615384615384 0.05048076923076923