0 0.42788461538461536 0.4230769230769231 0.038461538461538464 0.028846153846153848
0 0.6887019230769231 0.4230769230769231 0.026442307692307692 0.028846153846153848
0 0.4675480769230769 0.4326923076923077 0.036057692307692304 0.028846153846153848
0 0.5973557692307693 0.4375 0.03125 0.019230769230769232
0 0.6430288461538461 0.4423076923076923 0.036057692307692304 0.02403846153846154
0 0.3125 0.45552884615384615 0.028846153846153848 0.026442307692307692
0 0.5817307692307693 0.4639423076923077 0.038461538461538464 0.02403846153846154
0 0.5228365384615384 0.4723557692307692 0.036057692307692304 0.03125
0 0.4074519230769231 0.47836538461538464 0.03125 0.03365384615384615
0 0.78125 0.47836538461538464 0.03365384615384615 0.03365384615384615
0 0.6189903846153846 0.48677884615384615 0.026442307692307692 0.021634615384615384
0 0.5949519230769231 0.49158653846153844 0.021634615384615384 0.026442307692307692
0 0.5144230769230769 0.5132211538461539 0.03365384615384615 0.03125
0 0.48197115384615385 0.5168269230769231 0.03125 0.03365384615384615
0 0.3798076923076923 0.5180288461538461 0.028846153846153848 0.026442307692307692
0 0.22956730769230768 0.5264423076923077 0.03125 0.028846153846153848
0 0.6923076923076923 0.5432692307692307 0.03365384615384615 0.02403846153846154
0 0.328125 0.5516826923076923 0.04567307692307692 0.03125
0 0.6538461538461539 0.5528846153846154 0.038461538461538464 0.03365384615384615
0 0.484375 0.5576923076923077 0.040865384615384616 0.04326923076923077
0 0.6213942307692307 0.5600961538461539 0.036057692307692304 0.03365384615384615
0 0.6850961538461539 0.5793269230769231 0.028846153846153848 0.028846153846153848
0 0.3004807692307692 0.5853365384615384 0.028846153846153848 0.021634615384615384
0 0.24278846153846154 0.5841346153846154 0.028846153846153848 0.028846153846153848
0 0.6802884615384616 0.5949519230769231 0.03365384615384615 0.026442307692307692
0 0.2548076923076923 0.6069711538461539 0.028846153846153848 0.026442307692307692
0 0.3245192307692308 0.6105769230769231 0.038461538461538464 0.02403846153846154
0 0.6346153846153846 0.6153846153846154 0.028846153846153848 0.028846153846153848
0 0.6730769230769231 0.6358173076923077 0.028846153846153848 0.026442307692307692
0 0.2439903846153846 0.6466346153846154 0.026442307692307692 0.028846153846153848
0 0.7704326923076923 0.6466346153846154 0.03125 0.03365384615384615
0 0.23557692307692307 0.6971153846153846 0.03365384615384615 0.028846153846153848
0 0.6478365384615384 0.23677884615384615 0.05048076923076923 0.03125
0 0.3004807692307692 0.7391826923076923 0.028846153846153848 0.026442307692307692
0 0.7680288461538461 0.75 0.03125 0.03365384615384615
0 0.23798076923076922 0.7620192307692307 0.028846153846153848 0.03365384615384615
0 0.5168269230769231 0.26322115384615385 0.038461538461538464 0.026442307692307692
0 0.5997596153846154 0.2860576923076923 0.036057692307692304 0.02403846153846154
0 0.41466346153846156 0.2956730769230769 0.026442307692307692 0.02403846153846154
0 0.6586538461538461 0.296875 0.028846153846153848 0.026442307692307692
0 0.6490384615384616 0.3125 0.03365384615384615 0.02403846153846154
0 0.5228365384615384 0.32091346153846156 0.03125 0.03125
0 0.5889423076923077 0.33774038461538464 0.028846153846153848 0.026442307692307692
0 0.47475961538461536 0.34375 0.026442307692307692 0.03365384615384615
0 0.6454326923076923 0.34975961538461536 0.026442307692307692 0.026442307692307692
0 0.4098557692307692 0.35216346153846156 0.03125 0.021634615384615384
0 0.5588942307692307 0.3605769230769231 0.03125 0.02403846153846154
0 0.6334134615384616 0.37259615384615385 0.03125 0.028846153846153848
0 0.4951923076923077 0.3858173076923077 0.028846153846153848 0.03125
0 0.453125 0.3894230769230769 0.026442307692307692 0.02403846153846154
0 0.6009615384615384 0.3894230769230769 0.02403846153846154 0.02403846153846154
0 0.40625 0.3954326923076923 0.038461538461538464 0.03125
0 0.5576923076923077 0.3954326923076923 0.028846153846153848 0.021634615384615384
0 0.65625 0.40625 0.028846153846153848 0.02403846153846154
0 0.7175480769230769 0.40865384615384615 0.03125 0.03365384615384615
0 0.6742788461538461 0.9903846153846154 0.03125 0.014423076923076924
0 0.24278846153846154 0.984375 0.028846153846153848 0.026442307692307692
0 0.7692307692307693 0.9831730769230769 0.03365384615384615 0.028846153846153848
0 0.23557692307692307 0.9350961538461539 0.03365384615384615 0.028846153846153848
0 0.6478365384615384 0.12620192307692307 0.05048076923076923 0.03125
0 0.3004807692307692 0.8954326923076923 0.028846153846153848 0.026442307692307692
0 0.7680288461538461 0.8822115384615384 0.03125 0.03365384615384615
0 0.23798076923076922 0.8701923076923077 0.028846153846153848 0.03365384615384615
0 0.5168269230769231 0.09975961538461539 0.038461538461538464 0.026442307692307692
0 0.5997596153846154 0.07451923076923077 0.036057692307692304 0.02403846153846154
0 0.41466346153846156 0.06490384615384616 0.026442307692307692 0.02403846153846154
0 0.6586538461538461 0.06610576923076923 0.028846153846153848 0.026442307692307692
0 0.6490384615384616 0.04807692307692308 0.03365384615384615 0.02403846153846154
0 0.5228365384615384 0.042067307692307696 0.03125 0.03125
0 0.5889423076923077 0.025240384615384616 0.028846153846153848 0.026442307692307692
0 0.47475961538461536 0.016826923076923076 0.026442307692307692 0.03365384615384615
0 0.6442307692307693 0.013221153846153846 0.028846153846153848 0.026442307692307692
0 0.40865384615384615 0.010817307692307692 0.03365384615384615 0.021634615384615384
0 0.5576923076923077 0.007211538461538462 0.03365384615384615 0.014423076923076924