0 0.27524038461538464 0.028846153846153848 0.026442307692307692 0.02403846153846154
0 0.25600961538461536 0.08173076923076923 0.03125 0.028846153846153848
0 0.21634615384615385 0.10216346153846154 0.03365384615384615 0.03125
0 0.12139423076923077 0.11177884615384616 0.026442307692307692 0.021634615384615384
0 0.17908653846153846 0.11899038461538461 0.021634615384615384 0.021634615384615384
0 0.12860576923076922 0.21514423076923078 0.03125 0.036057692307692304
0 0.12860576923076922 0.33413461538461536 0.03125 0.009615384615384616
0 0.16466346153846154 0.5612980769230769 0.026442307692307692 0.026442307692307692
0 0.20432692307692307 0.59375 0.028846153846153848 0.028846153846153848
0 0.09014423076923077 0.6189903846153846 0.036057692307692304 0.03125
0 0.11899038461538461 0.5396634615384616 0.026442307692307692 0.036057692307692304
0 0.8461538461538461 0.47115384615384615 0.08173076923076923 0.10576923076923077