0 0.3137019230769231 0.421875 0.026442307692307692 0.016826923076923076
0 0.5372596153846154 0.43149038461538464 0.03125 0.03125
0 0.3161057692307692 0.4362980769230769 0.026442307692307692 0.021634615384615384
0 0.40384615384615385 0.4387019230769231 0.03365384615384615 0.026442307692307692
0 0.3557692307692308 0.4423076923076923 0.03365384615384615 0.028846153846153848
0 0.6887019230769231 0.4543269230769231 0.03125 0.02403846153846154
0 0.3545673076923077 0.4639423076923077 0.03125 0.028846153846153848
0 0.41947115384615385 0.46634615384615385 0.026442307692307692 0.02403846153846154
0 0.5913461538461539 0.47716346153846156 0.03365384615384615 0.021634615384615384
0 0.22235576923076922 0.4807692307692308 0.026442307692307692 0.028846153846153848
0 0.38461538461538464 0.484375 0.028846153846153848 0.026442307692307692
0 0.5216346153846154 0.515625 0.038461538461538464 0.026442307692307692
0 0.5949519230769231 0.546875 0.03125 0.036057692307692304
0 0.6730769230769231 0.5480769230769231 0.038461538461538464 0.03365384615384615
0 0.38341346153846156 0.5649038461538461 0.026442307692307692 0.02403846153846154
0 0.3641826923076923 0.6177884615384616 0.03125 0.028846153846153848
0 0.3245192307692308 0.6382211538461539 0.03365384615384615 0.03125
0 0.7536057692307693 0.6442307692307693 0.04567307692307692 0.03365384615384615
0 0.22956730769230768 0.6478365384615384 0.026442307692307692 0.021634615384615384
0 0.28725961538461536 0.6550480769230769 0.021634615384615384 0.021634615384615384
0 0.23677884615384615 0.7512019230769231 0.03125 0.036057692307692304
0 0.35336538461538464 0.23918269230769232 0.03365384615384615 0.036057692307692304
0 0.7632211538461539 0.765625 0.040865384615384616 0.03125
0 0.3858173076923077 0.27524038461538464 0.01201923076923077 0.021634615384615384
0 0.40024038461538464 0.28846153846153844 0.026442307692307692 0.028846153846153848
0 0.5901442307692307 0.2956730769230769 0.036057692307692304 0.02403846153846154
0 0.3329326923076923 0.296875 0.036057692307692304 0.026442307692307692
0 0.35697115384615385 0.3125 0.021634615384615384 0.02403846153846154
0 0.41346153846153844 0.33774038461538464 0.028846153846153848 0.026442307692307692
0 0.5252403846153846 0.3425480769230769 0.03125 0.021634615384615384
0 0.3545673076923077 0.3473557692307692 0.021634615384615384 0.026442307692307692
0 0.43990384615384615 0.3641826923076923 0.02403846153846154 0.016826923076923076
0 0.37259615384615385 0.3737980769230769 0.03365384615384615 0.021634615384615384
0 0.3942307692307692 0.3918269230769231 0.014423076923076924 0.02403846153846154
0 0.5492788461538461 0.3918269230769231 0.036057692307692304 0.028846153846153848
0 0.5997596153846154 0.39302884615384615 0.026442307692307692 0.03125
0 0.44350961538461536 0.3954326923076923 0.021634615384615384 0.021634615384615384
0 0.3449519230769231 0.4050480769230769 0.016826923076923076 0.021634615384615384
0 0.2800480769230769 0.4110576923076923 0.03125 0.02403846153846154
0 0.6237980769230769 0.4170673076923077 0.03125 0.03125
0 0.5733173076923077 0.421875 0.03125 0.021634615384615384
0 0.32572115384615385 0.9879807692307693 0.036057692307692304 0.019230769230769232
0 0.7524038461538461 0.984375 0.04807692307692308 0.026442307692307692
0 0.22956730769230768 0.9867788461538461 0.026442307692307692 0.021634615384615384
0 0.28725961538461536 0.9795673076923077 0.021634615384615384 0.021634615384615384
0 0.23677884615384615 0.8834134615384616 0.03125 0.036057692307692304
0 0.35336538461538464 0.12379807692307693 0.03365384615384615 0.036057692307692304
0 0.7632211538461539 0.8689903846153846 0.040865384615384616 0.03125
0 0.3858173076923077 0.08774038461538461 0.01201923076923077 0.021634615384615384
0 0.40024038461538464 0.07211538461538461 0.026442307692307692 0.028846153846153848
0 0.5901442307692307 0.06490384615384616 0.036057692307692304 0.02403846153846154
0 0.3329326923076923 0.06610576923076923 0.036057692307692304 0.026442307692307692
0 0.35697115384615385 0.04807692307692308 0.021634615384615384 0.02403846153846154
0 0.41346153846153844 0.025240384615384616 0.028846153846153848 0.026442307692307692
0 0.5252403846153846 0.020432692307692308 0.03125 0.021634615384615384
0 0.3545673076923077 0.015625 0.021634615384615384 0.026442307692307692
0 0.4411057692307692 0.003605769230769231 0.026442307692307692 0.007211538461538462