0 0.39663461538461536 0.010817307692307692 0.04807692307692308 0.021634615384615384
0 0.17067307692307693 0.010817307692307692 0.052884615384615384 0.021634615384615384
0 0.5060096153846154 0.028846153846153848 0.040865384615384616 0.04326923076923077
0 0.11538461538461539 0.030048076923076924 0.052884615384615384 0.055288461538461536
0 0.45913461538461536 0.04326923076923077 0.03365384615384615 0.038461538461538464
0 0.23677884615384615 0.09735576923076923 0.06009615384615385 0.05048076923076923
0 0.3016826923076923 0.14543269230769232 0.06490384615384616 0.055288461538461536
0 0.6153846153846154 0.15745192307692307 0.028846153846153848 0.055288461538461536
0 0.6153846153846154 0.6634615384615384 0.028846153846153848 0.04326923076923077
0 0.5612980769230769 0.6814903846153846 0.06009615384615385 0.06009615384615385
0 0.3137019230769231 0.7596153846153846 0.06009615384615385 0.0625
0 0.5889423076923077 0.7596153846153846 0.057692307692307696 0.0625
0 0.6009615384615384 0.7620192307692307 0.04326923076923077 0.04326923076923077
0 0.02283653846153846 0.8377403846153846 0.04567307692307692 0.06009615384615385
0 0.10697115384615384 0.9242788461538461 0.0985576923076923 0.06009615384615385
0 0.40024038461538464 0.5120192307692307 0.04567307692307692 0.038461538461538464
0 0.41947115384615385 0.5913461538461539 0.04567307692307692 0.04326923076923077