0 0.4543269230769231 0.5324519230769231 0.04807692307692308 0.05048076923076923
0 0.2283653846153846 0.5384615384615384 0.052884615384615384 0.038461538461538464
0 0.7680288461538461 0.5408653846153846 0.04567307692307692 0.04326923076923077
0 0.8485576923076923 0.5420673076923077 0.052884615384615384 0.055288461538461536
0 0.5637019230769231 0.5649038461538461 0.040865384615384616 0.04326923076923077
0 0.17307692307692307 0.5661057692307693 0.052884615384615384 0.055288461538461536
0 0.5168269230769231 0.5793269230769231 0.03365384615384615 0.038461538461538464
0 0.29447115384615385 0.6334134615384616 0.06009615384615385 0.05048076923076923
0 0.359375 0.6814903846153846 0.06490384615384616 0.055288461538461536
0 0.6826923076923077 0.6935096153846154 0.04807692307692308 0.055288461538461536
0 0.7415865384615384 0.7704326923076923 0.040865384615384616 0.04567307692307692
0 0.4699519230769231 0.19831730769230768 0.06490384615384616 0.036057692307692304
0 0.4807692307692308 0.24519230769230768 0.057692307692307696 0.04326923076923077
0 0.5889423076923077 0.2548076923076923 0.057692307692307696 0.0625
0 0.5480769230769231 0.33774038461538464 0.052884615384615384 0.05048076923076923
0 0.43149038461538464 0.375 0.06490384615384616 0.057692307692307696
0 0.65625 0.42788461538461536 0.04807692307692308 0.038461538461538464
0 0.7692307692307693 0.42908653846153844 0.07211538461538461 0.06971153846153846
0 0.453125 0.47115384615384615 0.04567307692307692 0.04326923076923077
0 0.6730769230769231 0.47716346153846156 0.038461538461538464 0.03125
0 0.5120192307692307 0.4987980769230769 0.057692307692307696 0.04567307692307692
0 0.7403846153846154 0.9795673076923077 0.04326923076923077 0.036057692307692304
0 0.4699519230769231 0.04927884615384615 0.06490384615384616 0.036057692307692304
0 0.48197115384615385 0.01201923076923077 0.06009615384615385 0.02403846153846154
0 0.5901442307692307 0.01201923076923077 0.06009615384615385 0.02403846153846154