0 0.171875 0.13581730769230768 0.06490384615384616 0.036057692307692304
0 0.18269230769230768 0.18269230769230768 0.057692307692307696 0.04326923076923077
0 0.29086538461538464 0.19230769230769232 0.057692307692307696 0.0625
0 0.25 0.27524038461538464 0.052884615384615384 0.05048076923076923
0 0.13341346153846154 0.3125 0.06490384615384616 0.057692307692307696
0 0.35096153846153844 0.36538461538461536 0.03365384615384615 0.038461538461538464
0 0.15504807692307693 0.39302884615384615 0.04567307692307692 0.01201923076923077
0 0.7427884615384616 0.6899038461538461 0.04807692307692308 0.03365384615384615
0 0.8641826923076923 0.7247596153846154 0.040865384615384616 0.036057692307692304
0 0.8473557692307693 0.8353365384615384 0.036057692307692304 0.03125
0 0.6310096153846154 0.8978365384615384 0.06009615384615385 0.05048076923076923