0 0.5456730769230769 0.5360576923076923 0.04807692307692308 0.052884615384615384
0 0.7716346153846154 0.5420673076923077 0.052884615384615384 0.040865384615384616
0 0.234375 0.5444711538461539 0.04567307692307692 0.04567307692307692
0 0.15144230769230768 0.5456730769230769 0.052884615384615384 0.057692307692307696
0 0.4387019230769231 0.5685096153846154 0.040865384615384616 0.04567307692307692
0 0.8269230769230769 0.5697115384615384 0.052884615384615384 0.057692307692307696
0 0.4831730769230769 0.5829326923076923 0.03365384615384615 0.040865384615384616
0 0.7079326923076923 0.6370192307692307 0.06009615384615385 0.052884615384615384
0 0.6430288461538461 0.6850961538461539 0.06490384615384616 0.057692307692307696
0 0.3173076923076923 0.6971153846153846 0.04807692307692308 0.057692307692307696
0 0.2608173076923077 0.7740384615384616 0.040865384615384616 0.04807692307692308
0 0.5324519230769231 0.19951923076923078 0.06490384615384616 0.038461538461538464
0 0.5192307692307693 0.24639423076923078 0.057692307692307696 0.04567307692307692
0 0.4110576923076923 0.25600961538461536 0.057692307692307696 0.06490384615384616
0 0.4519230769230769 0.3389423076923077 0.052884615384615384 0.052884615384615384
0 0.5709134615384616 0.3786057692307692 0.06490384615384616 0.06009615384615385
0 0.34375 0.43149038461538464 0.04807692307692308 0.040865384615384616
0 0.23076923076923078 0.43028846153846156 0.07211538461538461 0.07211538461538461
0 0.5492788461538461 0.47475961538461536 0.04567307692307692 0.04567307692307692
0 0.3269230769230769 0.47836538461538464 0.038461538461538464 0.03365384615384615
0 0.4879807692307692 0.5 0.057692307692307696 0.04807692307692308
0 0.25961538461538464 0.9771634615384616 0.04326923076923077 0.040865384615384616
0 0.5324519230769231 0.04567307692307692 0.06490384615384616 0.038461538461538464
0 0.5204326923076923 0.01201923076923077 0.06009615384615385 0.02403846153846154
0 0.41225961538461536 0.01201923076923077 0.06009615384615385 0.02403846153846154