0 0.34615384615384615 0.008413461538461538 0.057692307692307696 0.016826923076923076
0 0.3870192307692308 0.0673076923076923 0.052884615384615384 0.052884615384615384
0 0.5060096153846154 0.10697115384615384 0.06490384615384616 0.06009615384615385
0 0.27884615384615385 0.15985576923076922 0.04807692307692308 0.040865384615384616
0 0.1658653846153846 0.15865384615384615 0.07211538461538461 0.07211538461538461
0 0.484375 0.203125 0.04567307692307692 0.04567307692307692
0 0.2620192307692308 0.20673076923076922 0.038461538461538464 0.03365384615384615
0 0.4230769230769231 0.22115384615384615 0.057692307692307696 0.03365384615384615
0 0.6826923076923077 0.007211538461538462 0.028846153846153848 0.014423076923076924
0 0.7884615384615384 0.026442307692307692 0.028846153846153848 0.038461538461538464
0 0.8533653846153846 0.06850961538461539 0.038461538461538464 0.04567307692307692
0 0.7487980769230769 0.09014423076923077 0.021634615384615384 0.026442307692307692
0 0.7704326923076923 0.0889423076923077 0.021634615384615384 0.03365384615384615
0 0.6838942307692307 0.23677884615384615 0.03125 0.002403846153846154
0 0.7884615384615384 0.22115384615384615 0.028846153846153848 0.03365384615384615
0 0.8533653846153846 0.18389423076923078 0.038461538461538464 0.04567307692307692
0 0.7487980769230769 0.1622596153846154 0.021634615384615384 0.026442307692307692
0 0.7704326923076923 0.16105769230769232 0.021634615384615384 0.03365384615384615
0 0.12620192307692307 0.4182692307692308 0.036057692307692304 0.03365384615384615
0 0.3401442307692308 0.49759615384615385 0.04567307692307692 0.028846153846153848
0 0.7620192307692307 0.3125 0.02403846153846154 0.028846153846153848
0 0.7199519230769231 0.359375 0.021634615384615384 0.021634615384615384
0 0.8689903846153846 0.40865384615384615 0.021634615384615384 0.019230769230769232
0 0.8100961538461539 0.6995192307692307 0.02403846153846154 0.02403846153846154
0 0.6021634615384616 0.7379807692307693 0.036057692307692304 0.03365384615384615
0 0.7139423076923077 0.9074519230769231 0.03365384615384615 0.026442307692307692
0 0.6033653846153846 0.9134615384615384 0.02403846153846154 0.02403846153846154
0 0.7512019230769231 0.9290865384615384 0.021634615384615384 0.03125