0 0.08774038461538461 0.15384615384615385 0.06490384615384616 0.038461538461538464
0 0.07451923076923077 0.20072115384615385 0.057692307692307696 0.04567307692307692
0 0.016826923076923076 0.2932692307692308 0.03365384615384615 0.052884615384615384
0 0.12620192307692307 0.3329326923076923 0.06490384615384616 0.06009615384615385
0 0.1045673076923077 0.42908653846153844 0.04567307692307692 0.04567307692307692
0 0.04326923076923077 0.4495192307692308 0.057692307692307696 0.038461538461538464
0 0.08774038461538461 0.009615384615384616 0.06490384615384616 0.019230769230769232
0 0.6814903846153846 0.25240384615384615 0.04567307692307692 0.03365384615384615
0 0.8317307692307693 0.4579326923076923 0.057692307692307696 0.021634615384615384
0 0.8533653846153846 0.9555288461538461 0.07692307692307693 0.07451923076923077
0 0.7151442307692307 0.6009615384615384 0.12740384615384615 0.08653846153846154
0 0.7151442307692307 0.5060096153846154 0.12740384615384615 0.07451923076923077