0 0.31009615384615385 0.4795673076923077 0.0673076923076923 0.06009615384615385
0 0.34134615384615385 0.04447115384615385 0.03365384615384615 0.055288461538461536
0 0.23557692307692307 0.0889423076923077 0.0673076923076923 0.0673076923076923
0 0.17427884615384615 0.09375 0.06009615384615385 0.0625
0 0.25 0.20072115384615385 0.08653846153846154 0.07932692307692307
0 0.14903846153846154 0.2848557692307692 0.09134615384615384 0.12259615384615384
0 0.25 0.31971153846153844 0.07211538461538461 0.07211538461538461
0 0.19591346153846154 0.5324519230769231 0.09375 0.04567307692307692
0 0.05889423076923077 0.7728365384615384 0.06009615384615385 0.06971153846153846
0 0.020432692307692308 0.8040865384615384 0.040865384615384616 0.06971153846153846
0 0.12379807692307693 0.8918269230769231 0.10817307692307693 0.057692307692307696
0 0.12379807692307693 0.9771634615384616 0.10817307692307693 0.04567307692307692
0 0.8677884615384616 0.9903846153846154 0.038461538461538464 0.019230769230769232
0 0.7355769230769231 0.5276442307692307 0.03365384615384615 0.03125