0 0.5096153846153846 0.6911057692307693 0.0673076923076923 0.06009615384615385
0 0.5745192307692307 0.7319711538461539 0.07692307692307693 0.055288461538461536
0 0.23317307692307693 0.78125 0.07211538461538461 0.0625
0 0.5625 0.25600961538461536 0.07692307692307693 0.055288461538461536
0 0.43509615384615385 0.3004807692307692 0.0673076923076923 0.0673076923076923
0 0.3737980769230769 0.30528846153846156 0.06009615384615385 0.0625
0 0.4495192307692308 0.41225961538461536 0.08653846153846154 0.07932692307692307
0 0.3485576923076923 0.4963942307692308 0.09134615384615384 0.12259615384615384
0 0.5901442307692307 0.5216346153846154 0.09375 0.07692307692307693
0 0.4495192307692308 0.53125 0.07211538461538461 0.07211538461538461
0 0.5096153846153846 0.9459134615384616 0.0673076923076923 0.06009615384615385
0 0.5745192307692307 0.9050480769230769 0.07692307692307693 0.055288461538461536
0 0.23317307692307693 0.8533653846153846 0.07211538461538461 0.0625
0 0.5625 0.11177884615384616 0.07692307692307693 0.055288461538461536
0 0.43509615384615385 0.06490384615384616 0.0673076923076923 0.0673076923076923
0 0.3737980769230769 0.06009615384615385 0.06009615384615385 0.0625