0 0.32211538461538464 0.40384615384615385 0.09134615384615384 0.1201923076923077
0 0.078125 0.42908653846153844 0.09375 0.07451923076923077
0 0.22115384615384615 0.4387019230769231 0.07211538461538461 0.06971153846153846
0 0.10817307692307693 0.1658653846153846 0.07692307692307693 0.052884615384615384
0 0.5408653846153846 0.18990384615384615 0.038461538461538464 0.03365384615384615
0 0.23557692307692307 0.21033653846153846 0.0673076923076923 0.06490384615384616
0 0.29927884615384615 0.21514423076923078 0.06009615384615385 0.06009615384615385
0 0.22115384615384615 0.31971153846153844 0.08653846153846154 0.07692307692307693
0 0.10817307692307693 0.02403846153846154 0.07692307692307693 0.04807692307692308
0 0.5408653846153846 0.007211538461538462 0.038461538461538464 0.014423076923076924
0 0.7175480769230769 0.5192307692307693 0.055288461538461536 0.019230769230769232
0 0.734375 0.2283653846153846 0.05048076923076923 0.0625
0 0.6069711538461539 0.25721153846153844 0.036057692307692304 0.08653846153846154
0 0.4074519230769231 0.7151442307692307 0.03125 0.04567307692307692
0 0.6177884615384616 0.7115384615384616 0.03365384615384615 0.038461538461538464
0 0.8918269230769231 0.8329326923076923 0.04326923076923077 0.040865384615384616
0 0.6057692307692307 0.8533653846153846 0.03365384615384615 0.04326923076923077
0 0.7463942307692307 0.8918269230769231 0.036057692307692304 0.038461538461538464
0 0.9963942307692307 0.9290865384615384 0.007211538461538462 0.04567307692307692
0 0.6081730769230769 0.9519230769230769 0.038461538461538464 0.052884615384615384