0 0.6514423076923077 0.49278846153846156 0.09134615384615384 0.1201923076923077
0 0.4074519230769231 0.5180288461538461 0.09375 0.07451923076923077
0 0.5504807692307693 0.5276442307692307 0.07211538461538461 0.06971153846153846
0 0.49038461538461536 0.6850961538461539 0.0673076923076923 0.057692307692307696
0 0.4254807692307692 0.7259615384615384 0.07692307692307693 0.052884615384615384
0 0.7740384615384616 0.7848557692307693 0.07211538461538461 0.06009615384615385
0 0.4375 0.2548076923076923 0.07692307692307693 0.052884615384615384
0 0.8701923076923077 0.27884615384615385 0.038461538461538464 0.03365384615384615
0 0.5649038461538461 0.29927884615384615 0.0673076923076923 0.06490384615384616
0 0.6286057692307693 0.30408653846153844 0.06009615384615385 0.06009615384615385
0 0.5504807692307693 0.40865384615384615 0.08653846153846154 0.07692307692307693
0 0.49038461538461536 0.9495192307692307 0.0673076923076923 0.057692307692307696
0 0.4254807692307692 0.9086538461538461 0.07692307692307693 0.052884615384615384
0 0.7740384615384616 0.8521634615384616 0.07211538461538461 0.06009615384615385
0 0.4375 0.11057692307692307 0.07692307692307693 0.052884615384615384
0 0.8701923076923077 0.08653846153846154 0.038461538461538464 0.03365384615384615
0 0.5649038461538461 0.06850961538461539 0.0673076923076923 0.06490384615384616
0 0.6286057692307693 0.06370192307692307 0.06009615384615385 0.06009615384615385