0 0.2283653846153846 0.328125 0.0673076923076923 0.06009615384615385
0 0.2932692307692308 0.36899038461538464 0.07692307692307693 0.055288461538461536
0 0.16826923076923078 0.04927884615384615 0.08653846153846154 0.07932692307692307
0 0.0673076923076923 0.13341346153846154 0.09134615384615384 0.12259615384615384
0 0.3088942307692308 0.15865384615384615 0.09375 0.07692307692307693
0 0.16826923076923078 0.16826923076923078 0.07211538461538461 0.07211538461538461
0 0.2283653846153846 0.5805288461538461 0.0673076923076923 0.055288461538461536
0 0.2932692307692308 0.5420673076923077 0.07692307692307693 0.055288461538461536
0 0.2091346153846154 0.8846153846153846 0.028846153846153848 0.038461538461538464
0 0.44471153846153844 0.9783653846153846 0.07692307692307693 0.04326923076923077
0 0.14302884615384615 0.9807692307692307 0.10336538461538461 0.038461538461538464
0 0.3581730769230769 0.6274038461538461 0.0625 0.038461538461538464
0 0.10096153846153846 0.6887019230769231 0.057692307692307696 0.026442307692307692
0 0.078125 0.7536057692307693 0.08413461538461539 0.07451923076923077
0 0.4182692307692308 0.7644230769230769 0.052884615384615384 0.04326923076923077
0 0.16346153846153846 0.7992788461538461 0.038461538461538464 0.036057692307692304
0 0.24158653846153846 0.8317307692307693 0.036057692307692304 0.028846153846153848
0 0.6286057692307693 0.9951923076923077 0.05048076923076923 0.009615384615384616