0 0.3016826923076923 0.36177884615384615 0.09375 0.07451923076923077
0 0.44471153846153844 0.3713942307692308 0.07211538461538461 0.06971153846153846
0 0.38461538461538464 0.5288461538461539 0.0673076923076923 0.057692307692307696
0 0.31971153846153844 0.5697115384615384 0.07692307692307693 0.052884615384615384
0 0.3317307692307692 0.0985576923076923 0.07692307692307693 0.052884615384615384
0 0.45913461538461536 0.14302884615384615 0.0673076923076923 0.06490384615384616
0 0.5012019230769231 0.14783653846153846 0.016826923076923076 0.06009615384615385
0 0.44471153846153844 0.25240384615384615 0.08653846153846154 0.07692307692307693
0 0.7103365384615384 0.49759615384615385 0.04567307692307692 0.038461538461538464
0 0.018028846153846152 0.7872596153846154 0.036057692307692304 0.040865384615384616
0 0.003605769230769231 0.8100961538461539 0.007211538461538462 0.02403846153846154
0 0.14302884615384615 0.9014423076923077 0.03125 0.02403846153846154
0 0.16706730769230768 0.9771634615384616 0.036057692307692304 0.040865384615384616
0 0.7932692307692307 0.8461538461538461 0.028846153846153848 0.019230769230769232