0 0.17067307692307693 0.04807692307692308 0.03365384615384615 0.03365384615384615
0 0.19831730769230768 0.2283653846153846 0.06971153846153846 0.0673076923076923
0 0.2920673076923077 0.29927884615384615 0.06971153846153846 0.05048076923076923
0 0.27403846153846156 0.37259615384615385 0.0673076923076923 0.0625
0 0.27403846153846156 0.5192307692307693 0.0673076923076923 0.057692307692307696
0 0.9747596153846154 0.3605769230769231 0.05048076923076923 0.10576923076923077
0 0.6610576923076923 0.49278846153846156 0.10576923076923077 0.09134615384615384
0 0.5108173076923077 0.4987980769230769 0.06490384615384616 0.07932692307692307
0 0.8413461538461539 0.11298076923076923 0.11538461538461539 0.07692307692307693
0 0.7103365384615384 0.24879807692307693 0.1466346153846154 0.13221153846153846
0 0.46634615384615385 0.5865384615384616 0.02403846153846154 0.04326923076923077