0 0.8245192307692307 0.45913461538461536 0.03365384615384615 0.03365384615384615
0 0.2800480769230769 0.46634615384615385 0.04567307692307692 0.04326923076923077
0 0.39903846153846156 0.53125 0.057692307692307696 0.057692307692307696
0 0.15985576923076922 0.5396634615384616 0.05048076923076923 0.026442307692307692
0 0.49158653846153844 0.5612980769230769 0.06490384615384616 0.04567307692307692
0 0.33533653846153844 0.5841346153846154 0.09375 0.0625
0 0.20432692307692307 0.6045673076923077 0.038461538461538464 0.05048076923076923
0 0.46875 0.6057692307692307 0.04807692307692308 0.03365384615384615
0 0.796875 0.6382211538461539 0.06490384615384616 0.07932692307692307
0 0.2764423076923077 0.6538461538461539 0.07211538461538461 0.052884615384615384
0 0.18028846153846154 0.6742788461538461 0.057692307692307696 0.04567307692307692
0 0.7055288461538461 0.7079326923076923 0.06971153846153846 0.05048076923076923
0 0.3870192307692308 0.7536057692307693 0.07211538461538461 0.04567307692307692
0 0.28725961538461536 0.7800480769230769 0.06009615384615385 0.06009615384615385
0 0.7211538461538461 0.78125 0.0673076923076923 0.0625
0 0.41947115384615385 0.2644230769230769 0.06009615384615385 0.0625
0 0.4651442307692308 0.27283653846153844 0.06490384615384616 0.06971153846153846
0 0.7259615384615384 0.3004807692307692 0.0673076923076923 0.057692307692307696
0 0.3870192307692308 0.9699519230769231 0.07211538461538461 0.04567307692307692
0 0.28725961538461536 0.9435096153846154 0.06009615384615385 0.06009615384615385
0 0.7211538461538461 0.9399038461538461 0.0673076923076923 0.0625
0 0.4182692307692308 0.02403846153846154 0.0625 0.04807692307692308
0 0.4639423076923077 0.021634615384615384 0.0673076923076923 0.04326923076923077