0 0.35096153846153844 0.34134615384615385 0.03365384615384615 0.03365384615384615
0 0.025240384615384616 0.44350961538461536 0.05048076923076923 0.04567307692307692
0 0.009615384615384616 0.4879807692307692 0.019230769230769232 0.03365384615384615
0 0.3233173076923077 0.4951923076923077 0.06490384615384616 0.028846153846153848
0 0.01201923076923077 0.15504807692307693 0.02403846153846154 0.06971153846153846
0 0.25240384615384615 0.18269230769230768 0.0673076923076923 0.057692307692307696
0 0.7259615384615384 0.11538461538461539 0.04326923076923077 0.038461538461538464
0 0.8305288461538461 0.13581730769230768 0.05048076923076923 0.05048076923076923
0 0.6598557692307693 0.14903846153846154 0.036057692307692304 0.04326923076923077
0 0.6165865384615384 0.16105769230769232 0.05048076923076923 0.038461538461538464
0 0.7379807692307693 0.18028846153846154 0.028846153846153848 0.038461538461538464
0 0.6021634615384616 0.20673076923076922 0.05048076923076923 0.04326923076923077
0 0.7055288461538461 0.2127403846153846 0.036057692307692304 0.026442307692307692
0 0.5817307692307693 0.24278846153846154 0.04326923076923077 0.028846153846153848
0 0.5817307692307693 0.29086538461538464 0.038461538461538464 0.04326923076923077
0 0.7319711538461539 0.29927884615384615 0.06971153846153846 0.05048076923076923
0 0.46875 0.34134615384615385 0.04326923076923077 0.04326923076923077
0 0.6129807692307693 0.3425480769230769 0.038461538461538464 0.04567307692307692
0 0.9098557692307693 0.38822115384615385 0.04567307692307692 0.05048076923076923
0 0.6418269230769231 0.004807692307692308 0.04326923076923077 0.009615384615384616
0 0.8641826923076923 0.013221153846153846 0.036057692307692304 0.026442307692307692
0 0.8040865384615384 0.028846153846153848 0.04567307692307692 0.057692307692307696
0 0.6959134615384616 0.03365384615384615 0.06009615384615385 0.052884615384615384
0 0.6021634615384616 0.05048076923076923 0.05048076923076923 0.052884615384615384
0 0.6694711538461539 0.06971153846153846 0.05048076923076923 0.028846153846153848
0 0.6995192307692307 0.09254807692307693 0.04326923076923077 0.05048076923076923
0 0.5637019230769231 0.0985576923076923 0.04567307692307692 0.03365384615384615
0 0.6394230769230769 0.5516826923076923 0.02403846153846154 0.016826923076923076
0 0.5588942307692307 0.8870192307692307 0.036057692307692304 0.028846153846153848
0 0.6646634615384616 0.921875 0.055288461538461536 0.05048076923076923