0 0.042067307692307696 0.055288461538461536 0.04567307692307692 0.04326923076923077
0 0.16105769230769232 0.1201923076923077 0.057692307692307696 0.057692307692307696
0 0.2536057692307692 0.1502403846153846 0.06490384615384616 0.04567307692307692
0 0.09735576923076923 0.17307692307692307 0.09375 0.0625
0 0.23076923076923078 0.19471153846153846 0.04807692307692308 0.03365384615384615
0 0.038461538461538464 0.24278846153846154 0.07211538461538461 0.052884615384615384
0 0.45552884615384615 0.296875 0.04567307692307692 0.05048076923076923
0 0.14903846153846154 0.3425480769230769 0.07211538461538461 0.04567307692307692
0 0.04927884615384615 0.36899038461538464 0.06009615384615385 0.06009615384615385
0 0.4639423076923077 0.3701923076923077 0.028846153846153848 0.0625
0 0.04927884615384615 0.5108173076923077 0.06009615384615385 0.016826923076923076
0 0.5769230769230769 0.24278846153846154 0.03365384615384615 0.04807692307692308
0 0.9387019230769231 0.4206730769230769 0.05048076923076923 0.04326923076923077
0 0.3161057692307692 0.5709134615384616 0.07932692307692307 0.07451923076923077
0 0.11899038461538461 0.8413461538461539 0.06971153846153846 0.057692307692307696
0 0.8533653846153846 0.5408653846153846 0.052884615384615384 0.04326923076923077
0 0.6682692307692307 0.6165865384615384 0.038461538461538464 0.040865384615384616
0 0.7487980769230769 0.6670673076923077 0.04567307692307692 0.040865384615384616
0 0.8028846153846154 0.6790865384615384 0.02403846153846154 0.03125
0 0.7572115384615384 0.7319711538461539 0.052884615384615384 0.040865384615384616
0 0.7944711538461539 0.7427884615384616 0.04567307692307692 0.038461538461538464
0 0.8497596153846154 0.7824519230769231 0.03125 0.036057692307692304
0 0.9651442307692307 0.8533653846153846 0.06009615384615385 0.052884615384615384