0 0.17548076923076922 0.46153846153846156 0.03365384615384615 0.03365384615384615
0 0.7223557692307693 0.46875 0.04567307692307692 0.04326923076923077
0 0.6009615384615384 0.5336538461538461 0.057692307692307696 0.057692307692307696
0 0.8425480769230769 0.5420673076923077 0.05048076923076923 0.026442307692307692
0 0.5108173076923077 0.5637019230769231 0.06490384615384616 0.04567307692307692
0 0.6670673076923077 0.5865384615384616 0.09375 0.0625
0 0.7956730769230769 0.6069711538461539 0.038461538461538464 0.05048076923076923
0 0.53125 0.6081730769230769 0.04807692307692308 0.03365384615384615
0 0.203125 0.6418269230769231 0.06971153846153846 0.0673076923076923
0 0.7235576923076923 0.65625 0.07211538461538461 0.052884615384615384
0 0.8197115384615384 0.6766826923076923 0.057692307692307696 0.04567307692307692
0 0.296875 0.7127403846153846 0.06971153846153846 0.05048076923076923
0 0.6129807692307693 0.7584134615384616 0.07211538461538461 0.04567307692307692
0 0.7151442307692307 0.7848557692307693 0.06009615384615385 0.06009615384615385
0 0.27884615384615385 0.7860576923076923 0.0673076923076923 0.0625
0 0.5829326923076923 0.2644230769230769 0.06009615384615385 0.0625
0 0.5372596153846154 0.27283653846153844 0.06490384615384616 0.06971153846153846
0 0.27403846153846156 0.3004807692307692 0.0673076923076923 0.057692307692307696
0 0.2956730769230769 0.9903846153846154 0.07211538461538461 0.014423076923076924
0 0.6129807692307693 0.9651442307692307 0.07211538461538461 0.04567307692307692
0 0.7151442307692307 0.9387019230769231 0.06009615384615385 0.06009615384615385
0 0.27884615384615385 0.9350961538461539 0.0673076923076923 0.0625
0 0.5817307692307693 0.02403846153846154 0.0625 0.04807692307692308
0 0.5360576923076923 0.021634615384615384 0.0673076923076923 0.04326923076923077