0 0.5 0.25721153846153844 0.057692307692307696 0.11538461538461539
0 0.2860576923076923 0.3641826923076923 0.052884615384615384 0.055288461538461536
0 0.10096153846153846 0.4423076923076923 0.038461538461538464 0.03365384615384615
0 0.47836538461538464 0.16706730769230768 0.04807692307692308 0.06490384615384616
0 0.32572115384615385 0.18269230769230768 0.06490384615384616 0.0625
0 0.9483173076923077 0.28125 0.07451923076923077 0.10096153846153846
0 0.9471153846153846 0.42427884615384615 0.07692307692307693 0.06971153846153846
0 0.3762019230769231 0.6526442307692307 0.03125 0.03125
0 0.11658653846153846 0.6646634615384616 0.016826923076923076 0.03125
0 0.1658653846153846 0.9411057692307693 0.02403846153846154 0.026442307692307692
0 0.16947115384615385 0.9675480769230769 0.03125 0.026442307692307692
0 0.9134615384615384 0.46274038461538464 0.028846153846153848 0.007211538461538462