0 0.18028846153846154 0.3112980769230769 0.052884615384615384 0.055288461538461536
0 0.007211538461538462 0.39302884615384615 0.014423076923076924 0.040865384615384616
0 0.07572115384615384 0.44350961538461536 0.04567307692307692 0.040865384615384616
0 0.12980769230769232 0.45552884615384615 0.02403846153846154 0.03125
0 0.08413461538461539 0.5036057692307693 0.052884615384615384 0.03125
0 0.12139423076923077 0.5096153846153846 0.04567307692307692 0.019230769230769232
0 0.21995192307692307 0.12980769230769232 0.06490384615384616 0.0625
0 0.6730769230769231 0.28966346153846156 0.04807692307692308 0.04567307692307692
0 0.5216346153846154 0.390625 0.04326923076923077 0.040865384615384616
0 0.052884615384615384 0.859375 0.07692307692307693 0.055288461538461536
0 0.11057692307692307 0.9639423076923077 0.11057692307692307 0.07211538461538461
0 0.18269230769230768 0.7403846153846154 0.07211538461538461 0.057692307692307696
0 0.984375 0.75 0.03125 0.1201923076923077