0 0.7355769230769231 0.3125 0.15865384615384615 0.11538461538461539
0 0.9579326923076923 0.3137019230769231 0.07932692307692307 0.10336538461538461
0 0.7716346153846154 0.4170673076923077 0.04807692307692308 0.055288461538461536
0 0.47115384615384615 0.41947115384615385 0.052884615384615384 0.055288461538461536
0 0.2860576923076923 0.5012019230769231 0.038461538461538464 0.040865384615384616
0 0.36658653846153844 0.5516826923076923 0.04567307692307692 0.040865384615384616
0 0.4206730769230769 0.5637019230769231 0.02403846153846154 0.03125
0 0.375 0.6165865384615384 0.052884615384615384 0.040865384615384616
0 0.41225961538461536 0.6274038461538461 0.04567307692307692 0.038461538461538464
0 0.6382211538461539 0.6442307692307693 0.06009615384615385 0.0673076923076923
0 0.4675480769230769 0.6670673076923077 0.03125 0.036057692307692304
0 0.5829326923076923 0.7379807692307693 0.06009615384615385 0.052884615384615384
0 0.8485576923076923 0.20552884615384615 0.08173076923076923 0.07932692307692307
0 0.6634615384615384 0.22235576923076922 0.04807692307692308 0.06490384615384616
0 0.5108173076923077 0.23798076923076922 0.06490384615384616 0.0625