0 0.5096153846153846 0.24879807692307693 0.07692307692307693 0.06490384615384616
0 0.7992788461538461 0.2932692307692308 0.06490384615384616 0.07692307692307693
0 0.671875 0.03245192307692308 0.06490384615384616 0.05048076923076923
0 0.5384615384615384 0.44350961538461536 0.08173076923076923 0.06009615384615385
0 0.9387019230769231 0.5504807692307693 0.06009615384615385 0.0673076923076923
0 0.5108173076923077 0.6382211538461539 0.06971153846153846 0.055288461538461536
0 0.65625 0.6850961538461539 0.08653846153846154 0.08173076923076923
0 0.234375 0.7800480769230769 0.06971153846153846 0.06009615384615385
0 0.09495192307692307 0.9338942307692307 0.05048076923076923 0.05048076923076923
0 0.8762019230769231 0.16466346153846154 0.06971153846153846 0.055288461538461536
0 0.7487980769230769 0.17427884615384615 0.06971153846153846 0.06009615384615385