0 0.11658653846153846 0.030048076923076924 0.06490384615384616 0.06009615384615385
0 0.23798076923076922 0.27884615384615385 0.02403846153846154 0.0673076923076923
0 0.4807692307692308 0.24519230769230768 0.052884615384615384 0.04326923076923077
0 0.6947115384615384 0.7548076923076923 0.04326923076923077 0.038461538461538464
0 0.5901442307692307 0.7848557692307693 0.05048076923076923 0.05048076923076923
0 0.7632211538461539 0.7884615384615384 0.036057692307692304 0.04326923076923077
0 0.8064903846153846 0.8004807692307693 0.05048076923076923 0.038461538461538464
0 0.6826923076923077 0.8197115384615384 0.028846153846153848 0.038461538461538464
0 0.6310096153846154 0.8449519230769231 0.036057692307692304 0.04567307692307692
0 0.8209134615384616 0.8461538461538461 0.05048076923076923 0.04326923076923077
0 0.7175480769230769 0.8521634615384616 0.036057692307692304 0.026442307692307692
0 0.8389423076923077 0.8822115384615384 0.04326923076923077 0.028846153846153848
0 0.8389423076923077 0.9302884615384616 0.038461538461538464 0.04326923076923077
0 0.6911057692307693 0.9387019230769231 0.06971153846153846 0.05048076923076923
0 0.3629807692307692 0.9567307692307693 0.057692307692307696 0.057692307692307696
0 0.9519230769230769 0.9795673076923077 0.04326923076923077 0.040865384615384616
0 0.8076923076923077 0.9795673076923077 0.038461538461538464 0.040865384615384616
0 0.7788461538461539 0.6298076923076923 0.04326923076923077 0.04326923076923077
0 0.5588942307692307 0.6490384615384616 0.036057692307692304 0.038461538461538464
0 0.7271634615384616 0.6754807692307693 0.06009615384615385 0.052884615384615384
0 0.8209134615384616 0.6923076923076923 0.05048076923076923 0.052884615384615384
0 0.7536057692307693 0.7115384615384616 0.05048076923076923 0.028846153846153848
0 0.7211538461538461 0.7319711538461539 0.04326923076923077 0.05048076923076923
0 0.859375 0.7379807692307693 0.04567307692307692 0.03365384615384615