0 0.23317307692307693 0.19831730769230768 0.07692307692307693 0.06490384615384616
0 0.5228365384615384 0.24278846153846154 0.06490384615384616 0.07692307692307693
0 0.2620192307692308 0.39302884615384615 0.08173076923076923 0.06009615384615385
0 0.5997596153846154 0.1141826923076923 0.06971153846153846 0.055288461538461536
0 0.4723557692307692 0.12379807692307693 0.06971153846153846 0.06009615384615385
0 0.4266826923076923 0.9723557692307693 0.06009615384615385 0.055288461538461536
0 0.5588942307692307 0.7283653846153846 0.06971153846153846 0.057692307692307696
0 0.3269230769230769 0.7716346153846154 0.04807692307692308 0.038461538461538464
0 0.5588942307692307 0.5697115384615384 0.06971153846153846 0.057692307692307696
0 0.3269230769230769 0.5264423076923077 0.04807692307692308 0.038461538461538464
0 0.7728365384615384 0.8353365384615384 0.040865384615384616 0.026442307692307692
0 0.7283653846153846 0.5588942307692307 0.03365384615384615 0.03125
0 0.8425480769230769 0.6586538461538461 0.036057692307692304 0.03365384615384615
0 0.7007211538461539 0.6838942307692307 0.021634615384615384 0.05048076923076923