0 0.2091346153846154 0.6081730769230769 0.11538461538461539 0.11057692307692307
0 0.3425480769230769 0.625 0.07932692307692307 0.07692307692307693
0 0.4375 0.6370192307692307 0.09134615384615384 0.08173076923076923
0 0.5889423076923077 0.6850961538461539 0.07692307692307693 0.0673076923076923
0 0.5600961538461539 0.8028846153846154 0.0625 0.04807692307692308
0 0.8533653846153846 0.2548076923076923 0.052884615384615384 0.04807692307692308
0 0.12620192307692307 0.31850961538461536 0.06490384615384616 0.05048076923076923
0 0.4098557692307692 0.4170673076923077 0.05048076923076923 0.036057692307692304
0 0.18389423076923078 0.41586538461538464 0.07932692307692307 0.08173076923076923
0 0.2824519230769231 0.41586538461538464 0.07932692307692307 0.0673076923076923
0 0.47115384615384615 0.4579326923076923 0.07692307692307693 0.06009615384615385
0 0.71875 0.4831730769230769 0.0625 0.04326923076923077
0 0.8978365384615384 0.4855769230769231 0.06490384615384616 0.0673076923076923
0 0.8016826923076923 0.49278846153846156 0.09375 0.09134615384615384
0 0.5901442307692307 0.9783653846153846 0.07932692307692307 0.038461538461538464
0 0.5600961538461539 0.875 0.0625 0.04807692307692308
0 0.8533653846153846 0.0673076923076923 0.052884615384615384 0.04807692307692308
0 0.125 0.015625 0.0673076923076923 0.03125