0 0.12980769230769232 0.47596153846153844 0.11538461538461539 0.11057692307692307
0 0.26322115384615385 0.49278846153846156 0.07932692307692307 0.07692307692307693
0 0.3581730769230769 0.5048076923076923 0.09134615384615384 0.08173076923076923
0 0.4855769230769231 0.5528846153846154 0.028846153846153848 0.0673076923076923
0 0.47475961538461536 0.6526442307692307 0.05048076923076923 0.01201923076923077
0 0.046875 0.18629807692307693 0.06490384615384616 0.05048076923076923
0 0.33052884615384615 0.2848557692307692 0.05048076923076923 0.036057692307692304
0 0.1045673076923077 0.28365384615384615 0.07932692307692307 0.08173076923076923
0 0.203125 0.28365384615384615 0.07932692307692307 0.0673076923076923
0 0.3918269230769231 0.32572115384615385 0.07692307692307693 0.06009615384615385
0 0.5985576923076923 0.2776442307692308 0.057692307692307696 0.055288461538461536
0 0.7079326923076923 0.2920673076923077 0.055288461538461536 0.055288461538461536
0 0.5745192307692307 0.1658653846153846 0.057692307692307696 0.0625
0 0.6754807692307693 0.2091346153846154 0.0625 0.052884615384615384
0 0.28125 0.8557692307692307 0.028846153846153848 0.03365384615384615
0 0.5733173076923077 0.8173076923076923 0.036057692307692304 0.052884615384615384