0 0.0625 0.5168269230769231 0.11538461538461539 0.11057692307692307
0 0.19591346153846154 0.5336538461538461 0.07932692307692307 0.07692307692307693
0 0.29086538461538464 0.5456730769230769 0.09134615384615384 0.08173076923076923
0 0.4423076923076923 0.59375 0.07692307692307693 0.0673076923076923
0 0.26322115384615385 0.32572115384615385 0.05048076923076923 0.036057692307692304
0 0.038461538461538464 0.3245192307692308 0.07692307692307693 0.08173076923076923
0 0.13581730769230768 0.3245192307692308 0.07932692307692307 0.0673076923076923
0 0.3245192307692308 0.36658653846153844 0.07692307692307693 0.06009615384615385
0 0.5721153846153846 0.3918269230769231 0.0625 0.04326923076923077
0 0.6382211538461539 0.4014423076923077 0.06009615384615385 0.09134615384615384
0 0.5841346153846154 0.9302884615384616 0.052884615384615384 0.04807692307692308