0 0.45552884615384615 0.1814903846153846 0.06009615384615385 0.06490384615384616
0 0.45552884615384615 0.4074519230769231 0.06009615384615385 0.06490384615384616
0 0.9134615384615384 0.13942307692307693 0.0625 0.07211538461538461
0 0.8425480769230769 0.24278846153846154 0.07451923076923077 0.07692307692307693
0 0.8689903846153846 0.039663461538461536 0.10336538461538461 0.07932692307692307
0 0.8449519230769231 0.9807692307692307 0.06971153846153846 0.038461538461538464
0 0.8846153846153846 0.9819711538461539 0.0625 0.036057692307692304
0 0.9663461538461539 0.7079326923076923 0.0673076923076923 0.05048076923076923
0 0.6838942307692307 0.7944711538461539 0.06971153846153846 0.040865384615384616
0 0.9290865384615384 0.9314903846153846 0.06971153846153846 0.06490384615384616
0 0.9663461538461539 0.578125 0.0673076923076923 0.05048076923076923