0 0.2127403846153846 0.171875 0.06009615384615385 0.06490384615384616
0 0.2127403846153846 0.39783653846153844 0.06009615384615385 0.06490384615384616
0 0.6334134615384616 0.203125 0.06009615384615385 0.036057692307692304
0 0.8677884615384616 0.30649038461538464 0.09134615384615384 0.10336538461538461
0 0.8786057692307693 0.38461538461538464 0.09375 0.08653846153846154
0 0.8605769230769231 0.4266826923076923 0.028846153846153848 0.03125
0 0.6310096153846154 0.14903846153846154 0.036057692307692304 0.038461538461538464
0 0.037259615384615384 0.8954326923076923 0.021634615384615384 0.036057692307692304
0 0.11899038461538461 0.9591346153846154 0.026442307692307692 0.028846153846153848
0 0.2548076923076923 0.9903846153846154 0.04326923076923077 0.019230769230769232
0 0.01201923076923077 0.9903846153846154 0.02403846153846154 0.019230769230769232
0 0.11538461538461539 0.9939903846153846 0.028846153846153848 0.01201923076923077
0 0.41346153846153844 0.8269230769230769 0.028846153846153848 0.03365384615384615
0 0.057692307692307696 0.8305288461538461 0.028846153846153848 0.026442307692307692
0 0.8497596153846154 0.9387019230769231 0.1658653846153846 0.12259615384615384
0 0.6021634615384616 0.9399038461538461 0.1658653846153846 0.1201923076923077
0 0.6201923076923077 0.8257211538461539 0.20192307692307693 0.15625