0 0.6634615384615384 0.5492788461538461 0.04807692307692308 0.040865384615384616
0 0.3401442307692308 0.5552884615384616 0.04567307692307692 0.038461538461538464
0 0.5120192307692307 0.5625 0.04807692307692308 0.038461538461538464
0 0.4230769230769231 0.5697115384615384 0.038461538461538464 0.03365384615384615
0 0.6971153846153846 0.5853365384615384 0.038461538461538464 0.03125
0 0.7632211538461539 0.703125 0.040865384615384616 0.040865384615384616
0 0.35096153846153844 0.23557692307692307 0.04807692307692308 0.03365384615384615
0 0.7632211538461539 0.7644230769230769 0.040865384615384616 0.038461538461538464
0 0.38341346153846156 0.27884615384615385 0.055288461538461536 0.04807692307692308
0 0.33653846153846156 0.30408653846153844 0.0625 0.04567307692307692
0 0.4375 0.3641826923076923 0.04807692307692308 0.04567307692307692
0 0.5 0.38461538461538464 0.038461538461538464 0.03365384615384615
0 0.4387019230769231 0.390625 0.03125 0.03125
0 0.3894230769230769 0.3918269230769231 0.03365384615384615 0.03365384615384615
0 0.2764423076923077 0.40384615384615385 0.04807692307692308 0.03365384615384615
0 0.6225961538461539 0.40865384615384615 0.038461538461538464 0.038461538461538464
0 0.34134615384615385 0.41225961538461536 0.04807692307692308 0.040865384615384616
0 0.6706730769230769 0.453125 0.04807692307692308 0.04567307692307692
0 0.4098557692307692 0.46634615384615385 0.04567307692307692 0.03365384615384615
0 0.59375 0.47475961538461536 0.04807692307692308 0.040865384615384616
0 0.6117788461538461 0.5192307692307693 0.040865384615384616 0.038461538461538464
0 0.7632211538461539 0.9314903846153846 0.040865384615384616 0.040865384615384616
0 0.35096153846153844 0.125 0.04807692307692308 0.03365384615384615
0 0.7632211538461539 0.8677884615384616 0.040865384615384616 0.038461538461538464
0 0.38341346153846156 0.08173076923076923 0.055288461538461536 0.04807692307692308
0 0.33653846153846156 0.05889423076923077 0.0625 0.04567307692307692
0 0.4387019230769231 0.010817307692307692 0.05048076923076923 0.021634615384615384