0 0.3389423076923077 0.19110576923076922 0.04807692307692308 0.040865384615384616
0 0.019230769230769232 0.1971153846153846 0.038461538461538464 0.038461538461538464
0 0.1875 0.20432692307692307 0.04807692307692308 0.038461538461538464
0 0.0985576923076923 0.21153846153846154 0.038461538461538464 0.03365384615384615
0 0.37259615384615385 0.22716346153846154 0.038461538461538464 0.03125
0 0.4387019230769231 0.3449519230769231 0.040865384615384616 0.040865384615384616
0 0.4387019230769231 0.40625 0.040865384615384616 0.038461538461538464
0 0.11298076923076923 0.014423076923076924 0.04807692307692308 0.028846153846153848
0 0.17548076923076922 0.026442307692307692 0.038461538461538464 0.03365384615384615
0 0.1141826923076923 0.03245192307692308 0.03125 0.03125
0 0.06490384615384616 0.03365384615384615 0.03365384615384615 0.03365384615384615
0 0.2980769230769231 0.05048076923076923 0.038461538461538464 0.038461538461538464
0 0.020432692307692308 0.054086538461538464 0.040865384615384616 0.040865384615384616
0 0.34615384615384615 0.09495192307692307 0.04807692307692308 0.04567307692307692
0 0.08533653846153846 0.10817307692307693 0.04567307692307692 0.03365384615384615
0 0.2692307692307692 0.11658653846153846 0.04807692307692308 0.040865384615384616
0 0.28725961538461536 0.16105769230769232 0.040865384615384616 0.038461538461538464
0 0.8245192307692307 0.20072115384615385 0.038461538461538464 0.026442307692307692
0 0.7427884615384616 0.4362980769230769 0.03365384615384615 0.007211538461538462
0 0.24278846153846154 0.9639423076923077 0.09615384615384616 0.07211538461538461
0 0.3161057692307692 0.9795673076923077 0.05048076923076923 0.040865384615384616
0 0.6850961538461539 0.5853365384615384 0.04807692307692308 0.05048076923076923
0 0.9879807692307693 0.59375 0.02403846153846154 0.04326923076923077
0 0.7944711538461539 0.6177884615384616 0.040865384615384616 0.04326923076923077
0 0.7475961538461539 0.6322115384615384 0.03365384615384615 0.038461538461538464
0 0.5420673076923077 0.6862980769230769 0.026442307692307692 0.05048076923076923
0 0.5901442307692307 0.734375 0.06490384615384616 0.055288461538461536
0 0.9134615384615384 0.7463942307692307 0.04807692307692308 0.055288461538461536
0 0.9723557692307693 0.8233173076923077 0.040865384615384616 0.04567307692307692
0 0.6622596153846154 0.4483173076923077 0.06490384615384616 0.016826923076923076
0 0.8870192307692307 0.4807692307692308 0.04807692307692308 0.038461538461538464
0 0.9819711538461539 0.48197115384615385 0.036057692307692304 0.06971153846153846
0 0.6838942307692307 0.5240384615384616 0.04567307692307692 0.04326923076923077
0 0.9038461538461539 0.5300480769230769 0.038461538461538464 0.03125
0 0.7427884615384616 0.5516826923076923 0.057692307692307696 0.04567307692307692