0 0.3605769230769231 0.49158653846153844 0.04807692307692308 0.040865384615384616
0 0.037259615384615384 0.49759615384615385 0.04567307692307692 0.038461538461538464
0 0.2091346153846154 0.5048076923076923 0.04807692307692308 0.038461538461538464
0 0.1201923076923077 0.5120192307692307 0.038461538461538464 0.03365384615384615
0 0.3942307692307692 0.5276442307692307 0.038461538461538464 0.03125
0 0.04807692307692308 0.1778846153846154 0.04807692307692308 0.03365384615384615
0 0.08052884615384616 0.22115384615384615 0.055288461538461536 0.04807692307692308
0 0.03365384615384615 0.24639423076923078 0.0625 0.04567307692307692
0 0.1346153846153846 0.30649038461538464 0.04807692307692308 0.04567307692307692
0 0.1971153846153846 0.3269230769230769 0.038461538461538464 0.03365384615384615
0 0.13581730769230768 0.3329326923076923 0.03125 0.03125
0 0.08653846153846154 0.33413461538461536 0.03365384615384615 0.03365384615384615
0 0.31971153846153844 0.35096153846153844 0.038461538461538464 0.038461538461538464
0 0.038461538461538464 0.3545673076923077 0.04807692307692308 0.040865384615384616
0 0.36778846153846156 0.3954326923076923 0.04807692307692308 0.04567307692307692
0 0.10697115384615384 0.40865384615384615 0.04567307692307692 0.03365384615384615
0 0.29086538461538464 0.4170673076923077 0.04807692307692308 0.040865384615384616
0 0.3088942307692308 0.46153846153846156 0.040865384615384616 0.038461538461538464
0 0.04807692307692308 0.0673076923076923 0.04807692307692308 0.03365384615384615
0 0.08052884615384616 0.02403846153846154 0.055288461538461536 0.04807692307692308
0 0.03365384615384615 0.01201923076923077 0.0625 0.02403846153846154
0 0.6430288461538461 0.4699519230769231 0.040865384615384616 0.040865384615384616
0 0.17908653846153846 0.578125 0.07932692307692307 0.040865384615384616
0 0.056490384615384616 0.6766826923076923 0.11298076923076923 0.11778846153846154
0 0.41346153846153844 0.7067307692307693 0.14903846153846154 0.11057692307692307
0 0.009615384615384616 0.7319711538461539 0.019230769230769232 0.07451923076923077
0 0.5096153846153846 0.8040865384615384 0.07211538461538461 0.05048076923076923
0 0.2403846153846154 0.9038461538461539 0.0625 0.057692307692307696
0 0.07932692307692307 0.9182692307692307 0.08173076923076923 0.057692307692307696
0 0.21153846153846154 0.9567307692307693 0.07692307692307693 0.0625
0 0.5576923076923077 0.9579326923076923 0.02403846153846154 0.08413461538461539
0 0.5228365384615384 0.9867788461538461 0.06971153846153846 0.026442307692307692
0 0.052884615384615384 0.9819711538461539 0.08173076923076923 0.036057692307692304