0 0.040865384615384616 0.22596153846153846 0.07692307692307693 0.0625
0 0.3629807692307692 0.24639423076923078 0.07692307692307693 0.055288461538461536
0 0.4206730769230769 0.35336538461538464 0.11057692307692307 0.07692307692307693
0 0.49278846153846156 0.12740384615384615 0.07211538461538461 0.057692307692307696
0 0.7752403846153846 0.43509615384615385 0.06490384615384616 0.052884615384615384
0 0.7271634615384616 0.5144230769230769 0.040865384615384616 0.0625
0 0.030048076923076924 0.6117788461538461 0.06009615384615385 0.04567307692307692
0 0.12379807692307693 0.8269230769230769 0.10817307692307693 0.11057692307692307
0 0.6586538461538461 0.6682692307692307 0.03365384615384615 0.03365384615384615
0 0.9807692307692307 0.7704326923076923 0.038461538461538464 0.04567307692307692
0 0.9951923076923077 0.8149038461538461 0.009615384615384616 0.03365384615384615
0 0.6862980769230769 0.8485576923076923 0.06971153846153846 0.0673076923076923
0 0.7800480769230769 0.9194711538461539 0.06971153846153846 0.05048076923076923
0 0.7620192307692307 0.9807692307692307 0.0673076923076923 0.038461538461538464