0 0.3425480769230769 0.12259615384615384 0.04567307692307692 0.04326923076923077
0 0.008413461538461538 0.16105769230769232 0.016826923076923076 0.038461538461538464
0 0.015625 0.22115384615384615 0.03125 0.04326923076923077
0 0.10336538461538461 0.25961538461538464 0.04807692307692308 0.04326923076923077
0 0.07211538461538461 0.31490384615384615 0.052884615384615384 0.04807692307692308
0 0.2127403846153846 0.03125 0.06490384615384616 0.0625
0 0.021634615384615384 0.06850961538461539 0.04326923076923077 0.04567307692307692
0 0.030048076923076924 0.6153846153846154 0.06009615384615385 0.08653846153846154
0 0.4987980769230769 0.8557692307692307 0.021634615384615384 0.038461538461538464
0 0.27163461538461536 0.8701923076923077 0.03365384615384615 0.052884615384615384
0 0.19591346153846154 0.8713942307692307 0.06009615384615385 0.06009615384615385
0 0.15625 0.8978365384615384 0.03365384615384615 0.036057692307692304
0 0.21033653846153846 0.9098557692307693 0.021634615384615384 0.026442307692307692
0 0.5252403846153846 0.9411057692307693 0.007211538461538462 0.036057692307692304
0 0.890625 0.6947115384615384 0.04567307692307692 0.028846153846153848
0 0.9939903846153846 0.8870192307692307 0.01201923076923077 0.028846153846153848