0 0.2620192307692308 0.30408653846153844 0.0625 0.036057692307692304
0 0.14302884615384615 0.35336538461538464 0.055288461538461536 0.04807692307692308
0 0.375 0.41225961538461536 0.038461538461538464 0.03125
0 0.06490384615384616 0.41586538461538464 0.038461538461538464 0.04326923076923077
0 0.22956730769230768 0.43509615384615385 0.036057692307692304 0.04326923076923077
0 0.1971153846153846 0.109375 0.038461538461538464 0.03125
0 0.22115384615384615 0.19951923076923078 0.04807692307692308 0.038461538461538464
0 0.31971153846153844 0.23317307692307693 0.04807692307692308 0.038461538461538464
0 0.11177884615384616 0.2980769230769231 0.05048076923076923 0.04326923076923077
0 0.9723557692307693 0.3918269230769231 0.04567307692307692 0.04326923076923077
0 0.8509615384615384 0.4567307692307692 0.057692307692307696 0.057692307692307696
0 0.7608173076923077 0.48677884615384615 0.06490384615384616 0.04567307692307692
0 0.9170673076923077 0.5096153846153846 0.09375 0.0625
0 0.78125 0.53125 0.04807692307692308 0.03365384615384615
0 0.96875 0.5709134615384616 0.0625 0.036057692307692304
0 0.8329326923076923 0.1875 0.06009615384615385 0.0625
0 0.7872596153846154 0.19591346153846154 0.06490384615384616 0.06971153846153846
0 0.5240384615384616 0.22355769230769232 0.0673076923076923 0.057692307692307696
0 0.31971153846153844 0.8581730769230769 0.11057692307692307 0.08653846153846154
0 0.27524038461538464 0.7103365384615384 0.05048076923076923 0.036057692307692304
0 0.5889423076923077 0.9867788461538461 0.028846153846153848 0.026442307692307692