0 0.4050480769230769 0.07932692307692307 0.04567307692307692 0.04326923076923077
0 0.056490384615384616 0.11778846153846154 0.04567307692307692 0.038461538461538464
0 0.07572115384615384 0.1778846153846154 0.036057692307692304 0.04326923076923077
0 0.1658653846153846 0.21634615384615385 0.04807692307692308 0.04326923076923077
0 0.02283653846153846 0.22235576923076922 0.04567307692307692 0.036057692307692304
0 0.1346153846153846 0.27163461538461536 0.052884615384615384 0.04807692307692308
0 0.04807692307692308 0.35336538461538464 0.03365384615384615 0.04326923076923077
0 0.27524038461538464 0.009615384615384616 0.06490384615384616 0.019230769230769232
0 0.08173076923076923 0.025240384615384616 0.04807692307692308 0.04567307692307692
0 0.8701923076923077 0.3389423076923077 0.04326923076923077 0.03365384615384615
0 0.7752403846153846 0.4543269230769231 0.040865384615384616 0.03365384615384615
0 0.9879807692307693 0.0889423076923077 0.02403846153846154 0.057692307692307696
0 0.5805288461538461 0.8918269230769231 0.04567307692307692 0.038461538461538464