0 0.7367788461538461 0.2620192307692308 0.04567307692307692 0.04326923076923077
0 0.38822115384615385 0.3004807692307692 0.04567307692307692 0.038461538461538464
0 0.28966346153846156 0.33413461538461536 0.04567307692307692 0.038461538461538464
0 0.4074519230769231 0.3605769230769231 0.036057692307692304 0.04326923076923077
0 0.49759615384615385 0.39903846153846156 0.04807692307692308 0.04326923076923077
0 0.3473557692307692 0.4050480769230769 0.06009615384615385 0.036057692307692304
0 0.46634615384615385 0.4543269230769231 0.052884615384615384 0.04807692307692308
0 0.234375 0.5132211538461539 0.036057692307692304 0.03125
0 0.3798076923076923 0.5360576923076923 0.03365384615384615 0.04326923076923077
0 0.6069711538461539 0.16826923076923078 0.06490384615384616 0.0673076923076923
0 0.41346153846153844 0.20793269230769232 0.04807692307692308 0.04567307692307692