0 0.5024038461538461 0.4423076923076923 0.04807692307692308 0.03365384615384615
0 0.2932692307692308 0.4483173076923077 0.038461538461538464 0.040865384615384616
0 0.23557692307692307 0.4483173076923077 0.052884615384615384 0.06009615384615385
0 0.17427884615384615 0.45072115384615385 0.06009615384615385 0.040865384615384616
0 0.5300480769230769 0.4639423076923077 0.04567307692307692 0.03365384615384615
0 0.08774038461538461 0.4651442307692308 0.06009615384615385 0.055288461538461536
0 0.13581730769230768 0.4807692307692308 0.036057692307692304 0.038461538461538464
0 0.4206730769230769 0.49278846153846156 0.03365384615384615 0.04807692307692308
0 0.26802884615384615 0.5276442307692307 0.04567307692307692 0.040865384615384616
0 0.6177884615384616 0.5300480769230769 0.03365384615384615 0.040865384615384616
0 0.49278846153846156 0.5492788461538461 0.07692307692307693 0.040865384615384616
0 0.018028846153846152 0.5552884615384616 0.026442307692307692 0.038461538461538464
0 0.21875 0.5625 0.03365384615384615 0.03365384615384615
0 0.25961538461538464 0.5637019230769231 0.03365384615384615 0.04567307692307692
0 0.36538461538461536 0.5913461538461539 0.04807692307692308 0.03365384615384615
0 0.39783653846153844 0.6009615384615384 0.040865384615384616 0.038461538461538464
0 0.5432692307692307 0.6045673076923077 0.04326923076923077 0.040865384615384616
0 0.6069711538461539 0.6478365384615384 0.055288461538461536 0.04567307692307692
0 0.1778846153846154 0.6526442307692307 0.038461538461538464 0.04567307692307692
0 0.39663461538461536 0.6550480769230769 0.0673076923076923 0.036057692307692304
0 0.6394230769230769 0.6850961538461539 0.04326923076923077 0.03365384615384615
0 0.20192307692307693 0.7391826923076923 0.04807692307692308 0.03125
0 0.19230769230769232 0.23918269230769232 0.052884615384615384 0.04567307692307692
0 0.2283653846153846 0.28365384615384615 0.052884615384615384 0.052884615384615384
0 0.19110576923076922 0.3389423076923077 0.04567307692307692 0.04807692307692308
0 0.18389423076923078 0.38221153846153844 0.040865384615384616 0.04807692307692308
0 0.2932692307692308 0.4050480769230769 0.04807692307692308 0.040865384615384616
0 0.6057692307692307 0.9795673076923077 0.057692307692307696 0.036057692307692304
0 0.17908653846153846 0.9771634615384616 0.040865384615384616 0.040865384615384616
0 0.39663461538461536 0.9795673076923077 0.0673076923076923 0.036057692307692304
0 0.6394230769230769 0.9471153846153846 0.04326923076923077 0.03365384615384615
0 0.20192307692307693 0.8954326923076923 0.04807692307692308 0.03125
0 0.19230769230769232 0.12379807692307693 0.052884615384615384 0.04567307692307692
0 0.2283653846153846 0.07692307692307693 0.052884615384615384 0.052884615384615384
0 0.18990384615384615 0.02403846153846154 0.04807692307692308 0.04807692307692308