0 0.15384615384615385 0.34375 0.04807692307692308 0.03365384615384615
0 0.1814903846153846 0.36538461538461536 0.04567307692307692 0.03365384615384615
0 0.07211538461538461 0.3942307692307692 0.03365384615384615 0.04807692307692308
0 0.2692307692307692 0.43149038461538464 0.03365384615384615 0.040865384615384616
0 0.14423076923076922 0.45072115384615385 0.07692307692307693 0.040865384615384616
0 0.020432692307692308 0.48197115384615385 0.040865384615384616 0.01201923076923077
0 0.9783653846153846 0.2608173076923077 0.03365384615384615 0.040865384615384616
0 0.78125 0.036057692307692304 0.04326923076923077 0.04326923076923077
0 0.05048076923076923 0.71875 0.03365384615384615 0.038461538461538464
0 0.3245192307692308 0.8401442307692307 0.04326923076923077 0.040865384615384616
0 0.03485576923076923 0.8605769230769231 0.040865384615384616 0.04326923076923077
0 0.17908653846153846 0.8990384615384616 0.036057692307692304 0.038461538461538464
0 0.013221153846153846 0.9170673076923077 0.026442307692307692 0.04567307692307692
0 0.03125 0.9591346153846154 0.057692307692307696 0.052884615384615384
0 0.7355769230769231 0.8509615384615384 0.028846153846153848 0.019230769230769232