0 0.453125 0.09615384615384616 0.07451923076923077 0.038461538461538464
0 0.5793269230769231 0.140625 0.04807692307692308 0.03125
0 0.4110576923076923 0.14783653846153846 0.0625 0.04567307692307692
0 0.5492788461538461 0.1502403846153846 0.040865384615384616 0.036057692307692304
0 0.3425480769230769 0.19471153846153846 0.055288461538461536 0.04326923076923077
0 0.5540865384615384 0.20673076923076922 0.06490384615384616 0.028846153846153848
0 0.4182692307692308 0.014423076923076924 0.04326923076923077 0.028846153846153848
0 0.328125 0.07692307692307693 0.03125 0.038461538461538464
0 0.8870192307692307 0.057692307692307696 0.04326923076923077 0.028846153846153848
0 0.08173076923076923 0.9519230769230769 0.03365384615384615 0.038461538461538464
0 0.11177884615384616 0.9831730769230769 0.036057692307692304 0.028846153846153848
0 0.6274038461538461 0.8581730769230769 0.038461538461538464 0.052884615384615384
0 0.8774038461538461 0.9711538461538461 0.04326923076923077 0.057692307692307696