0 0.20673076923076922 0.3762019230769231 0.038461538461538464 0.040865384615384616
0 0.14903846153846154 0.3762019230769231 0.052884615384615384 0.06009615384615385
0 0.08774038461538461 0.3786057692307692 0.06009615384615385 0.040865384615384616
0 0.015625 0.39302884615384615 0.03125 0.055288461538461536
0 0.04927884615384615 0.40865384615384615 0.036057692307692304 0.038461538461538464
0 0.3329326923076923 0.4206730769230769 0.03125 0.04807692307692308
0 0.1814903846153846 0.45552884615384615 0.04567307692307692 0.040865384615384616
0 0.13221153846153846 0.49038461538461536 0.03365384615384615 0.03365384615384615
0 0.17307692307692307 0.49158653846153844 0.03365384615384615 0.04567307692307692
0 0.27884615384615385 0.5192307692307693 0.04807692307692308 0.03365384615384615
0 0.3112980769230769 0.5288461538461539 0.040865384615384616 0.038461538461538464
0 0.09134615384615384 0.5805288461538461 0.038461538461538464 0.04567307692307692
0 0.31009615384615385 0.5829326923076923 0.0673076923076923 0.036057692307692304
0 0.10576923076923077 0.16706730769230768 0.052884615384615384 0.04567307692307692
0 0.14182692307692307 0.21153846153846154 0.052884615384615384 0.052884615384615384
0 0.1045673076923077 0.2668269230769231 0.04567307692307692 0.04807692307692308
0 0.09735576923076923 0.31009615384615385 0.040865384615384616 0.04807692307692308
0 0.20673076923076922 0.3329326923076923 0.04807692307692308 0.040865384615384616
0 0.10576923076923077 0.051682692307692304 0.052884615384615384 0.04567307692307692
0 0.14182692307692307 0.015625 0.052884615384615384 0.03125
0 0.6947115384615384 0.9579326923076923 0.052884615384615384 0.05048076923076923
0 0.6009615384615384 0.9939903846153846 0.04326923076923077 0.01201923076923077