0 0.5060096153846154 0.5456730769230769 0.07451923076923077 0.038461538461538464
0 0.9819711538461539 0.5540865384615384 0.026442307692307692 0.036057692307692304
0 0.7379807692307693 0.5600961538461539 0.03365384615384615 0.04326923076923077
0 0.7788461538461539 0.5612980769230769 0.03365384615384615 0.03125
0 0.6322115384615384 0.5901442307692307 0.04807692307692308 0.03125
0 0.4639423076923077 0.5973557692307693 0.0625 0.04567307692307692
0 0.6021634615384616 0.5997596153846154 0.040865384615384616 0.036057692307692304
0 0.3954326923076923 0.6442307692307693 0.055288461538461536 0.04326923076923077
0 0.8209134615384616 0.6490384615384616 0.036057692307692304 0.04326923076923077
0 0.6069711538461539 0.65625 0.06490384615384616 0.028846153846153848
0 0.7956730769230769 0.7331730769230769 0.04807692307692308 0.028846153846153848
0 0.8064903846153846 0.23798076923076922 0.05048076923076923 0.04326923076923077
0 0.7704326923076923 0.2824519230769231 0.05048076923076923 0.05048076923076923
0 0.8076923076923077 0.33774038461538464 0.04326923076923077 0.04567307692307692
0 0.8161057692307693 0.38100961538461536 0.040865384615384616 0.04567307692307692
0 0.7043269230769231 0.40384615384615385 0.04807692307692308 0.038461538461538464
0 0.5372596153846154 0.4050480769230769 0.03125 0.04567307692307692
0 0.5048076923076923 0.4338942307692308 0.04807692307692308 0.03125
0 0.7055288461538461 0.44471153846153844 0.036057692307692304 0.038461538461538464
0 0.7632211538461539 0.44471153846153844 0.05048076923076923 0.057692307692307696
0 0.8245192307692307 0.44711538461538464 0.057692307692307696 0.038461538461538464
0 0.47115384615384615 0.46274038461538464 0.04326923076923077 0.03125
0 0.9110576923076923 0.46153846153846156 0.057692307692307696 0.052884615384615384
0 0.8665865384615384 0.49158653846153844 0.03125 0.06009615384615385
0 0.7307692307692307 0.5240384615384616 0.04326923076923077 0.038461538461538464
0 0.38100961538461536 0.5264423076923077 0.03125 0.038461538461538464
0 0.3942307692307692 0.9819711538461539 0.057692307692307696 0.03125
0 0.8197115384615384 0.9795673076923077 0.038461538461538464 0.036057692307692304
0 0.6069711538461539 0.9759615384615384 0.06490384615384616 0.028846153846153848
0 0.7956730769230769 0.8990384615384616 0.04807692307692308 0.028846153846153848
0 0.8064903846153846 0.12259615384615384 0.05048076923076923 0.04326923076923077
0 0.7704326923076923 0.08052884615384616 0.05048076923076923 0.05048076923076923
0 0.8076923076923077 0.025240384615384616 0.04326923076923077 0.04567307692307692