0 0.09375 0.21754807692307693 0.03365384615384615 0.03125
0 0.17307692307692307 0.22956730769230768 0.038461538461538464 0.026442307692307692
0 0.25961538461538464 0.2620192307692308 0.02403846153846154 0.02403846153846154
0 0.2800480769230769 0.28365384615384615 0.03125 0.03365384615384615
0 0.036057692307692304 0.2980769230769231 0.057692307692307696 0.04326923076923077
0 0.20673076923076922 0.3713942307692308 0.028846153846153848 0.021634615384615384
0 0.16346153846153846 0.3701923076923077 0.028846153846153848 0.019230769230769232
0 0.09615384615384616 0.3870192307692308 0.028846153846153848 0.03365384615384615
0 0.16105769230769232 0.390625 0.02403846153846154 0.021634615384615384
0 0.12860576923076922 0.3954326923076923 0.016826923076923076 0.016826923076923076
0 0.1466346153846154 0.4098557692307692 0.02403846153846154 0.03125
0 0.16346153846153846 0.41225961538461536 0.02403846153846154 0.021634615384615384
0 0.20192307692307693 0.41466346153846156 0.03365384615384615 0.03125
0 0.055288461538461536 0.421875 0.02403846153846154 0.016826923076923076
0 0.16466346153846154 0.4338942307692308 0.026442307692307692 0.016826923076923076
0 0.06129807692307692 0.4362980769230769 0.016826923076923076 0.016826923076923076
0 0.09375 0.453125 0.028846153846153848 0.021634615384615384
0 0.16466346153846154 0.45552884615384615 0.026442307692307692 0.016826923076923076
0 0.06129807692307692 0.46033653846153844 0.03125 0.021634615384615384
0 0.14903846153846154 0.47475961538461536 0.019230769230769232 0.021634615384615384
0 0.0625 0.47716346153846156 0.019230769230769232 0.016826923076923076
0 0.08413461538461539 0.49038461538461536 0.028846153846153848 0.02403846153846154
0 0.20072115384615385 0.054086538461538464 0.026442307692307692 0.016826923076923076
0 0.22596153846153846 0.08774038461538461 0.02403846153846154 0.016826923076923076
0 0.21995192307692307 0.109375 0.021634615384615384 0.021634615384615384
0 0.1778846153846154 0.13221153846153846 0.019230769230769232 0.02403846153846154
0 0.14423076923076922 0.18509615384615385 0.019230769230769232 0.02403846153846154
0 0.16346153846153846 0.19951923076923078 0.02403846153846154 0.019230769230769232
0 0.06971153846153846 0.20552884615384615 0.03365384615384615 0.03125
0 0.9771634615384616 0.3762019230769231 0.04567307692307692 0.05048076923076923
0 0.5817307692307693 0.38822115384615385 0.03365384615384615 0.040865384615384616
0 0.8485576923076923 0.4699519230769231 0.03365384615384615 0.03125
0 0.6454326923076923 0.5492788461538461 0.036057692307692304 0.016826923076923076
0 0.5180288461538461 0.8305288461538461 0.06009615384615385 0.036057692307692304
0 0.7403846153846154 0.6430288461538461 0.038461538461538464 0.040865384615384616