0 0.421875 0.4098557692307692 0.03125 0.026442307692307692
0 0.5288461538461539 0.41225961538461536 0.03365384615384615 0.03125
0 0.6081730769230769 0.42427884615384615 0.038461538461538464 0.026442307692307692
0 0.6947115384615384 0.4567307692307692 0.02403846153846154 0.02403846153846154
0 0.18269230769230768 0.47115384615384615 0.038461538461538464 0.028846153846153848
0 0.7151442307692307 0.47836538461538464 0.03125 0.03365384615384615
0 0.33653846153846156 0.4879807692307692 0.028846153846153848 0.02403846153846154
0 0.47115384615384615 0.49278846153846156 0.057692307692307696 0.04326923076923077
0 0.21394230769230768 0.5048076923076923 0.028846153846153848 0.019230769230769232
0 0.16105769230769232 0.5132211538461539 0.04326923076923077 0.036057692307692304
0 0.6418269230769231 0.5661057692307693 0.028846153846153848 0.021634615384615384
0 0.5985576923076923 0.5649038461538461 0.028846153846153848 0.019230769230769232
0 0.53125 0.5817307692307693 0.028846153846153848 0.03365384615384615
0 0.5961538461538461 0.5853365384615384 0.02403846153846154 0.021634615384615384
0 0.5637019230769231 0.5901442307692307 0.016826923076923076 0.016826923076923076
0 0.5817307692307693 0.6045673076923077 0.02403846153846154 0.03125
0 0.5985576923076923 0.6069711538461539 0.02403846153846154 0.021634615384615384
0 0.6370192307692307 0.609375 0.03365384615384615 0.03125
0 0.49038461538461536 0.6165865384615384 0.02403846153846154 0.016826923076923076
0 0.5997596153846154 0.6286057692307693 0.026442307692307692 0.016826923076923076
0 0.4963942307692308 0.6310096153846154 0.016826923076923076 0.016826923076923076
0 0.5288461538461539 0.6478365384615384 0.028846153846153848 0.021634615384615384
0 0.5997596153846154 0.6502403846153846 0.026442307692307692 0.016826923076923076
0 0.4963942307692308 0.6550480769230769 0.03125 0.021634615384615384
0 0.5841346153846154 0.6694711538461539 0.019230769230769232 0.021634615384615384
0 0.49759615384615385 0.671875 0.019230769230769232 0.016826923076923076
0 0.5192307692307693 0.6850961538461539 0.028846153846153848 0.02403846153846154
0 0.1814903846153846 0.7223557692307693 0.040865384615384616 0.026442307692307692
0 0.5048076923076923 0.7644230769230769 0.03365384615384615 0.02403846153846154
0 0.6358173076923077 0.24879807692307693 0.026442307692307692 0.016826923076923076
0 0.6610576923076923 0.2824519230769231 0.02403846153846154 0.016826923076923076
0 0.6550480769230769 0.30408653846153844 0.021634615384615384 0.021634615384615384
0 0.6129807692307693 0.3269230769230769 0.019230769230769232 0.02403846153846154
0 0.5793269230769231 0.3798076923076923 0.019230769230769232 0.02403846153846154
0 0.5985576923076923 0.3942307692307692 0.02403846153846154 0.019230769230769232
0 0.5048076923076923 0.40024038461538464 0.03365384615384615 0.03125
0 0.5853365384615384 0.9903846153846154 0.021634615384615384 0.014423076923076924
0 0.4987980769230769 0.9903846153846154 0.021634615384615384 0.014423076923076924
0 0.5192307692307693 0.9783653846153846 0.028846153846153848 0.02403846153846154
0 0.1814903846153846 0.9435096153846154 0.040865384615384616 0.026442307692307692
0 0.5048076923076923 0.8990384615384616 0.03365384615384615 0.02403846153846154
0 0.6358173076923077 0.08533653846153846 0.026442307692307692 0.016826923076923076
0 0.6610576923076923 0.051682692307692304 0.02403846153846154 0.016826923076923076
0 0.6550480769230769 0.030048076923076924 0.021634615384615384 0.021634615384615384
0 0.6141826923076923 0.009615384615384616 0.021634615384615384 0.019230769230769232