0 0.41346153846153844 0.04447115384615385 0.028846153846153848 0.021634615384615384
0 0.3701923076923077 0.04326923076923077 0.028846153846153848 0.019230769230769232
0 0.30288461538461536 0.06009615384615385 0.028846153846153848 0.03365384615384615
0 0.36778846153846156 0.06370192307692307 0.02403846153846154 0.021634615384615384
0 0.33533653846153844 0.06850961538461539 0.016826923076923076 0.016826923076923076
0 0.35336538461538464 0.0829326923076923 0.02403846153846154 0.03125
0 0.3701923076923077 0.08533653846153846 0.02403846153846154 0.021634615384615384
0 0.40865384615384615 0.08774038461538461 0.03365384615384615 0.03125
0 0.2620192307692308 0.09495192307692307 0.02403846153846154 0.016826923076923076
0 0.3713942307692308 0.10697115384615384 0.026442307692307692 0.016826923076923076
0 0.26802884615384615 0.109375 0.016826923076923076 0.016826923076923076
0 0.3004807692307692 0.12620192307692307 0.028846153846153848 0.021634615384615384
0 0.3713942307692308 0.12860576923076922 0.026442307692307692 0.016826923076923076
0 0.26802884615384615 0.13341346153846154 0.03125 0.021634615384615384
0 0.3557692307692308 0.14783653846153846 0.019230769230769232 0.021634615384615384
0 0.2692307692307692 0.1502403846153846 0.019230769230769232 0.016826923076923076
0 0.29086538461538464 0.16346153846153846 0.028846153846153848 0.02403846153846154
0 0.2764423076923077 0.24278846153846154 0.03365384615384615 0.02403846153846154
0 0.9891826923076923 0.13581730769230768 0.021634615384615384 0.036057692307692304
0 0.3870192307692308 0.6129807692307693 0.04326923076923077 0.03365384615384615
0 0.2860576923076923 0.7956730769230769 0.04326923076923077 0.052884615384615384
0 0.9855769230769231 0.8353365384615384 0.028846153846153848 0.06490384615384616