0 0.34975961538461536 0.39903846153846156 0.036057692307692304 0.038461538461538464
0 0.20552884615384615 0.30408653846153844 0.06490384615384616 0.06490384615384616
0 0.3557692307692308 0.32091346153846156 0.02403846153846154 0.040865384615384616
0 0.3545673076923077 0.32091346153846156 0.026442307692307692 0.055288461538461536
0 0.15264423076923078 0.35697115384615385 0.06490384615384616 0.055288461538461536
0 0.13341346153846154 0.6117788461538461 0.06009615384615385 0.040865384615384616
0 0.19831730769230768 0.6346153846153846 0.04567307692307692 0.07211538461538461
0 0.19471153846153846 0.7487980769230769 0.057692307692307696 0.06490384615384616
0 0.013221153846153846 0.859375 0.026442307692307692 0.0889423076923077
0 0.17548076923076922 0.890625 0.057692307692307696 0.05048076923076923
0 0.11298076923076923 0.43028846153846156 0.057692307692307696 0.02403846153846154
0 0.9891826923076923 0.5661057692307693 0.021634615384615384 0.06490384615384616
0 0.6947115384615384 0.5841346153846154 0.07692307692307693 0.057692307692307696
0 0.6370192307692307 0.6935096153846154 0.11057692307692307 0.07932692307692307
0 0.5649038461538461 0.4651442307692308 0.07211538461538461 0.06009615384615385