0 0.5228365384615384 0.4362980769230769 0.06490384615384616 0.04567307692307692
0 0.6478365384615384 0.5180288461538461 0.04567307692307692 0.036057692307692304
0 0.44591346153846156 0.6009615384615384 0.06490384615384616 0.0625
0 0.7668269230769231 0.21153846153846154 0.052884615384615384 0.04326923076923077
0 0.6165865384615384 0.6826923076923077 0.0889423076923077 0.0673076923076923
0 0.6286057692307693 0.7043269230769231 0.026442307692307692 0.019230769230769232
0 0.6021634615384616 0.7355769230769231 0.036057692307692304 0.03365384615384615
0 0.7427884615384616 0.2668269230769231 0.057692307692307696 0.052884615384615384
0 0.5889423076923077 0.28966346153846156 0.08173076923076923 0.055288461538461536
0 0.3641826923076923 0.33774038461538464 0.06490384615384616 0.06490384615384616
0 0.6177884615384616 0.3401442307692308 0.052884615384615384 0.05048076923076923
0 0.5252403846153846 0.3545673076923077 0.04567307692307692 0.040865384615384616
0 0.5300480769230769 0.3545673076923077 0.06009615384615385 0.055288461538461536
0 0.8149038461538461 0.3629807692307692 0.057692307692307696 0.04807692307692308
0 0.8197115384615384 0.3641826923076923 0.02403846153846154 0.016826923076923076
0 0.3112980769230769 0.390625 0.06490384615384616 0.055288461538461536
0 0.7668269230769231 0.1201923076923077 0.052884615384615384 0.04326923076923077
0 0.6153846153846154 0.9723557692307693 0.09134615384615384 0.05048076923076923
0 0.6286057692307693 0.9591346153846154 0.026442307692307692 0.019230769230769232
0 0.6021634615384616 0.9278846153846154 0.036057692307692304 0.03365384615384615
0 0.7427884615384616 0.06490384615384616 0.057692307692307696 0.052884615384615384
0 0.5889423076923077 0.04447115384615385 0.08173076923076923 0.055288461538461536
0 0.3629807692307692 0.014423076923076924 0.0673076923076923 0.028846153846153848
0 0.6189903846153846 0.009615384615384616 0.055288461538461536 0.019230769230769232