0 0.4987980769230769 0.3641826923076923 0.06490384615384616 0.04567307692307692
0 0.6237980769230769 0.44591346153846156 0.04567307692307692 0.036057692307692304
0 0.5649038461538461 0.21754807692307693 0.08173076923076923 0.055288461538461536
0 0.3401442307692308 0.265625 0.06490384615384616 0.06490384615384616
0 0.59375 0.26802884615384615 0.052884615384615384 0.05048076923076923
0 0.5012019230769231 0.2824519230769231 0.04567307692307692 0.040865384615384616
0 0.5060096153846154 0.2824519230769231 0.06009615384615385 0.055288461538461536
0 0.28725961538461536 0.31850961538461536 0.06490384615384616 0.055288461538461536
0 0.3173076923076923 0.75 0.04807692307692308 0.052884615384615384
0 0.5432692307692307 0.7560096153846154 0.052884615384615384 0.040865384615384616
0 0.014423076923076924 0.7584134615384616 0.028846153846153848 0.04567307692307692
0 0.21033653846153846 0.7824519230769231 0.040865384615384616 0.04567307692307692
0 0.5985576923076923 0.7836538461538461 0.052884615384615384 0.057692307692307696
0 0.2548076923076923 0.796875 0.03365384615384615 0.040865384615384616
0 0.4795673076923077 0.8509615384615384 0.06009615384615385 0.052884615384615384
0 0.41466346153846156 0.8990384615384616 0.06490384615384616 0.057692307692307696
0 0.0889423076923077 0.9110576923076923 0.04807692307692308 0.057692307692307696
0 0.03245192307692308 0.9819711538461539 0.040865384615384616 0.036057692307692304
0 0.18269230769230768 0.49038461538461536 0.057692307692307696 0.02403846153846154
0 0.22355769230769232 0.5528846153846154 0.052884615384615384 0.052884615384615384
0 0.3425480769230769 0.5925480769230769 0.06490384615384616 0.06009615384615385
0 0.11538461538461539 0.6454326923076923 0.04807692307692308 0.040865384615384616
0 0.019230769230769232 0.6442307692307693 0.038461538461538464 0.07211538461538461
0 0.32091346153846156 0.6887019230769231 0.04567307692307692 0.04567307692307692
0 0.0985576923076923 0.6923076923076923 0.038461538461538464 0.03365384615384615
0 0.25961538461538464 0.7139423076923077 0.057692307692307696 0.04807692307692308