0 0.6911057692307693 0.390625 0.06490384615384616 0.055288461538461536
0 0.4795673076923077 0.4362980769230769 0.06490384615384616 0.04567307692307692
0 0.3545673076923077 0.5180288461538461 0.04567307692307692 0.036057692307692304
0 0.5564903846153846 0.6033653846153846 0.06490384615384616 0.0625
0 0.23317307692307693 0.21153846153846154 0.052884615384615384 0.04326923076923077
0 0.3858173076923077 0.6850961538461539 0.0889423076923077 0.0673076923076923
0 0.40024038461538464 0.7379807692307693 0.036057692307692304 0.03365384615384615
0 0.25721153846153844 0.2668269230769231 0.057692307692307696 0.052884615384615384
0 0.4110576923076923 0.28966346153846156 0.08173076923076923 0.055288461538461536
0 0.6382211538461539 0.33774038461538464 0.06490384615384616 0.06490384615384616
0 0.38221153846153844 0.3401442307692308 0.052884615384615384 0.05048076923076923
0 0.4723557692307692 0.3545673076923077 0.06009615384615385 0.055288461538461536
0 0.47716346153846156 0.3545673076923077 0.04567307692307692 0.040865384615384616
0 0.18509615384615385 0.3629807692307692 0.057692307692307696 0.04807692307692308
0 0.23317307692307693 0.1201923076923077 0.052884615384615384 0.04326923076923077
0 0.38461538461538464 0.9711538461538461 0.09134615384615384 0.052884615384615384
0 0.40024038461538464 0.9254807692307693 0.036057692307692304 0.03365384615384615
0 0.25721153846153844 0.06490384615384616 0.057692307692307696 0.052884615384615384
0 0.4110576923076923 0.04447115384615385 0.08173076923076923 0.055288461538461536
0 0.6370192307692307 0.014423076923076924 0.0673076923076923 0.028846153846153848
0 0.38341346153846156 0.009615384615384616 0.055288461538461536 0.019230769230769232