0 0.09014423076923077 0.11899038461538461 0.06490384615384616 0.055288461538461536
0 0.037259615384615384 0.06610576923076923 0.06490384615384616 0.06490384615384616
0 0.5697115384615384 0.2764423076923077 0.052884615384615384 0.052884615384615384
0 0.765625 0.28966346153846156 0.06971153846153846 0.06009615384615385
0 0.40625 0.29447115384615385 0.07692307692307693 0.07451923076923077
0 0.3233173076923077 0.2980769230769231 0.04567307692307692 0.0625
0 0.43509615384615385 0.3629807692307692 0.052884615384615384 0.0673076923076923
0 0.5300480769230769 0.36658653846153844 0.06971153846153846 0.06009615384615385
0 0.36177884615384615 0.3713942307692308 0.06009615384615385 0.05048076923076923
0 0.6189903846153846 0.41346153846153844 0.06009615384615385 0.038461538461538464
0 0.8689903846153846 0.421875 0.05048076923076923 0.04567307692307692
0 0.7079326923076923 0.42427884615384615 0.04567307692307692 0.06009615384615385
0 0.8040865384615384 0.42908653846153844 0.06009615384615385 0.06971153846153846
0 0.6021634615384616 0.46634615384615385 0.04567307692307692 0.04326923076923077
0 0.41466346153846156 0.4723557692307692 0.036057692307692304 0.06009615384615385
0 0.9122596153846154 0.48677884615384615 0.06009615384615385 0.04567307692307692
0 0.5084134615384616 0.49038461538461536 0.06971153846153846 0.038461538461538464
0 0.9603365384615384 0.5036057692307693 0.06009615384615385 0.01201923076923077
0 0.6875 0.13221153846153846 0.0625 0.0625
0 0.5829326923076923 0.15865384615384615 0.05048076923076923 0.0625
0 0.6959134615384616 0.2091346153846154 0.05048076923076923 0.0673076923076923
0 0.75 0.21394230769230768 0.04326923076923077 0.04326923076923077
0 0.7307692307692307 0.03485576923076923 0.0625 0.04567307692307692
0 0.7307692307692307 0.007211538461538462 0.0625 0.014423076923076924
0 0.009615384615384616 0.6286057692307693 0.019230769230769232 0.036057692307692304
0 0.06009615384615385 0.6550480769230769 0.03365384615384615 0.036057692307692304
0 0.14302884615384615 0.6911057692307693 0.036057692307692304 0.036057692307692304
0 0.12379807692307693 0.8798076923076923 0.036057692307692304 0.028846153846153848
0 0.15384615384615385 0.5216346153846154 0.03365384615384615 0.02403846153846154
0 0.06971153846153846 0.546875 0.052884615384615384 0.04567307692307692
0 0.35336538461538464 0.6153846153846154 0.0625 0.057692307692307696
0 0.5637019230769231 0.7043269230769231 0.07451923076923077 0.07692307692307693
0 0.31009615384615385 0.7079326923076923 0.08653846153846154 0.06971153846153846