0 0.03365384615384615 0.052884615384615384 0.0673076923076923 0.10576923076923077
0 0.4483173076923077 0.22596153846153846 0.040865384615384616 0.09134615384615384
0 0.07692307692307693 0.9146634615384616 0.038461538461538464 0.040865384615384616
0 0.90625 0.7632211538461539 0.04807692307692308 0.040865384615384616
0 0.5829326923076923 0.7692307692307693 0.04567307692307692 0.038461538461538464
0 0.7548076923076923 0.7764423076923077 0.04807692307692308 0.038461538461538464
0 0.6658653846153846 0.7836538461538461 0.038461538461538464 0.03365384615384615
0 0.9399038461538461 0.7992788461538461 0.038461538461538464 0.03125
0 0.9927884615384616 0.9170673076923077 0.014423076923076924 0.040865384615384616
0 0.59375 0.4495192307692308 0.04807692307692308 0.03365384615384615
0 0.9927884615384616 0.9783653846153846 0.014423076923076924 0.038461538461538464
0 0.6262019230769231 0.49278846153846156 0.055288461538461536 0.04807692307692308
0 0.5793269230769231 0.5180288461538461 0.0625 0.04567307692307692
0 0.6802884615384616 0.578125 0.04807692307692308 0.04567307692307692
0 0.7427884615384616 0.5985576923076923 0.038461538461538464 0.03365384615384615
0 0.6814903846153846 0.6045673076923077 0.03125 0.03125
0 0.6322115384615384 0.6057692307692307 0.03365384615384615 0.03365384615384615
0 0.5192307692307693 0.6177884615384616 0.04807692307692308 0.03365384615384615
0 0.8653846153846154 0.6225961538461539 0.038461538461538464 0.038461538461538464
0 0.5841346153846154 0.6262019230769231 0.04807692307692308 0.040865384615384616
0 0.9134615384615384 0.6670673076923077 0.04807692307692308 0.04567307692307692
0 0.6526442307692307 0.6802884615384616 0.04567307692307692 0.03365384615384615
0 0.8365384615384616 0.6887019230769231 0.04807692307692308 0.040865384615384616
0 0.8545673076923077 0.7331730769230769 0.040865384615384616 0.038461538461538464