0 0.22235576923076922 0.04326923076923077 0.07932692307692307 0.08653846153846154
0 0.08774038461538461 0.04326923076923077 0.07932692307692307 0.08653846153846154
0 0.33413461538461536 0.5673076923076923 0.038461538461538464 0.03365384615384615
0 0.7800480769230769 0.7740384615384616 0.026442307692307692 0.019230769230769232
0 0.8701923076923077 0.7992788461538461 0.03365384615384615 0.021634615384615384
0 0.6995192307692307 0.8149038461538461 0.04326923076923077 0.03365384615384615
0 0.6213942307692307 0.8377403846153846 0.036057692307692304 0.036057692307692304
0 0.7908653846153846 0.8653846153846154 0.038461538461538464 0.03365384615384615
0 0.8725961538461539 0.8665865384615384 0.028846153846153848 0.026442307692307692
0 0.6201923076923077 0.8689903846153846 0.028846153846153848 0.026442307692307692
0 0.6586538461538461 0.8918269230769231 0.028846153846153848 0.019230769230769232
0 0.7091346153846154 0.9038461538461539 0.03365384615384615 0.028846153846153848
0 0.8894230769230769 0.9038461538461539 0.052884615384615384 0.04326923076923077
0 0.7524038461538461 0.9170673076923077 0.038461538461538464 0.026442307692307692
0 0.953125 0.9266826923076923 0.036057692307692304 0.021634615384615384
0 0.8209134615384616 0.9435096153846154 0.05048076923076923 0.036057692307692304
0 0.7427884615384616 0.9507211538461539 0.038461538461538464 0.026442307692307692
0 0.9074519230769231 0.6899038461538461 0.036057692307692304 0.03365384615384615
0 0.6947115384615384 0.7331730769230769 0.03365384615384615 0.028846153846153848
0 0.7668269230769231 0.7415865384615384 0.038461538461538464 0.026442307692307692