0 0.2980769230769231 0.3485576923076923 0.10096153846153846 0.09134615384615384
0 0.25841346153846156 0.39302884615384615 0.07932692307692307 0.08413461538461539
0 0.33774038461538464 0.6009615384615384 0.06009615384615385 0.057692307692307696
0 0.04807692307692308 0.34975961538461536 0.09615384615384616 0.09375
0 0.08533653846153846 0.39302884615384615 0.07932692307692307 0.08413461538461539
0 0.018028846153846152 0.6009615384615384 0.036057692307692304 0.057692307692307696
0 0.90625 0.1622596153846154 0.04326923076923077 0.05048076923076923
0 0.6382211538461539 0.3798076923076923 0.055288461538461536 0.057692307692307696
0 0.6850961538461539 0.4855769230769231 0.052884615384615384 0.04326923076923077
0 0.90625 0.5240384615384616 0.038461538461538464 0.04326923076923077
0 0.46875 0.5769230769230769 0.038461538461538464 0.038461538461538464
0 0.06850961538461539 0.8545673076923077 0.06971153846153846 0.06009615384615385
0 0.10817307692307693 0.8569711538461539 0.0625 0.06009615384615385
0 0.20432692307692307 0.9447115384615384 0.0625 0.04807692307692308
0 0.0673076923076923 0.9711538461538461 0.057692307692307696 0.03365384615384615
0 0.025240384615384616 0.9903846153846154 0.04567307692307692 0.019230769230769232
0 0.15264423076923078 0.7944711538461539 0.06971153846153846 0.06490384615384616
0 0.84375 0.9086538461538461 0.0625 0.057692307692307696