0 0.6057692307692307 0.15625 0.02403846153846154 0.11538461538461539
0 0.18269230769230768 0.33413461538461536 0.10096153846153846 0.09134615384615384
0 0.14302884615384615 0.3786057692307692 0.07932692307692307 0.08413461538461539
0 0.796875 0.41586538461538464 0.040865384615384616 0.028846153846153848
0 0.17067307692307693 0.6947115384615384 0.11538461538461539 0.11057692307692307
0 0.30408653846153844 0.7115384615384616 0.07932692307692307 0.07692307692307693
0 0.39903846153846156 0.7235576923076923 0.09134615384615384 0.08173076923076923
0 0.5504807692307693 0.7716346153846154 0.07692307692307693 0.0673076923076923
0 0.5216346153846154 0.8894230769230769 0.0625 0.04807692307692308
0 0.3713942307692308 0.5036057692307693 0.05048076923076923 0.036057692307692304
0 0.14543269230769232 0.5024038461538461 0.07932692307692307 0.08173076923076923
0 0.2439903846153846 0.5024038461538461 0.07932692307692307 0.0673076923076923
0 0.4326923076923077 0.5444711538461539 0.07692307692307693 0.06009615384615385
0 0.5216346153846154 0.9615384615384616 0.0625 0.04807692307692308
0 0.8112980769230769 0.9471153846153846 0.036057692307692304 0.057692307692307696
0 0.9543269230769231 0.5012019230769231 0.057692307692307696 0.07451923076923077