0 0.46153846153846156 0.36899038461538464 0.03365384615384615 0.026442307692307692
0 0.04927884615384615 0.39302884615384615 0.08413461538461539 0.05048076923076923
0 0.5300480769230769 0.40024038461538464 0.055288461538461536 0.036057692307692304
0 0.17067307692307693 0.4110576923076923 0.04326923076923077 0.014423076923076924
0 0.2668269230769231 0.40865384615384615 0.0625 0.019230769230769232
0 0.3125 0.6911057692307693 0.052884615384615384 0.036057692307692304
0 0.4110576923076923 0.6923076923076923 0.057692307692307696 0.057692307692307696
0 0.53125 0.7235576923076923 0.04807692307692308 0.03365384615384615
0 0.43990384615384615 0.7367788461538461 0.04807692307692308 0.04567307692307692
0 0.3293269230769231 0.7728365384615384 0.04326923076923077 0.04567307692307692
0 0.375 0.78125 0.0625 0.04807692307692308
0 0.44471153846153844 0.7800480769230769 0.03365384615384615 0.026442307692307692
0 0.171875 0.7848557692307693 0.07932692307692307 0.06009615384615385
0 0.39903846153846156 0.8076923076923077 0.04326923076923077 0.04326923076923077
0 0.2980769230769231 0.8317307692307693 0.057692307692307696 0.03365384615384615
0 0.44711538461538464 0.5216346153846154 0.04326923076923077 0.03365384615384615
0 0.27163461538461536 0.8954326923076923 0.057692307692307696 0.040865384615384616
0 0.25240384615384615 0.5528846153846154 0.04326923076923077 0.038461538461538464
0 0.3088942307692308 0.49759615384615385 0.05048076923076923 0.02403846153846154
0 0.4411057692307692 0.6334134615384616 0.05048076923076923 0.04567307692307692
0 0.36778846153846156 0.6454326923076923 0.04807692307692308 0.036057692307692304
0 0.44711538461538464 0.4495192307692308 0.04326923076923077 0.03365384615384615
0 0.25240384615384615 0.42788461538461536 0.04326923076923077 0.019230769230769232
0 0.3088942307692308 0.4735576923076923 0.05048076923076923 0.02403846153846154
0 0.7512019230769231 0.5709134615384616 0.05048076923076923 0.040865384615384616
0 0.9122596153846154 0.6442307692307693 0.05048076923076923 0.04807692307692308