0 0.2439903846153846 0.30649038461538464 0.08413461538461539 0.06971153846153846
0 0.36538461538461536 0.3245192307692308 0.04326923076923077 0.03365384615384615
0 0.34134615384615385 0.41466346153846156 0.0625 0.04567307692307692
0 0.6105769230769231 0.15625 0.0625 0.057692307692307696
0 0.8209134615384616 0.24519230769230768 0.07451923076923077 0.07692307692307693
0 0.5673076923076923 0.24879807692307693 0.08653846153846154 0.06971153846153846
0 0.24639423076923078 0.9747596153846154 0.05048076923076923 0.05048076923076923
0 0.3557692307692308 0.5588942307692307 0.0625 0.07451923076923077
0 0.21875 0.6826923076923077 0.0673076923076923 0.057692307692307696
0 0.7944711538461539 0.5240384615384616 0.05048076923076923 0.028846153846153848
0 0.6069711538461539 0.6237980769230769 0.04567307692307692 0.036057692307692304
0 0.796875 0.8329326923076923 0.04567307692307692 0.036057692307692304