0 0.6346153846153846 0.2548076923076923 0.04807692307692308 0.10576923076923077
0 0.32211538461538464 0.3870192307692308 0.10576923076923077 0.09134615384615384
0 0.15384615384615385 0.39302884615384615 0.10096153846153846 0.07932692307692307
0 0.5024038461538461 0.02283653846153846 0.11538461538461539 0.04567307692307692
0 0.021634615384615384 0.06009615384615385 0.04326923076923077 0.08653846153846154
0 0.09134615384615384 0.11778846153846154 0.07211538461538461 0.07692307692307693
0 0.3713942307692308 0.14302884615384615 0.1466346153846154 0.13221153846153846
0 0.32211538461538464 0.5264423076923077 0.10576923076923077 0.09134615384615384
0 0.15384615384615385 0.5228365384615384 0.10096153846153846 0.07932692307692307
0 0.9014423076923077 0.32091346153846156 0.038461538461538464 0.04567307692307692
0 0.3713942307692308 0.6153846153846154 0.04567307692307692 0.028846153846153848
0 0.3088942307692308 0.6322115384615384 0.04567307692307692 0.04326923076923077
0 0.19110576923076922 0.6322115384615384 0.036057692307692304 0.057692307692307696