0 0.8341346153846154 0.45072115384615385 0.028846153846153848 0.03125
0 0.20072115384615385 0.7836538461538461 0.036057692307692304 0.028846153846153848
0 0.16706730769230768 0.8197115384615384 0.03125 0.02403846153846154
0 0.14302884615384615 0.8353365384615384 0.026442307692307692 0.026442307692307692
0 0.25600961538461536 0.9699519230769231 0.03125 0.026442307692307692
0 0.18509615384615385 0.984375 0.019230769230769232 0.021634615384615384
0 0.8329326923076923 0.8016826923076923 0.040865384615384616 0.03125
0 0.9927884615384616 0.8064903846153846 0.014423076923076924 0.040865384615384616
0 0.8834134615384616 0.8461538461538461 0.040865384615384616 0.04326923076923077
0 0.9026442307692307 0.9194711538461539 0.040865384615384616 0.036057692307692304
0 0.8629807692307693 0.9290865384615384 0.038461538461538464 0.036057692307692304
0 0.9098557692307693 0.9807692307692307 0.040865384615384616 0.038461538461538464