0 0.42788461538461536 0.2848557692307692 0.04807692307692308 0.036057692307692304
0 0.7055288461538461 0.003605769230769231 0.03125 0.007211538461538462
0 0.9170673076923077 0.004807692307692308 0.026442307692307692 0.009615384615384616
0 0.8930288461538461 0.008413461538461538 0.021634615384615384 0.016826923076923076
0 0.8125 0.025240384615384616 0.03365384615384615 0.03125
0 0.7800480769230769 0.028846153846153848 0.03125 0.03365384615384615
0 0.6778846153846154 0.030048076923076924 0.028846153846153848 0.026442307692307692
0 0.9867788461538461 0.055288461538461536 0.026442307692307692 0.02403846153846154
0 0.6394230769230769 0.06370192307692307 0.019230769230769232 0.03125
0 0.9519230769230769 0.06490384615384616 0.038461538461538464 0.03365384615384615
0 0.7824519230769231 0.06971153846153846 0.040865384615384616 0.04326923076923077
0 0.9194711538461539 0.07211538461538461 0.036057692307692304 0.03365384615384615
0 0.9831730769230769 0.09134615384615384 0.028846153846153848 0.028846153846153848
0 0.9783653846153846 0.10697115384615384 0.03365384615384615 0.026442307692307692
0 0.6358173076923077 0.12259615384615384 0.01201923076923077 0.02403846153846154
0 0.9326923076923077 0.12740384615384615 0.028846153846153848 0.028846153846153848
0 0.9711538461538461 0.14783653846153846 0.028846153846153848 0.026442307692307692
0 0.3449519230769231 0.4543269230769231 0.03125 0.028846153846153848