0 0.1141826923076923 0.010817307692307692 0.026442307692307692 0.021634615384615384
0 0.09615384615384616 0.0889423076923077 0.038461538461538464 0.03365384615384615
0 0.2608173076923077 0.38341346153846156 0.036057692307692304 0.03125
0 0.21514423076923078 0.41346153846153844 0.036057692307692304 0.03365384615384615
0 0.09254807692307693 0.4206730769230769 0.040865384615384616 0.03365384615384615
0 0.1346153846153846 0.4519230769230769 0.028846153846153848 0.02403846153846154
0 0.040865384615384616 0.46033653846153844 0.04326923076923077 0.04567307692307692
0 0.09615384615384616 0.5216346153846154 0.04807692307692308 0.04326923076923077
0 0.042067307692307696 0.5336538461538461 0.040865384615384616 0.028846153846153848
0 0.17427884615384615 0.5384615384615384 0.036057692307692304 0.019230769230769232
0 0.13701923076923078 0.5420673076923077 0.03365384615384615 0.01201923076923077
0 0.47716346153846156 0.9086538461538461 0.06009615384615385 0.052884615384615384
0 0.6322115384615384 0.7427884615384616 0.03365384615384615 0.038461538461538464