0 0.5072115384615384 0.06009615384615385 0.038461538461538464 0.038461538461538464
0 0.27524038461538464 0.11538461538461539 0.036057692307692304 0.028846153846153848
0 0.4651442307692308 0.25600961538461536 0.026442307692307692 0.026442307692307692
0 0.23076923076923078 0.2956730769230769 0.028846153846153848 0.02403846153846154
0 0.37259615384615385 0.3269230769230769 0.052884615384615384 0.03365384615384615
0 0.9278846153846154 0.19831730769230768 0.03365384615384615 0.03125
0 0.8137019230769231 0.23557692307692307 0.036057692307692304 0.028846153846153848
0 0.8701923076923077 0.24759615384615385 0.04326923076923077 0.028846153846153848
0 0.9098557692307693 0.27884615384615385 0.06009615384615385 0.04807692307692308
0 0.43509615384615385 0.4543269230769231 0.04326923076923077 0.03365384615384615
0 0.4723557692307692 0.5528846153846154 0.036057692307692304 0.038461538461538464
0 0.4362980769230769 0.7560096153846154 0.040865384615384616 0.055288461538461536
0 0.3317307692307692 0.8942307692307693 0.04807692307692308 0.03365384615384615
0 0.9891826923076923 0.9831730769230769 0.021634615384615384 0.03365384615384615