0 0.10576923076923077 0.5372596153846154 0.028846153846153848 0.03125
0 0.12259615384615384 0.5384615384615384 0.03365384615384615 0.03365384615384615
0 0.16105769230769232 0.7644230769230769 0.038461538461538464 0.04326923076923077
0 0.43990384615384615 0.7692307692307693 0.038461538461538464 0.03365384615384615
0 0.23076923076923078 0.9278846153846154 0.04326923076923077 0.04326923076923077
0 0.4855769230769231 0.9651442307692307 0.028846153846153848 0.03125
0 0.5661057692307693 0.6682692307692307 0.040865384615384616 0.04326923076923077
0 0.5084134615384616 0.6971153846153846 0.016826923076923076 0.057692307692307696
0 0.6069711538461539 0.7271634615384616 0.05048076923076923 0.040865384615384616
0 0.5084134615384616 0.75 0.016826923076923076 0.038461538461538464
0 0.5324519230769231 0.7596153846153846 0.04567307692307692 0.04326923076923077
0 0.5673076923076923 0.8185096153846154 0.03365384615384615 0.036057692307692304
0 0.5949519230769231 0.8257211538461539 0.036057692307692304 0.055288461538461536