0 0.40625 0.20192307692307693 0.03365384615384615 0.028846153846153848
0 0.4519230769230769 0.22355769230769232 0.038461538461538464 0.028846153846153848
0 0.39783653846153844 0.22956730769230768 0.036057692307692304 0.026442307692307692
0 0.4675480769230769 0.27283653846153844 0.036057692307692304 0.03125
0 0.49399038461538464 0.27524038461538464 0.03125 0.036057692307692304
0 0.5637019230769231 0.2776442307692308 0.01201923076923077 0.03125
0 0.31009615384615385 0.3161057692307692 0.028846153846153848 0.03125
0 0.47716346153846156 0.31971153846153844 0.03125 0.03365384615384615
0 0.375 0.3485576923076923 0.03365384615384615 0.03365384615384615
0 0.7319711538461539 0.39302884615384615 0.03125 0.03125
0 0.2536057692307692 0.9230769230769231 0.03125 0.03365384615384615
0 0.6442307692307693 0.8689903846153846 0.028846153846153848 0.026442307692307692