0 0.5408653846153846 0.40625 0.014423076923076924 0.038461538461538464
0 0.8052884615384616 0.45552884615384615 0.03365384615384615 0.03125
0 0.7331730769230769 0.5096153846153846 0.028846153846153848 0.02403846153846154
0 0.9651442307692307 0.5829326923076923 0.040865384615384616 0.03125
0 0.734375 0.6394230769230769 0.036057692307692304 0.028846153846153848
0 0.9242788461538461 0.7800480769230769 0.026442307692307692 0.026442307692307692
0 0.6899038461538461 0.8197115384615384 0.028846153846153848 0.02403846153846154
0 0.8317307692307693 0.8509615384615384 0.052884615384615384 0.03365384615384615
0 0.6646634615384616 0.9735576923076923 0.03125 0.028846153846153848
0 0.6286057692307693 0.9855769230769231 0.040865384615384616 0.028846153846153848
0 0.6574519230769231 0.9951923076923077 0.03125 0.009615384615384616