0 0.7043269230769231 0.10817307692307693 0.02403846153846154 0.02403846153846154
0 0.7524038461538461 0.12980769230769232 0.02403846153846154 0.02403846153846154
0 0.5685096153846154 0.16346153846153846 0.026442307692307692 0.02403846153846154
0 0.051682692307692304 0.6442307692307693 0.040865384615384616 0.038461538461538464
0 0.21033653846153846 0.9567307692307693 0.036057692307692304 0.03365384615384615
0 0.01201923076923077 0.9855769230769231 0.02403846153846154 0.028846153846153848
0 0.515625 0.484375 0.06490384615384616 0.03125
0 0.8497596153846154 0.49278846153846156 0.06009615384615385 0.04807692307692308
0 0.9891826923076923 0.5048076923076923 0.021634615384615384 0.0625
0 0.8293269230769231 0.5372596153846154 0.052884615384615384 0.05048076923076923
0 0.7199519230769231 0.5588942307692307 0.09375 0.08413461538461539
0 0.8677884615384616 0.5733173076923077 0.0625 0.06009615384615385
0 0.4735576923076923 0.6213942307692307 0.07692307692307693 0.06490384615384616
0 0.8233173076923077 0.625 0.09375 0.052884615384615384
0 0.6983173076923077 0.6490384615384616 0.06971153846153846 0.0625
0 0.6189903846153846 0.6514423076923077 0.07932692307692307 0.0625
0 0.8365384615384616 0.6694711538461539 0.04326923076923077 0.040865384615384616
0 0.640625 0.7235576923076923 0.055288461538461536 0.04807692307692308
0 0.5408653846153846 0.8677884615384616 0.0625 0.0625
0 0.5408653846153846 0.9495192307692307 0.0625 0.0625