0 0.7007211538461539 0.11298076923076923 0.07451923076923077 0.038461538461538464
0 0.9326923076923077 0.12740384615384615 0.03365384615384615 0.04326923076923077
0 0.9735576923076923 0.12860576923076922 0.03365384615384615 0.03125
0 0.8269230769230769 0.15745192307692307 0.04807692307692308 0.03125
0 0.6586538461538461 0.16466346153846154 0.0625 0.04567307692307692
0 0.796875 0.16706730769230768 0.040865384615384616 0.036057692307692304
0 0.6033653846153846 0.21153846153846154 0.028846153846153848 0.04326923076923077
0 0.8016826923076923 0.22355769230769232 0.06490384615384616 0.028846153846153848
0 0.9831730769230769 0.3004807692307692 0.03365384615384615 0.028846153846153848
0 0.6995192307692307 0.008413461538461538 0.04807692307692308 0.016826923076923076
0 0.9002403846153846 0.015625 0.036057692307692304 0.03125
0 0.9579326923076923 0.020432692307692308 0.05048076923076923 0.040865384615384616
0 0.6658653846153846 0.030048076923076924 0.04326923076923077 0.03125
0 0.9254807692307693 0.09134615384615384 0.04326923076923077 0.038461538461538464
0 0.7584134615384616 0.5168269230769231 0.05048076923076923 0.052884615384615384
0 0.7331730769230769 0.6045673076923077 0.052884615384615384 0.036057692307692304
0 0.7584134615384616 0.46033653846153844 0.05048076923076923 0.021634615384615384