0 0.20192307692307693 0.19230769230769232 0.04807692307692308 0.03365384615384615
0 0.24278846153846154 0.20552884615384615 0.04326923076923077 0.03125
0 0.29447115384615385 0.5973557692307693 0.055288461538461536 0.040865384615384616
0 0.30649038461538464 0.6875 0.06009615384615385 0.07211538461538461
0 0.46875 0.7860576923076923 0.052884615384615384 0.0625
0 0.34615384615384615 0.8293269230769231 0.0625 0.0625
0 0.38100961538461536 0.2920673076923077 0.040865384615384616 0.04567307692307692
0 0.4411057692307692 0.37740384615384615 0.05048076923076923 0.04326923076923077
0 0.8413461538461539 0.4026442307692308 0.028846153846153848 0.03125
0 0.7944711538461539 0.6033653846153846 0.03125 0.03365384615384615
0 0.9158653846153846 0.9891826923076923 0.02403846153846154 0.021634615384615384