0 0.390625 0.40024038461538464 0.016826923076923076 0.055288461538461536
0 0.8677884615384616 0.3701923076923077 0.038461538461538464 0.038461538461538464
0 0.007211538461538462 0.5456730769230769 0.014423076923076924 0.03365384615384615
0 0.06129807692307692 0.5528846153846154 0.040865384615384616 0.04326923076923077
0 0.15384615384615385 0.6814903846153846 0.04807692307692308 0.04567307692307692
0 0.11778846153846154 0.7548076923076923 0.04326923076923077 0.028846153846153848
0 0.2091346153846154 0.8161057692307693 0.028846153846153848 0.026442307692307692
0 0.2512019230769231 0.8617788461538461 0.036057692307692304 0.026442307692307692
0 0.3137019230769231 0.9675480769230769 0.040865384615384616 0.036057692307692304
0 0.5504807692307693 0.7091346153846154 0.08173076923076923 0.0673076923076923
0 0.6033653846153846 0.9278846153846154 0.04807692307692308 0.04326923076923077