0 0.5240384615384616 0.46274038461538464 0.028846153846153848 0.03125
0 0.4026442307692308 0.4723557692307692 0.05048076923076923 0.04567307692307692
0 0.8798076923076923 0.4495192307692308 0.04326923076923077 0.04807692307692308
0 0.5204326923076923 0.6911057692307693 0.036057692307692304 0.026442307692307692
0 0.3112980769230769 0.6971153846153846 0.04567307692307692 0.038461538461538464
0 0.5060096153846154 0.7668269230769231 0.036057692307692304 0.04807692307692308
0 0.4795673076923077 0.7860576923076923 0.05048076923076923 0.052884615384615384
0 0.3076923076923077 0.8858173076923077 0.038461538461538464 0.040865384615384616
0 0.515625 0.9146634615384616 0.04567307692307692 0.06490384615384616
0 0.09495192307692307 0.6971153846153846 0.04567307692307692 0.038461538461538464
0 0.09615384615384616 0.8858173076923077 0.038461538461538464 0.040865384615384616