0 0.16466346153846154 0.1971153846153846 0.040865384615384616 0.03365384615384615
0 0.30408653846153844 0.30649038461538464 0.04567307692307692 0.036057692307692304
0 0.15625 0.34134615384615385 0.04326923076923077 0.057692307692307696
0 0.15625 0.7548076923076923 0.04807692307692308 0.052884615384615384
0 0.22716346153846154 0.7548076923076923 0.036057692307692304 0.04326923076923077
0 0.26322115384615385 0.8305288461538461 0.040865384615384616 0.04567307692307692
0 0.22235576923076922 0.8425480769230769 0.06009615384615385 0.055288461538461536
0 0.37259615384615385 0.9038461538461539 0.07211538461538461 0.04807692307692308
0 0.17307692307692307 0.5384615384615384 0.0673076923076923 0.057692307692307696
0 0.07692307692307693 0.9927884615384616 0.0625 0.014423076923076924
0 0.38822115384615385 0.6153846153846154 0.055288461538461536 0.057692307692307696
0 0.22596153846153846 0.6947115384615384 0.057692307692307696 0.052884615384615384
0 0.4423076923076923 0.7019230769230769 0.0673076923076923 0.0625
0 0.5649038461538461 0.7043269230769231 0.0673076923076923 0.0673076923076923
0 0.17307692307692307 0.44711538461538464 0.0673076923076923 0.057692307692307696
0 0.7151442307692307 0.484375 0.04567307692307692 0.040865384615384616
0 0.7692307692307693 0.5661057692307693 0.057692307692307696 0.055288461538461536
0 0.8016826923076923 0.6514423076923077 0.036057692307692304 0.04326923076923077
0 0.828125 0.7427884615384616 0.055288461538461536 0.052884615384615384
0 0.7019230769230769 0.8269230769230769 0.04807692307692308 0.04326923076923077
0 0.8112980769230769 0.8317307692307693 0.04567307692307692 0.038461538461538464
0 0.7788461538461539 0.8689903846153846 0.038461538461538464 0.055288461538461536
0 0.6862980769230769 0.8810096153846154 0.05048076923076923 0.04567307692307692
0 0.7247596153846154 0.9014423076923077 0.04567307692307692 0.052884615384615384