0 0.9903846153846154 0.1346153846153846 0.019230769230769232 0.057692307692307696
0 0.9435096153846154 0.15625 0.05048076923076923 0.057692307692307696
0 0.8401442307692307 0.22596153846153846 0.055288461538461536 0.0625
0 0.7319711538461539 0.2644230769230769 0.04567307692307692 0.04326923076923077
0 0.7560096153846154 0.265625 0.03125 0.036057692307692304
0 0.7908653846153846 0.28125 0.03365384615384615 0.038461538461538464
0 0.8185096153846154 0.4387019230769231 0.06490384615384616 0.04567307692307692
0 0.9819711538461539 0.4543269230769231 0.036057692307692304 0.052884615384615384
0 0.9543269230769231 0.4807692307692308 0.052884615384615384 0.038461538461538464
0 0.7872596153846154 0.49399038461538464 0.04567307692307692 0.040865384615384616
0 0.9290865384615384 0.4987980769230769 0.040865384615384616 0.036057692307692304
0 0.11538461538461539 0.7680288461538461 0.057692307692307696 0.040865384615384616
0 0.1045673076923077 0.8185096153846154 0.04567307692307692 0.040865384615384616
0 0.16105769230769232 0.8329326923076923 0.04807692307692308 0.05048076923076923
0 0.5240384615384616 0.9038461538461539 0.0673076923076923 0.08173076923076923
0 0.36778846153846156 0.9194711538461539 0.04326923076923077 0.05048076923076923
0 0.0733173076923077 0.5877403846153846 0.05048076923076923 0.03125
0 0.796875 0.6983173076923077 0.03125 0.026442307692307692