0 0.2091346153846154 0.11778846153846154 0.038461538461538464 0.02403846153846154
0 0.3557692307692308 0.2692307692307692 0.03365384615384615 0.019230769230769232
0 0.3701923076923077 0.31009615384615385 0.02403846153846154 0.038461538461538464
0 0.27884615384615385 0.39783653846153844 0.03365384615384615 0.03125
0 0.5901442307692307 0.4735576923076923 0.055288461538461536 0.028846153846153848
0 0.23076923076923078 0.7103365384615384 0.028846153846153848 0.016826923076923076
0 0.21754807692307693 0.7295673076923077 0.026442307692307692 0.03125
0 0.19951923076923078 0.7331730769230769 0.02403846153846154 0.02403846153846154
0 0.9591346153846154 0.7932692307692307 0.057692307692307696 0.057692307692307696
0 0.9122596153846154 0.9110576923076923 0.055288461538461536 0.03365384615384615
0 0.8725961538461539 0.9230769230769231 0.038461538461538464 0.02403846153846154