0 0.3641826923076923 0.23076923076923078 0.021634615384615384 0.02403846153846154
0 0.5889423076923077 0.036057692307692304 0.04807692307692308 0.03365384615384615
0 0.6165865384615384 0.057692307692307696 0.04567307692307692 0.03365384615384615
0 0.5072115384615384 0.08653846153846154 0.03365384615384615 0.04807692307692308
0 0.7043269230769231 0.12379807692307693 0.03365384615384615 0.040865384615384616
0 0.5793269230769231 0.14302884615384615 0.07692307692307693 0.040865384615384616
0 0.46274038461538464 0.18509615384615385 0.026442307692307692 0.03365384615384615
0 0.484375 0.19471153846153846 0.040865384615384616 0.038461538461538464
0 0.6298076923076923 0.19831730769230768 0.04326923076923077 0.040865384615384616
0 0.6935096153846154 0.24158653846153846 0.055288461538461536 0.04567307692307692
0 0.4831730769230769 0.24879807692307693 0.0673076923076923 0.036057692307692304
0 0.7259615384615384 0.27884615384615385 0.04326923076923077 0.03365384615384615
0 0.23197115384615385 0.5733173076923077 0.036057692307692304 0.03125
0 0.3713942307692308 0.4963942307692308 0.04567307692307692 0.036057692307692304
0 0.5697115384615384 0.8161057692307693 0.03365384615384615 0.036057692307692304