0 0.18629807692307693 0.07451923076923077 0.04567307692307692 0.03365384615384615
0 0.4987980769230769 0.44471153846153844 0.036057692307692304 0.03365384615384615
0 0.44350961538461536 0.49399038461538464 0.040865384615384616 0.04567307692307692
0 0.6790865384615384 0.3942307692307692 0.021634615384615384 0.03365384615384615
0 0.8882211538461539 0.4951923076923077 0.021634615384615384 0.028846153846153848
0 0.8557692307692307 0.5024038461538461 0.038461538461538464 0.03365384615384615
0 0.71875 0.5288461538461539 0.02403846153846154 0.019230769230769232
0 0.06490384615384616 0.5805288461538461 0.03365384615384615 0.040865384615384616
0 0.3161057692307692 0.6658653846153846 0.04567307692307692 0.038461538461538464
0 0.2704326923076923 0.9483173076923077 0.026442307692307692 0.036057692307692304
0 0.265625 0.9759615384615384 0.04567307692307692 0.03365384615384615