0 0.5324519230769231 0.6730769230769231 0.04567307692307692 0.04326923076923077
0 0.6514423076923077 0.7379807692307693 0.057692307692307696 0.057692307692307696
0 0.41225961538461536 0.7463942307692307 0.05048076923076923 0.026442307692307692
0 0.7439903846153846 0.7680288461538461 0.06490384615384616 0.04567307692307692
0 0.5877403846153846 0.7908653846153846 0.09375 0.0625
0 0.4567307692307692 0.8112980769230769 0.038461538461538464 0.05048076923076923
0 0.7211538461538461 0.8125 0.04807692307692308 0.03365384615384615
0 0.5288461538461539 0.8605769230769231 0.07211538461538461 0.052884615384615384
0 0.4326923076923077 0.8810096153846154 0.057692307692307696 0.04567307692307692
0 0.9579326923076923 0.9146634615384616 0.06971153846153846 0.05048076923076923
0 0.6394230769230769 0.9603365384615384 0.07211538461538461 0.04567307692307692
0 0.5396634615384616 0.9783653846153846 0.06009615384615385 0.04326923076923077
0 0.9699519230769231 0.9783653846153846 0.06009615384615385 0.04326923076923077
0 0.671875 0.47115384615384615 0.06009615384615385 0.0625
0 0.7175480769230769 0.4795673076923077 0.06490384615384616 0.06971153846153846
0 0.9723557692307693 0.5072115384615384 0.055288461538461536 0.057692307692307696