0 0.24158653846153846 0.15625 0.055288461538461536 0.057692307692307696
0 0.28846153846153844 0.2620192307692308 0.052884615384615384 0.04326923076923077
0 0.5096153846153846 0.3004807692307692 0.038461538461538464 0.04326923076923077
0 0.07211538461538461 0.35336538461538464 0.038461538461538464 0.038461538461538464
0 0.12259615384615384 0.8846153846153846 0.0625 0.057692307692307696
0 0.3329326923076923 0.9675480769230769 0.07451923076923077 0.06490384615384616
0 0.07932692307692307 0.9711538461538461 0.08653846153846154 0.057692307692307696
0 0.2764423076923077 0.6610576923076923 0.0625 0.04326923076923077
0 0.9555288461538461 0.6634615384615384 0.04567307692307692 0.0673076923076923
0 0.9158653846153846 0.7391826923076923 0.0673076923076923 0.06009615384615385
0 0.6213942307692307 0.7668269230769231 0.06009615384615385 0.04326923076923077
0 0.84375 0.78125 0.04326923076923077 0.04326923076923077
0 0.8689903846153846 0.8064903846153846 0.036057692307692304 0.021634615384615384
0 0.6826923076923077 0.8545673076923077 0.0625 0.036057692307692304
0 0.7872596153846154 0.9134615384615384 0.04567307692307692 0.038461538461538464
0 0.8990384615384616 0.921875 0.052884615384615384 0.05048076923076923
0 0.9026442307692307 0.9711538461538461 0.05048076923076923 0.04326923076923077
0 0.8076923076923077 0.9927884615384616 0.04326923076923077 0.014423076923076924
0 0.8052884615384616 0.5721153846153846 0.04326923076923077 0.04326923076923077