0 0.3245192307692308 0.1141826923076923 0.04326923076923077 0.040865384615384616
0 0.1935096153846154 0.17307692307692307 0.04567307692307692 0.04326923076923077
0 0.04567307692307692 0.22235576923076922 0.04326923076923077 0.040865384615384616
0 0.03485576923076923 0.8233173076923077 0.06971153846153846 0.10817307692307693
0 0.5288461538461539 0.6430288461538461 0.02403846153846154 0.021634615384615384
0 0.5300480769230769 0.6610576923076923 0.021634615384615384 0.019230769230769232
0 0.6790865384615384 0.6634615384615384 0.026442307692307692 0.02403846153846154
0 0.8209134615384616 0.7644230769230769 0.03125 0.028846153846153848
0 0.5396634615384616 0.7800480769230769 0.03125 0.026442307692307692
0 0.6274038461538461 0.8125 0.04326923076923077 0.038461538461538464
0 0.6346153846153846 0.8461538461538461 0.04326923076923077 0.03365384615384615
0 0.6634615384615384 0.9110576923076923 0.019230769230769232 0.02403846153846154