0 0.2548076923076923 0.2764423076923077 0.009615384615384616 0.03365384615384615
0 0.7427884615384616 0.17668269230769232 0.052884615384615384 0.036057692307692304
0 0.8413461538461539 0.1778846153846154 0.057692307692307696 0.057692307692307696
0 0.9615384615384616 0.2091346153846154 0.04807692307692308 0.03365384615384615
0 0.8701923076923077 0.22235576923076922 0.04807692307692308 0.04567307692307692
0 0.7596153846153846 0.25841346153846156 0.04326923076923077 0.04567307692307692
0 0.8052884615384616 0.2668269230769231 0.0625 0.04807692307692308
0 0.875 0.265625 0.03365384615384615 0.026442307692307692
0 0.6021634615384616 0.2704326923076923 0.07932692307692307 0.06009615384615385
0 0.8293269230769231 0.2932692307692308 0.04326923076923077 0.04326923076923077
0 0.7283653846153846 0.3173076923076923 0.057692307692307696 0.03365384615384615
0 0.8774038461538461 0.01201923076923077 0.04326923076923077 0.02403846153846154
0 0.7019230769230769 0.38100961538461536 0.057692307692307696 0.040865384615384616
0 0.6826923076923077 0.038461538461538464 0.04326923076923077 0.038461538461538464
0 0.8713942307692307 0.11899038461538461 0.05048076923076923 0.04567307692307692
0 0.7980769230769231 0.1310096153846154 0.04807692307692308 0.036057692307692304
0 0.5120192307692307 0.5336538461538461 0.04326923076923077 0.038461538461538464