0 0.11899038461538461 0.2548076923076923 0.04567307692307692 0.03365384615384615
0 0.4362980769230769 0.3137019230769231 0.040865384615384616 0.04567307692307692
0 0.21875 0.5228365384615384 0.028846153846153848 0.026442307692307692
0 0.6875 0.4326923076923077 0.04326923076923077 0.04807692307692308
0 0.8978365384615384 0.5 0.040865384615384616 0.03365384615384615
0 0.890625 0.5709134615384616 0.026442307692307692 0.026442307692307692
0 0.9723557692307693 0.5901442307692307 0.03125 0.016826923076923076
0 0.015625 0.6911057692307693 0.03125 0.04567307692307692
0 0.15745192307692307 0.734375 0.05048076923076923 0.06009615384615385
0 0.59375 0.8389423076923077 0.02403846153846154 0.028846153846153848
0 0.5576923076923077 0.7608173076923077 0.028846153846153848 0.036057692307692304