0 0.5288461538461539 0.12620192307692307 0.038461538461538464 0.04567307692307692
0 0.984375 0.1875 0.03125 0.057692307692307696
0 0.9026442307692307 0.3641826923076923 0.08413461538461539 0.05048076923076923
0 0.051682692307692304 0.6274038461538461 0.05048076923076923 0.028846153846153848
0 0.028846153846153848 0.6826923076923077 0.057692307692307696 0.04326923076923077
0 0.41947115384615385 0.7043269230769231 0.05048076923076923 0.057692307692307696
0 0.052884615384615384 0.7632211538461539 0.052884615384615384 0.026442307692307692
0 0.013221153846153846 0.7680288461538461 0.026442307692307692 0.05048076923076923
0 0.4387019230769231 0.8870192307692307 0.05048076923076923 0.04326923076923077
0 0.046875 0.9567307692307693 0.06009615384615385 0.0673076923076923
0 0.21514423076923078 0.4831730769230769 0.036057692307692304 0.019230769230769232
0 0.7836538461538461 0.7992788461538461 0.04807692307692308 0.04567307692307692