0 0.9699519230769231 0.43990384615384615 0.03125 0.02403846153846154
0 0.9254807692307693 0.48677884615384615 0.02403846153846154 0.03125
0 0.8257211538461539 0.5372596153846154 0.040865384615384616 0.040865384615384616
0 0.8774038461538461 0.5396634615384616 0.02403846153846154 0.026442307692307692
0 0.8209134615384616 0.5697115384615384 0.03125 0.03365384615384615
0 0.3942307692307692 0.65625 0.03365384615384615 0.03365384615384615
0 0.6935096153846154 0.6995192307692307 0.036057692307692304 0.03365384615384615
0 0.8942307692307693 0.7127403846153846 0.03365384615384615 0.026442307692307692
0 0.8305288461538461 0.7259615384615384 0.021634615384615384 0.02403846153846154
0 0.7944711538461539 0.7307692307692307 0.036057692307692304 0.04326923076923077
0 0.8822115384615384 0.7463942307692307 0.02403846153846154 0.026442307692307692