0 0.3737980769230769 0.07572115384615384 0.04567307692307692 0.040865384615384616
0 0.6730769230769231 0.12620192307692307 0.04326923076923077 0.040865384615384616
0 0.6057692307692307 0.5444711538461539 0.0625 0.05048076923076923
0 0.6947115384615384 0.019230769230769232 0.009615384615384616 0.038461538461538464
0 0.8641826923076923 0.027644230769230768 0.026442307692307692 0.026442307692307692
0 0.8461538461538461 0.10817307692307693 0.038461538461538464 0.03365384615384615
0 0.9963942307692307 0.4026442307692308 0.007211538461538462 0.03125
0 0.9651442307692307 0.4326923076923077 0.036057692307692304 0.03365384615384615
0 0.8425480769230769 0.43990384615384615 0.040865384615384616 0.03365384615384615
0 0.8846153846153846 0.47115384615384615 0.028846153846153848 0.02403846153846154
0 0.7908653846153846 0.4795673076923077 0.04326923076923077 0.04567307692307692
0 0.8461538461538461 0.5408653846153846 0.04807692307692308 0.04326923076923077
0 0.7920673076923077 0.5540865384615384 0.040865384615384616 0.03125
0 0.9242788461538461 0.5588942307692307 0.036057692307692304 0.021634615384615384
0 0.8870192307692307 0.5625 0.03365384615384615 0.014423076923076924
0 0.09014423076923077 0.7475961538461539 0.06971153846153846 0.057692307692307696
0 0.18028846153846154 0.8209134615384616 0.04326923076923077 0.040865384615384616
0 0.3329326923076923 0.8425480769230769 0.06009615384615385 0.06971153846153846
0 0.27403846153846156 0.8545673076923077 0.03365384615384615 0.021634615384615384
0 0.1778846153846154 0.9350961538461539 0.04326923076923077 0.04326923076923077
0 0.24278846153846154 0.9411057692307693 0.04326923076923077 0.040865384615384616
0 0.32572115384615385 0.9459134615384616 0.05048076923076923 0.04567307692307692
0 0.8834134615384616 0.7584134615384616 0.06009615384615385 0.06971153846153846
0 0.9495192307692307 0.8064903846153846 0.052884615384615384 0.04567307692307692
0 0.9314903846153846 0.8665865384615384 0.055288461538461536 0.07932692307692307
0 0.8725961538461539 0.8762019230769231 0.057692307692307696 0.07451923076923077
0 0.9699519230769231 0.9086538461538461 0.06009615384615385 0.052884615384615384
0 0.8389423076923077 0.9230769230769231 0.04326923076923077 0.04326923076923077
0 0.9266826923076923 0.5961538461538461 0.05048076923076923 0.052884615384615384
0 0.8689903846153846 0.6069711538461539 0.040865384615384616 0.036057692307692304
0 0.9038461538461539 0.6682692307692307 0.038461538461538464 0.03365384615384615