0 0.8064903846153846 0.3245192307692308 0.05048076923076923 0.04326923076923077
0 0.7127403846153846 0.39302884615384615 0.08413461538461539 0.07451923076923077
0 0.9338942307692307 0.47836538461538464 0.07932692307692307 0.0673076923076923
0 0.18389423076923078 0.7860576923076923 0.040865384615384616 0.03365384615384615
0 0.20673076923076922 0.9567307692307693 0.03365384615384615 0.038461538461538464
0 0.17307692307692307 0.9747596153846154 0.038461538461538464 0.04567307692307692
0 0.6117788461538461 0.7391826923076923 0.07451923076923077 0.06971153846153846
0 0.8209134615384616 0.8125 0.06971153846153846 0.0673076923076923
0 0.7127403846153846 0.8329326923076923 0.06490384615384616 0.06009615384615385
0 0.6574519230769231 0.8870192307692307 0.04567307692307692 0.052884615384615384
0 0.7644230769230769 0.9206730769230769 0.04807692307692308 0.04807692307692308
0 0.7019230769230769 0.9927884615384616 0.04807692307692308 0.014423076923076924