0 0.2644230769230769 0.15745192307692307 0.03365384615384615 0.03125
0 0.1502403846153846 0.19471153846153846 0.036057692307692304 0.028846153846153848
0 0.20673076923076922 0.20673076923076922 0.04326923076923077 0.028846153846153848
0 0.24639423076923078 0.23798076923076922 0.06009615384615385 0.04807692307692308
0 0.11778846153846154 0.6394230769230769 0.04807692307692308 0.038461538461538464
0 0.006009615384615385 0.6646634615384616 0.01201923076923077 0.03125
0 0.0625 0.7668269230769231 0.03365384615384615 0.038461538461538464
0 0.06009615384615385 0.9723557692307693 0.052884615384615384 0.040865384615384616
0 0.17307692307692307 0.9759615384615384 0.03365384615384615 0.03365384615384615
0 0.20192307692307693 0.9903846153846154 0.04807692307692308 0.019230769230769232
0 0.39663461538461536 0.5036057692307693 0.038461538461538464 0.03125
0 0.4338942307692308 0.5588942307692307 0.05048076923076923 0.04567307692307692