0 0.3317307692307692 0.2644230769230769 0.014423076923076924 0.028846153846153848
0 0.6814903846153846 0.3401442307692308 0.036057692307692304 0.03125
0 0.44591346153846156 0.36778846153846156 0.040865384615384616 0.03365384615384615
0 0.6021634615384616 0.40625 0.04567307692307692 0.038461538461538464
0 0.49278846153846156 0.4230769230769231 0.038461538461538464 0.038461538461538464
0 0.5444711538461539 0.4254807692307692 0.04567307692307692 0.03365384615384615
0 0.6346153846153846 0.46875 0.038461538461538464 0.038461538461538464
0 0.8966346153846154 0.13341346153846154 0.03365384615384615 0.03125
0 0.765625 0.15144230769230768 0.036057692307692304 0.03365384615384615
0 0.765625 0.3004807692307692 0.05048076923076923 0.03365384615384615
0 0.8966346153846154 0.051682692307692304 0.03365384615384615 0.03125
0 0.765625 0.03125 0.036057692307692304 0.03365384615384615
0 0.0625 0.7175480769230769 0.04807692307692308 0.036057692307692304
0 0.006009615384615385 0.7439903846153846 0.01201923076923077 0.04567307692307692
0 0.3954326923076923 0.5300480769230769 0.06971153846153846 0.021634615384615384
0 0.4206730769230769 0.5649038461538461 0.04807692307692308 0.057692307692307696
0 0.3894230769230769 0.7319711538461539 0.052884615384615384 0.05048076923076923