0 0.19591346153846154 0.25240384615384615 0.04567307692307692 0.052884615384615384
0 0.3269230769230769 0.4014423076923077 0.02403846153846154 0.028846153846153848
0 0.2800480769230769 0.4807692307692308 0.040865384615384616 0.014423076923076924
0 0.21754807692307693 0.07211538461538461 0.036057692307692304 0.028846153846153848
0 0.6514423076923077 0.046875 0.04326923076923077 0.036057692307692304
0 0.8461538461538461 0.6514423076923077 0.02403846153846154 0.02403846153846154
0 0.9302884615384616 0.6586538461538461 0.02403846153846154 0.02403846153846154
0 0.9735576923076923 0.671875 0.028846153846153848 0.021634615384615384
0 0.9951923076923077 0.6899038461538461 0.009615384615384616 0.028846153846153848
0 0.7439903846153846 0.7415865384615384 0.021634615384615384 0.021634615384615384
0 0.6814903846153846 0.7860576923076923 0.040865384615384616 0.04807692307692308
0 0.9771634615384616 0.8016826923076923 0.040865384615384616 0.040865384615384616
0 0.9074519230769231 0.9891826923076923 0.04567307692307692 0.021634615384615384
0 0.9783653846153846 0.6009615384615384 0.02403846153846154 0.02403846153846154