0 0.4338942307692308 0.2980769230769231 0.03125 0.038461538461538464
0 0.2439903846153846 0.3557692307692308 0.036057692307692304 0.028846153846153848
0 0.46875 0.3641826923076923 0.04326923076923077 0.03125
0 0.3161057692307692 0.39663461538461536 0.036057692307692304 0.02403846153846154
0 0.2091346153846154 0.4807692307692308 0.052884615384615384 0.038461538461538464
0 0.6814903846153846 0.10216346153846154 0.03125 0.026442307692307692
0 0.7884615384615384 0.1045673076923077 0.03365384615384615 0.03125
0 0.8677884615384616 0.11658653846153846 0.038461538461538464 0.026442307692307692
0 0.9543269230769231 0.14903846153846154 0.02403846153846154 0.02403846153846154
0 0.9747596153846154 0.17067307692307693 0.03125 0.03365384615384615
0 0.5961538461538461 0.18028846153846154 0.028846153846153848 0.02403846153846154
0 0.7307692307692307 0.18509615384615385 0.057692307692307696 0.04326923076923077
0 0.9014423076923077 0.25841346153846156 0.028846153846153848 0.021634615384615384
0 0.8581730769230769 0.25721153846153844 0.028846153846153848 0.019230769230769232
0 0.7908653846153846 0.27403846153846156 0.028846153846153848 0.03365384615384615
0 0.8557692307692307 0.2776442307692308 0.02403846153846154 0.021634615384615384
0 0.8233173076923077 0.2824519230769231 0.016826923076923076 0.016826923076923076
0 0.8413461538461539 0.296875 0.02403846153846154 0.03125
0 0.8581730769230769 0.29927884615384615 0.02403846153846154 0.021634615384615384
0 0.8966346153846154 0.3016826923076923 0.03365384615384615 0.03125
0 0.75 0.3088942307692308 0.02403846153846154 0.016826923076923076
0 0.859375 0.32091346153846156 0.026442307692307692 0.016826923076923076
0 0.7560096153846154 0.3233173076923077 0.016826923076923076 0.016826923076923076
0 0.7884615384615384 0.3401442307692308 0.028846153846153848 0.021634615384615384
0 0.859375 0.3425480769230769 0.026442307692307692 0.016826923076923076
0 0.7560096153846154 0.3473557692307692 0.03125 0.021634615384615384
0 0.84375 0.36177884615384615 0.019230769230769232 0.021634615384615384
0 0.7572115384615384 0.3641826923076923 0.019230769230769232 0.016826923076923076
0 0.7788461538461539 0.37740384615384615 0.028846153846153848 0.02403846153846154
0 0.7644230769230769 0.4567307692307692 0.03365384615384615 0.02403846153846154
0 0.9146634615384616 0.003605769230769231 0.021634615384615384 0.007211538461538462
0 0.8725961538461539 0.019230769230769232 0.019230769230769232 0.02403846153846154
0 0.8389423076923077 0.07211538461538461 0.019230769230769232 0.02403846153846154
0 0.8581730769230769 0.08653846153846154 0.02403846153846154 0.019230769230769232
0 0.7644230769230769 0.09254807692307693 0.03365384615384615 0.03125
0 0.7307692307692307 0.8930288461538461 0.052884615384615384 0.07451923076923077