0 0.051682692307692304 0.015625 0.10336538461538461 0.03125
0 0.09735576923076923 0.234375 0.0985576923076923 0.0889423076923077
0 0.14182692307692307 0.32091346153846156 0.15865384615384615 0.10817307692307693
0 0.13942307692307693 0.40384615384615385 0.1346153846153846 0.08653846153846154
0 0.14903846153846154 0.421875 0.03365384615384615 0.036057692307692304
0 0.03125 0.5420673076923077 0.03365384615384615 0.04567307692307692
0 0.12379807692307693 0.5829326923076923 0.04567307692307692 0.04567307692307692
0 0.051682692307692304 0.59375 0.05048076923076923 0.028846153846153848
0 0.2704326923076923 0.6009615384615384 0.055288461538461536 0.014423076923076924
0 0.15384615384615385 0.7271634615384616 0.057692307692307696 0.05048076923076923
0 0.5348557692307693 0.7211538461538461 0.15144230769230768 0.10576923076923077