0 0.16947115384615385 0.09014423076923077 0.036057692307692304 0.03125
0 0.12379807692307693 0.1201923076923077 0.036057692307692304 0.03365384615384615
0 0.010817307692307692 0.12740384615384615 0.021634615384615384 0.03365384615384615
0 0.04326923076923077 0.15865384615384615 0.028846153846153848 0.02403846153846154
0 0.014423076923076924 0.2283653846153846 0.028846153846153848 0.04326923076923077
0 0.0829326923076923 0.25240384615384615 0.036057692307692304 0.03365384615384615
0 0.04567307692307692 0.2608173076923077 0.03365384615384615 0.036057692307692304
0 0.021634615384615384 0.8798076923076923 0.03365384615384615 0.03365384615384615
0 0.30288461538461536 0.8990384615384616 0.038461538461538464 0.04326923076923077
0 0.3870192307692308 0.6141826923076923 0.04326923076923077 0.05048076923076923
0 0.46875 0.6237980769230769 0.019230769230769232 0.016826923076923076
0 0.6225961538461539 0.7175480769230769 0.052884615384615384 0.04567307692307692
0 0.7091346153846154 0.7415865384615384 0.10576923076923077 0.09375
0 0.41346153846153844 0.7524038461538461 0.052884615384615384 0.038461538461538464
0 0.5432692307692307 0.7956730769230769 0.0625 0.03365384615384615
0 0.5396634615384616 0.8221153846153846 0.026442307692307692 0.019230769230769232
0 0.4170673076923077 0.8497596153846154 0.03125 0.026442307692307692
0 0.3870192307692308 0.8509615384615384 0.028846153846153848 0.028846153846153848
0 0.4519230769230769 0.8822115384615384 0.019230769230769232 0.019230769230769232
0 0.36899038461538464 0.8858173076923077 0.021634615384615384 0.036057692307692304
0 0.3858173076923077 0.8870192307692307 0.016826923076923076 0.019230769230769232
0 0.6045673076923077 0.8942307692307693 0.026442307692307692 0.03365384615384615
0 0.7211538461538461 0.8942307692307693 0.03365384615384615 0.02403846153846154
0 0.4098557692307692 0.9002403846153846 0.03125 0.021634615384615384
0 0.5600961538461539 0.9447115384615384 0.019230769230769232 0.019230769230769232
0 0.5432692307692307 0.9579326923076923 0.014423076923076924 0.016826923076923076
0 0.5360576923076923 0.4855769230769231 0.07211538461538461 0.0673076923076923
0 0.5757211538461539 0.5300480769230769 0.036057692307692304 0.03125