0 0.3173076923076923 0.051682692307692304 0.0625 0.06009615384615385
0 0.3629807692307692 0.16947115384615385 0.07692307692307693 0.06009615384615385
0 0.21875 0.23076923076923078 0.07692307692307693 0.057692307692307696
0 0.40625 0.25 0.04326923076923077 0.0673076923076923
0 0.24519230769230768 0.3293269230769231 0.0673076923076923 0.057692307692307696
0 0.30288461538461536 0.36538461538461536 0.052884615384615384 0.057692307692307696
0 0.3762019230769231 0.5048076923076923 0.055288461538461536 0.04807692307692308
0 0.7259615384615384 0.2956730769230769 0.028846153846153848 0.03365384615384615
0 0.3016826923076923 0.6971153846153846 0.04567307692307692 0.052884615384615384
0 0.5516826923076923 0.7103365384615384 0.04567307692307692 0.04567307692307692
0 0.45552884615384615 0.7512019230769231 0.055288461538461536 0.055288461538461536
0 0.6370192307692307 0.8990384615384616 0.057692307692307696 0.057692307692307696