0 0.38221153846153844 0.7860576923076923 0.04326923076923077 0.03365384615384615
0 0.5252403846153846 0.8425480769230769 0.04567307692307692 0.040865384615384616
0 0.4579326923076923 0.9038461538461539 0.06971153846153846 0.057692307692307696
0 0.4987980769230769 0.953125 0.08413461538461539 0.06490384615384616
0 0.28125 0.9915865384615384 0.0673076923076923 0.016826923076923076
0 0.41586538461538464 0.6887019230769231 0.057692307692307696 0.026442307692307692
0 0.4879807692307692 0.7079326923076923 0.052884615384615384 0.06009615384615385
0 0.484375 0.7163461538461539 0.05048076923076923 0.03365384615384615
0 0.36899038461538464 0.7319711538461539 0.036057692307692304 0.055288461538461536
0 0.5072115384615384 0.7572115384615384 0.0625 0.03365384615384615
0 0.4170673076923077 0.7680288461538461 0.036057692307692304 0.03125
0 0.9206730769230769 0.5252403846153846 0.04326923076923077 0.026442307692307692
0 0.6862980769230769 0.5721153846153846 0.07451923076923077 0.0625
0 0.7692307692307693 0.5793269230769231 0.0673076923076923 0.0625
0 0.9435096153846154 0.6610576923076923 0.04567307692307692 0.0625
0 0.9795673076923077 0.7524038461538461 0.040865384615384616 0.0625
0 0.9675480769230769 0.8125 0.06490384615384616 0.057692307692307696