0 0.09975961538461539 0.21634615384615385 0.040865384615384616 0.038461538461538464
0 0.14783653846153846 0.21875 0.04567307692307692 0.04326923076923077
0 0.13942307692307693 0.28125 0.052884615384615384 0.04807692307692308
0 0.43990384615384615 0.2980769230769231 0.04326923076923077 0.038461538461538464
0 0.43028846153846156 0.3425480769230769 0.03365384615384615 0.04567307692307692
0 0.3485576923076923 0.4362980769230769 0.08173076923076923 0.04567307692307692
0 0.984375 0.02283653846153846 0.03125 0.04567307692307692
0 0.7415865384615384 0.051682692307692304 0.04567307692307692 0.04567307692307692
0 0.6201923076923077 0.10096153846153846 0.038461538461538464 0.04326923076923077
0 0.7067307692307693 0.18269230769230768 0.04326923076923077 0.052884615384615384
0 0.9735576923076923 0.1935096153846154 0.04807692307692308 0.055288461538461536
0 0.9423076923076923 0.3701923076923077 0.04326923076923077 0.04807692307692308
0 0.36538461538461536 0.8100961538461539 0.03365384615384615 0.028846153846153848
0 0.3473557692307692 0.8389423076923077 0.03125 0.038461538461538464
0 0.3713942307692308 0.9002403846153846 0.026442307692307692 0.03125
0 0.4567307692307692 0.9663461538461539 0.028846153846153848 0.038461538461538464