0 0.16105769230769232 0.2764423076923077 0.028846153846153848 0.02403846153846154
0 0.12860576923076922 0.2764423076923077 0.03125 0.019230769230769232
0 0.0673076923076923 0.3137019230769231 0.03365384615384615 0.03125
0 0.9639423076923077 0.10817307692307693 0.03365384615384615 0.03365384615384615
0 0.8858173076923077 0.32091346153846156 0.036057692307692304 0.03125
0 0.3858173076923077 0.8605769230769231 0.04567307692307692 0.04326923076923077
0 0.23798076923076922 0.9098557692307693 0.04326923076923077 0.040865384615384616
0 0.4110576923076923 0.4483173076923077 0.014423076923076924 0.036057692307692304
0 0.28365384615384615 0.5228365384615384 0.057692307692307696 0.04567307692307692
0 0.6177884615384616 0.8317307692307693 0.038461538461538464 0.028846153846153848
0 0.5769230769230769 0.8617788461538461 0.019230769230769232 0.021634615384615384
0 0.6586538461538461 0.9795673076923077 0.038461538461538464 0.036057692307692304