0 0.23798076923076922 0.06129807692307692 0.0625 0.06490384615384616
0 0.2512019230769231 0.18870192307692307 0.036057692307692304 0.055288461538461536
0 0.11177884615384616 0.20192307692307693 0.026442307692307692 0.03365384615384615
0 0.0889423076923077 0.23317307692307693 0.038461538461538464 0.03365384615384615
0 0.0625 0.2980769230769231 0.04807692307692308 0.04807692307692308
0 0.013221153846153846 0.3713942307692308 0.026442307692307692 0.03125
0 0.6478365384615384 0.17548076923076922 0.04567307692307692 0.03365384615384615
0 0.39302884615384615 0.4170673076923077 0.07451923076923077 0.036057692307692304
0 0.5240384615384616 0.5072115384615384 0.052884615384615384 0.04326923076923077
0 0.2932692307692308 0.6081730769230769 0.04807692307692308 0.08653846153846154
0 0.4423076923076923 0.6346153846153846 0.0673076923076923 0.0625
0 0.4098557692307692 0.7560096153846154 0.05048076923076923 0.05048076923076923