0 0.7463942307692307 0.25600961538461536 0.036057692307692304 0.03125
0 0.5108173076923077 0.28365384615384615 0.040865384615384616 0.03365384615384615
0 0.6670673076923077 0.32211538461538464 0.04567307692307692 0.038461538461538464
0 0.5576923076923077 0.3389423076923077 0.038461538461538464 0.038461538461538464
0 0.609375 0.34134615384615385 0.04567307692307692 0.03365384615384615
0 0.6995192307692307 0.38461538461538464 0.038461538461538464 0.038461538461538464
0 0.9615384615384616 0.04927884615384615 0.03365384615384615 0.03125
0 0.8305288461538461 0.0673076923076923 0.036057692307692304 0.03365384615384615
0 0.3713942307692308 0.15264423076923078 0.06009615384615385 0.04567307692307692
0 0.8305288461538461 0.21634615384615385 0.05048076923076923 0.03365384615384615
0 0.6201923076923077 0.7103365384615384 0.019230769230769232 0.016826923076923076
0 0.7259615384615384 0.7151442307692307 0.014423076923076924 0.016826923076923076
0 0.5853365384615384 0.8509615384615384 0.03125 0.028846153846153848
0 0.7091346153846154 0.8689903846153846 0.03365384615384615 0.03125
0 0.7091346153846154 0.9915865384615384 0.03365384615384615 0.016826923076923076