0 0.33052884615384615 0.15985576923076922 0.12740384615384615 0.13701923076923078
0 0.32211538461538464 0.16947115384615385 0.1346153846153846 0.10817307692307693
0 0.5252403846153846 0.3317307692307692 0.026442307692307692 0.03365384615384615
0 0.010817307692307692 0.4831730769230769 0.021634615384615384 0.028846153846153848
0 0.5336538461538461 0.5649038461538461 0.009615384615384616 0.028846153846153848
0 0.5228365384615384 0.6021634615384616 0.03125 0.036057692307692304
0 0.10216346153846154 0.6141826923076923 0.03125 0.026442307692307692
0 0.5588942307692307 0.4266826923076923 0.021634615384615384 0.021634615384615384
0 0.6430288461538461 0.5180288461538461 0.021634615384615384 0.026442307692307692
0 0.5841346153846154 0.5420673076923077 0.019230769230769232 0.021634615384615384
0 0.6189903846153846 0.5528846153846154 0.021634615384615384 0.02403846153846154
0 0.6310096153846154 0.5540865384615384 0.021634615384615384 0.021634615384615384
0 0.6274038461538461 0.5697115384615384 0.03365384615384615 0.019230769230769232
0 0.3112980769230769 0.875 0.05048076923076923 0.038461538461538464