0 0.7572115384615384 0.05889423076923077 0.028846153846153848 0.021634615384615384
0 0.8413461538461539 0.39903846153846156 0.028846153846153848 0.028846153846153848
0 0.7079326923076923 0.01201923076923077 0.03125 0.02403846153846154
0 0.7331730769230769 0.014423076923076924 0.028846153846153848 0.028846153846153848
0 0.24158653846153846 0.6478365384615384 0.040865384615384616 0.040865384615384616
0 0.18389423076923078 0.6742788461538461 0.04567307692307692 0.036057692307692304
0 0.515625 0.9603365384615384 0.03125 0.05048076923076923
0 0.7115384615384616 0.6947115384615384 0.07692307692307693 0.08653846153846154
0 0.6117788461538461 0.9086538461538461 0.06490384615384616 0.0625
0 0.9615384615384616 0.9495192307692307 0.03365384615384615 0.052884615384615384
0 0.8858173076923077 0.9507211538461539 0.06009615384615385 0.06009615384615385
0 0.8461538461538461 0.9771634615384616 0.03365384615384615 0.036057692307692304
0 0.9002403846153846 0.9879807692307693 0.021634615384615384 0.02403846153846154
0 0.6646634615384616 0.48677884615384615 0.05048076923076923 0.016826923076923076
0 0.5985576923076923 0.546875 0.038461538461538464 0.05048076923076923