0 0.9206730769230769 0.026442307692307692 0.09134615384615384 0.052884615384615384
0 0.9314903846153846 0.07932692307692307 0.09375 0.08653846153846154
0 0.9134615384615384 0.12139423076923077 0.028846153846153848 0.03125
0 0.39302884615384615 0.7007211538461539 0.036057692307692304 0.05048076923076923
0 0.3629807692307692 0.7079326923076923 0.057692307692307696 0.05048076923076923
0 0.4326923076923077 0.7283653846153846 0.038461538461538464 0.052884615384615384
0 0.4375 0.7740384615384616 0.052884615384615384 0.03365384615384615
0 0.5853365384615384 0.8040865384615384 0.04567307692307692 0.026442307692307692
0 0.41586538461538464 0.8161057692307693 0.057692307692307696 0.05048076923076923
0 0.4495192307692308 0.8473557692307693 0.03365384615384615 0.05048076923076923
0 0.19951923076923078 0.8581730769230769 0.052884615384615384 0.038461538461538464
0 0.41466346153846156 0.9795673076923077 0.06009615384615385 0.040865384615384616
0 0.5865384615384616 0.6935096153846154 0.038461538461538464 0.036057692307692304
0 0.8822115384615384 0.8521634615384616 0.07692307692307693 0.07451923076923077
0 0.7992788461538461 0.8557692307692307 0.04567307692307692 0.0625
0 0.9110576923076923 0.9206730769230769 0.052884615384615384 0.0673076923076923
0 0.9855769230769231 0.9242788461538461 0.028846153846153848 0.06009615384615385
0 0.8377403846153846 0.9290865384615384 0.06009615384615385 0.05048076923076923