0 0.39783653846153844 0.18990384615384615 0.05048076923076923 0.052884615384615384
0 0.47115384615384615 0.4831730769230769 0.038461538461538464 0.028846153846153848
0 0.7103365384615384 0.28365384615384615 0.06009615384615385 0.04326923076923077
0 0.6454326923076923 0.3088942307692308 0.04567307692307692 0.07451923076923077
0 0.9375 0.34615384615384615 0.08653846153846154 0.0625
0 0.875 0.3786057692307692 0.057692307692307696 0.06971153846153846
0 0.6466346153846154 0.4230769230769231 0.057692307692307696 0.0673076923076923
0 0.8581730769230769 0.4987980769230769 0.08653846153846154 0.021634615384615384
0 0.953125 0.021634615384615384 0.06971153846153846 0.04326923076923077
0 0.7283653846153846 0.0889423076923077 0.057692307692307696 0.052884615384615384
0 0.9158653846153846 0.18629807692307693 0.04326923076923077 0.04567307692307692
0 0.9771634615384616 0.20192307692307693 0.04567307692307692 0.052884615384615384
0 0.90625 0.23197115384615385 0.052884615384615384 0.036057692307692304
0 0.42788461538461536 0.9435096153846154 0.028846153846153848 0.036057692307692304
0 0.27884615384615385 0.6826923076923077 0.0625 0.04326923076923077
0 0.5132211538461539 0.7475961538461539 0.01201923076923077 0.02403846153846154
0 0.21875 0.8233173076923077 0.052884615384615384 0.040865384615384616
0 0.4735576923076923 0.8557692307692307 0.038461538461538464 0.03365384615384615
0 0.39783653846153844 0.890625 0.036057692307692304 0.026442307692307692
0 0.27884615384615385 0.5300480769230769 0.0625 0.040865384615384616