0 0.009615384615384616 0.17307692307692307 0.019230769230769232 0.028846153846153848
0 0.3858173076923077 0.1971153846153846 0.036057692307692304 0.04326923076923077
0 0.002403846153846154 0.20673076923076922 0.004807692307692308 0.02403846153846154
0 0.203125 0.21634615384615385 0.036057692307692304 0.02403846153846154
0 0.06490384615384616 0.21754807692307693 0.028846153846153848 0.03125
0 0.030048076923076924 0.040865384615384616 0.055288461538461536 0.04807692307692308
0 0.14302884615384615 0.07932692307692307 0.03125 0.03365384615384615
0 0.9278846153846154 0.41586538461538464 0.028846153846153848 0.03365384615384615
0 0.8293269230769231 0.4254807692307692 0.038461538461538464 0.038461538461538464
0 0.578125 0.8125 0.03125 0.028846153846153848
0 0.5973557692307693 0.5360576923076923 0.021634615384615384 0.028846153846153848