0 0.12620192307692307 0.31850961538461536 0.03125 0.03125
0 0.6646634615384616 0.33533653846153844 0.036057692307692304 0.05048076923076923
0 0.6346153846153846 0.3425480769230769 0.057692307692307696 0.05048076923076923
0 0.7043269230769231 0.3629807692307692 0.038461538461538464 0.052884615384615384
0 0.7091346153846154 0.40865384615384615 0.052884615384615384 0.03365384615384615
0 0.8569711538461539 0.4387019230769231 0.04567307692307692 0.026442307692307692
0 0.6875 0.45072115384615385 0.057692307692307696 0.05048076923076923
0 0.7211538461538461 0.48197115384615385 0.03365384615384615 0.05048076923076923
0 0.47115384615384615 0.49278846153846156 0.052884615384615384 0.038461538461538464
0 0.6862980769230769 0.6165865384615384 0.06009615384615385 0.04567307692307692
0 0.9290865384615384 0.26802884615384615 0.05048076923076923 0.05048076923076923
0 0.8581730769230769 0.328125 0.038461538461538464 0.036057692307692304
0 0.23557692307692307 0.9182692307692307 0.052884615384615384 0.07211538461538461
0 0.7932692307692307 0.8653846153846154 0.052884615384615384 0.052884615384615384
0 0.9771634615384616 0.8786057692307693 0.04567307692307692 0.06009615384615385
0 0.6298076923076923 0.8834134615384616 0.07692307692307693 0.07451923076923077
0 0.546875 0.8870192307692307 0.04567307692307692 0.0625
0 0.6586538461538461 0.9519230769230769 0.052884615384615384 0.0673076923076923
0 0.7536057692307693 0.9555288461538461 0.06971153846153846 0.06009615384615385
0 0.5853365384615384 0.9603365384615384 0.06009615384615385 0.05048076923076923
0 0.8425480769230769 0.9915865384615384 0.06009615384615385 0.016826923076923076
0 0.9314903846153846 0.9915865384615384 0.04567307692307692 0.016826923076923076
0 0.9110576923076923 0.7211538461538461 0.0625 0.0625
0 0.8064903846153846 0.7475961538461539 0.05048076923076923 0.0625
0 0.9194711538461539 0.7980769230769231 0.05048076923076923 0.0673076923076923
0 0.9735576923076923 0.8028846153846154 0.04326923076923077 0.04326923076923077