0 0.046875 0.31971153846153844 0.036057692307692304 0.04326923076923077
0 0.05048076923076923 0.3605769230769231 0.02403846153846154 0.028846153846153848
0 0.8569711538461539 0.2403846153846154 0.06971153846153846 0.0625
0 0.8149038461538461 0.24278846153846154 0.0625 0.0625
0 0.9735576923076923 0.2704326923076923 0.052884615384615384 0.04567307692307692
0 0.9591346153846154 0.2980769230769231 0.038461538461538464 0.028846153846153848
0 0.71875 0.3329326923076923 0.0625 0.05048076923076923
0 0.953125 0.34134615384615385 0.04567307692307692 0.03365384615384615
0 0.8557692307692307 0.359375 0.057692307692307696 0.036057692307692304
0 0.9002403846153846 0.390625 0.04567307692307692 0.04567307692307692
0 0.6538461538461539 0.41586538461538464 0.052884615384615384 0.052884615384615384
0 0.6274038461538461 0.46033653846153844 0.0673076923076923 0.016826923076923076
0 0.9915865384615384 0.04326923076923077 0.016826923076923076 0.04326923076923077
0 0.42908653846153844 0.0985576923076923 0.06971153846153846 0.0625
0 0.7728365384615384 0.18028846153846154 0.06971153846153846 0.0673076923076923
0 0.5600961538461539 0.7860576923076923 0.052884615384615384 0.04326923076923077