0 0.36177884615384615 0.5012019230769231 0.03125 0.055288461538461536
0 0.40024038461538464 0.5096153846153846 0.040865384615384616 0.04807692307692308
0 0.48197115384615385 0.6129807692307693 0.04567307692307692 0.04326923076923077
0 0.45552884615384615 0.6370192307692307 0.055288461538461536 0.028846153846153848
0 0.359375 0.6911057692307693 0.03125 0.036057692307692304
0 0.35336538461538464 0.7211538461538461 0.038461538461538464 0.03365384615384615
0 0.22596153846153846 0.28846153846153844 0.13942307692307693 0.10576923076923077
0 0.8173076923076923 0.20793269230769232 0.0625 0.040865384615384616
0 0.4362980769230769 0.39903846153846156 0.05048076923076923 0.04326923076923077
0 0.4807692307692308 0.9915865384615384 0.04807692307692308 0.01201923076923077
0 0.45552884615384615 0.9831730769230769 0.055288461538461536 0.028846153846153848
0 0.359375 0.9314903846153846 0.03125 0.036057692307692304
0 0.35336538461538464 0.8990384615384616 0.038461538461538464 0.03365384615384615
0 0.22596153846153846 0.08653846153846154 0.13942307692307693 0.10576923076923077
0 0.8173076923076923 0.16947115384615385 0.0625 0.040865384615384616