0 0.04927884615384615 0.008413461538461538 0.07932692307692307 0.016826923076923076
0 0.9819711538461539 0.2091346153846154 0.026442307692307692 0.02403846153846154
0 0.3918269230769231 0.5877403846153846 0.0673076923076923 0.016826923076923076
0 0.44711538461538464 0.5961538461538461 0.04326923076923077 0.03365384615384615
0 0.43149038461538464 0.6394230769230769 0.06009615384615385 0.057692307692307696
0 0.25721153846153844 0.7463942307692307 0.052884615384615384 0.040865384615384616
0 0.20192307692307693 0.7487980769230769 0.04807692307692308 0.040865384615384616
0 0.3798076923076923 0.7644230769230769 0.052884615384615384 0.0673076923076923
0 0.30288461538461536 0.8233173076923077 0.0625 0.07451923076923077
0 0.37740384615384615 0.875 0.10096153846153846 0.07211538461538461
0 0.07451923076923077 0.7463942307692307 0.052884615384615384 0.040865384615384616
0 0.12980769230769232 0.7487980769230769 0.04807692307692308 0.040865384615384616
0 0.030048076923076924 0.8233173076923077 0.06009615384615385 0.07451923076923077
0 0.003605769230769231 0.8762019230769231 0.007211538461538462 0.07451923076923077
0 0.9795673076923077 0.8221153846153846 0.040865384615384616 0.0673076923076923