0 0.24759615384615385 0.03125 0.1201923076923077 0.0625
0 0.019230769230769232 0.06610576923076923 0.038461538461538464 0.06971153846153846
0 0.07451923076923077 0.1141826923076923 0.052884615384615384 0.04567307692307692
0 0.2956730769230769 0.14182692307692307 0.08653846153846154 0.08653846153846154
0 0.056490384615384616 0.17427884615384615 0.055288461538461536 0.07932692307692307
0 0.013221153846153846 0.18389423076923078 0.026442307692307692 0.07451923076923077
0 0.1622596153846154 0.1971153846153846 0.08413461538461539 0.0625
0 0.09615384615384616 0.21634615384615385 0.0625 0.052884615384615384
0 0.1502403846153846 0.25240384615384615 0.036057692307692304 0.04326923076923077
0 0.19831730769230768 0.25240384615384615 0.06009615384615385 0.052884615384615384
0 0.171875 0.3125 0.06490384615384616 0.057692307692307696
0 0.10576923076923077 0.3293269230769231 0.0673076923076923 0.057692307692307696
0 0.1346153846153846 0.36778846153846156 0.057692307692307696 0.02403846153846154
0 0.5372596153846154 0.03125 0.08413461538461539 0.0625
0 0.5072115384615384 0.14182692307692307 0.08653846153846154 0.08653846153846154
0 0.703125 0.17548076923076922 0.021634615384615384 0.028846153846153848
0 0.6706730769230769 0.18269230769230768 0.038461538461538464 0.03365384615384615
0 0.9387019230769231 0.24278846153846154 0.026442307692307692 0.02403846153846154
0 0.6165865384615384 0.3016826923076923 0.021634615384615384 0.021634615384615384
0 0.47716346153846156 0.7920673076923077 0.036057692307692304 0.03125
0 0.24158653846153846 0.8197115384615384 0.040865384615384616 0.03365384615384615
0 0.39783653846153844 0.8581730769230769 0.04567307692307692 0.038461538461538464
0 0.28846153846153844 0.875 0.038461538461538464 0.038461538461538464
0 0.3401442307692308 0.8774038461538461 0.04567307692307692 0.03365384615384615
0 0.43028846153846156 0.9206730769230769 0.038461538461538464 0.038461538461538464
0 0.5612980769230769 0.6033653846153846 0.036057692307692304 0.03365384615384615
0 0.10216346153846154 0.6887019230769231 0.06009615384615385 0.04567307692307692
0 0.5576923076923077 0.7524038461538461 0.04326923076923077 0.03365384615384615
0 0.5612980769230769 0.4831730769230769 0.036057692307692304 0.03365384615384615
0 0.10216346153846154 0.4014423076923077 0.06009615384615385 0.04326923076923077
0 0.8293269230769231 0.7836538461538461 0.028846153846153848 0.03365384615384615
0 0.7884615384615384 0.9447115384615384 0.038461538461538464 0.052884615384615384
0 0.8293269230769231 0.9579326923076923 0.038461538461538464 0.040865384615384616