0 0.4795673076923077 0.28125 0.0889423076923077 0.07211538461538461
0 0.14903846153846154 0.2956730769230769 0.0625 0.07211538461538461
0 0.31971153846153844 0.4963942307692308 0.0625 0.07451923076923077
0 0.23918269230769232 0.65625 0.06971153846153846 0.02403846153846154
0 0.25841346153846156 0.1045673076923077 0.06490384615384616 0.07932692307692307
0 0.9723557692307693 0.5552884615384616 0.055288461538461536 0.0673076923076923
0 0.41466346153846156 0.7475961538461539 0.05048076923076923 0.057692307692307696
0 0.025240384615384616 0.7548076923076923 0.04567307692307692 0.038461538461538464
0 0.390625 0.7764423076923077 0.040865384615384616 0.038461538461538464
0 0.3894230769230769 0.6814903846153846 0.04807692307692308 0.026442307692307692
0 0.22596153846153846 0.7103365384615384 0.04326923076923077 0.055288461538461536