0 0.6129807692307693 0.026442307692307692 0.028846153846153848 0.03365384615384615
0 0.6394230769230769 0.2439903846153846 0.038461538461538464 0.026442307692307692
0 0.5012019230769231 0.7536057692307693 0.016826923076923076 0.04567307692307692
0 0.49759615384615385 0.796875 0.02403846153846154 0.040865384615384616
0 0.054086538461538464 0.8834134615384616 0.036057692307692304 0.036057692307692304
0 0.3629807692307692 0.9038461538461539 0.04326923076923077 0.038461538461538464
0 0.03365384615384615 0.9771634615384616 0.03365384615384615 0.04567307692307692
0 0.5961538461538461 0.9014423076923077 0.03365384615384615 0.03365384615384615
0 0.7139423076923077 0.9086538461538461 0.0673076923076923 0.07211538461538461
0 0.7764423076923077 0.9555288461538461 0.028846153846153848 0.03125
0 0.5817307692307693 0.9639423076923077 0.038461538461538464 0.04326923076923077