0 0.06490384615384616 0.040865384615384616 0.03365384615384615 0.03365384615384615
0 0.014423076923076924 0.1622596153846154 0.028846153846153848 0.021634615384615384
0 0.004807692307692308 0.3245192307692308 0.009615384615384616 0.03365384615384615
0 0.07211538461538461 0.5661057692307693 0.02403846153846154 0.021634615384615384
0 0.09375 0.5913461538461539 0.02403846153846154 0.014423076923076924
0 0.6141826923076923 0.4375 0.036057692307692304 0.038461538461538464
0 0.6478365384615384 0.5168269230769231 0.03125 0.02403846153846154
0 0.04447115384615385 0.7884615384615384 0.07451923076923077 0.0673076923076923
0 0.0673076923076923 0.9146634615384616 0.0625 0.04567307692307692
0 0.171875 0.9903846153846154 0.04567307692307692 0.019230769230769232
0 0.8329326923076923 0.984375 0.03125 0.03125
0 0.7848557692307693 0.9963942307692307 0.026442307692307692 0.007211538461538462