0 0.2403846153846154 0.021634615384615384 0.0625 0.04326923076923077
0 0.14423076923076922 0.0625 0.0673076923076923 0.052884615384615384
0 0.29447115384615385 0.09735576923076923 0.07451923076923077 0.06971153846153846
0 0.11899038461538461 0.1971153846153846 0.04567307692307692 0.04807692307692308
0 0.1935096153846154 0.2932692307692308 0.07932692307692307 0.057692307692307696
0 0.27403846153846156 0.296875 0.04807692307692308 0.06971153846153846
0 0.11177884615384616 0.3449519230769231 0.06490384615384616 0.06490384615384616
0 0.3545673076923077 0.36538461538461536 0.026442307692307692 0.057692307692307696
0 0.3545673076923077 0.36778846153846156 0.026442307692307692 0.04807692307692308
0 0.09254807692307693 0.4795673076923077 0.07451923076923077 0.06971153846153846
0 0.27163461538461536 0.49759615384615385 0.057692307692307696 0.057692307692307696
0 0.6814903846153846 0.4855769230769231 0.055288461538461536 0.0625
0 0.4519230769230769 0.6983173076923077 0.038461538461538464 0.026442307692307692
0 0.5865384615384616 0.7692307692307693 0.038461538461538464 0.038461538461538464
0 0.7824519230769231 0.9170673076923077 0.036057692307692304 0.03125
0 0.7163461538461539 0.9326923076923077 0.03365384615384615 0.028846153846153848
0 0.578125 0.9807692307692307 0.03125 0.03365384615384615
0 0.7115384615384616 0.9807692307692307 0.028846153846153848 0.028846153846153848