0 0.30408653846153844 0.5168269230769231 0.055288461538461536 0.052884615384615384
0 0.5949519230769231 0.5528846153846154 0.07451923076923077 0.057692307692307696
0 0.6706730769230769 0.5865384615384616 0.057692307692307696 0.04326923076923077
0 0.3894230769230769 0.6802884615384616 0.07211538461538461 0.057692307692307696
0 0.703125 0.18269230769230768 0.06490384615384616 0.04807692307692308
0 0.34134615384615385 0.7487980769230769 0.0673076923076923 0.055288461538461536
0 0.5877403846153846 0.21754807692307693 0.0889423076923077 0.06971153846153846
0 0.5769230769230769 0.28125 0.057692307692307696 0.057692307692307696
0 0.25240384615384615 0.30288461538461536 0.0625 0.052884615384615384
0 0.4230769230769231 0.31850961538461536 0.04807692307692308 0.06490384615384616
0 0.703125 0.0673076923076923 0.06490384615384616 0.04807692307692308
0 0.3425480769230769 0.9855769230769231 0.06971153846153846 0.02403846153846154
0 0.5865384615384616 0.03485576923076923 0.09134615384615384 0.06971153846153846