0 0.2512019230769231 0.18629807692307693 0.05048076923076923 0.04567307692307692
0 0.1622596153846154 0.6947115384615384 0.06490384615384616 0.052884615384615384
0 0.15865384615384615 0.6983173076923077 0.057692307692307696 0.05048076923076923
0 0.036057692307692304 0.9182692307692307 0.07211538461538461 0.057692307692307696
0 0.5540865384615384 0.46153846153846156 0.03125 0.04326923076923077
0 0.8377403846153846 0.5709134615384616 0.08413461538461539 0.08413461538461539
0 0.5817307692307693 0.6670673076923077 0.08173076923076923 0.07451923076923077
0 0.671875 0.7980769230769231 0.04567307692307692 0.052884615384615384
0 0.6262019230769231 0.9182692307692307 0.055288461538461536 0.04326923076923077
0 0.7512019230769231 0.9338942307692307 0.06971153846153846 0.055288461538461536
0 0.5925480769230769 0.4495192307692308 0.10817307692307693 0.019230769230769232