0 0.5 0.04807692307692308 0.028846153846153848 0.02403846153846154
0 0.4050480769230769 0.056490384615384616 0.03125 0.021634615384615384
0 0.46875 0.057692307692307696 0.028846153846153848 0.019230769230769232
0 0.42908653846153844 0.07451923076923077 0.026442307692307692 0.02403846153846154
0 0.16346153846153846 0.08173076923076923 0.052884615384615384 0.057692307692307696
0 0.5348557692307693 0.125 0.036057692307692304 0.03365384615384615
0 0.16105769230769232 0.140625 0.04326923076923077 0.036057692307692304
0 0.38100961538461536 0.3449519230769231 0.04567307692307692 0.026442307692307692
0 0.6646634615384616 0.6646634615384616 0.13701923076923078 0.12259615384615384
0 0.18389423076923078 0.7127403846153846 0.06490384615384616 0.06490384615384616
0 0.5180288461538461 0.7271634615384616 0.06009615384615385 0.06971153846153846
0 0.6826923076923077 0.75 0.07211538461538461 0.0625
0 0.49759615384615385 0.7824519230769231 0.052884615384615384 0.05048076923076923
0 0.38822115384615385 0.8040865384615384 0.09375 0.08413461538461539
0 0.5360576923076923 0.8185096153846154 0.0625 0.06009615384615385
0 0.14182692307692307 0.8665865384615384 0.07692307692307693 0.06490384615384616
0 0.49158653846153844 0.8701923076923077 0.09375 0.052884615384615384
0 0.36658653846153844 0.8942307692307693 0.06971153846153846 0.0625
0 0.28725961538461536 0.8966346153846154 0.07932692307692307 0.0625
0 0.5048076923076923 0.9146634615384616 0.04326923076923077 0.040865384615384616
0 0.3088942307692308 0.96875 0.055288461538461536 0.04807692307692308
0 0.5637019230769231 0.5612980769230769 0.07932692307692307 0.07451923076923077
0 0.19591346153846154 0.5769230769230769 0.055288461538461536 0.0625
0 0.7872596153846154 0.7980769230769231 0.04567307692307692 0.04326923076923077
0 0.7764423076923077 0.8485576923076923 0.07692307692307693 0.0673076923076923
0 0.7427884615384616 0.8617788461538461 0.009615384615384616 0.040865384615384616
0 0.8112980769230769 0.90625 0.03125 0.03365384615384615