0 0.20552884615384615 0.2932692307692308 0.03125 0.03365384615384615
0 0.15504807692307693 0.30408653846153844 0.036057692307692304 0.03125
0 0.09375 0.40024038461538464 0.04326923076923077 0.05048076923076923
0 0.07932692307692307 0.5853365384615384 0.04326923076923077 0.026442307692307692
0 0.8762019230769231 0.22235576923076922 0.03125 0.03125
0 0.8966346153846154 0.31490384615384615 0.038461538461538464 0.028846153846153848
0 0.8966346153846154 0.59375 0.038461538461538464 0.009615384615384616
0 0.11057692307692307 0.8461538461538461 0.038461538461538464 0.038461538461538464
0 0.9038461538461539 0.6586538461538461 0.04326923076923077 0.03365384615384615
0 0.9783653846153846 0.8810096153846154 0.038461538461538464 0.036057692307692304
0 0.9134615384615384 0.9122596153846154 0.052884615384615384 0.04567307692307692