0 0.8377403846153846 0.25600961538461536 0.036057692307692304 0.036057692307692304
0 0.32091346153846156 0.4375 0.03125 0.038461538461538464
0 0.71875 0.5084134615384616 0.03365384615384615 0.040865384615384616
0 0.5252403846153846 0.5853365384615384 0.036057692307692304 0.03125
0 0.5649038461538461 0.7908653846153846 0.028846153846153848 0.03365384615384615
0 0.4987980769230769 0.8245192307692307 0.021634615384615384 0.028846153846153848
0 0.5600961538461539 0.8846153846153846 0.03365384615384615 0.03365384615384615
0 0.5805288461538461 0.9146634615384616 0.03125 0.03125
0 0.4411057692307692 0.9314903846153846 0.05048076923076923 0.06009615384615385
0 0.6322115384615384 0.9350961538461539 0.052884615384615384 0.052884615384615384
0 0.5228365384615384 0.96875 0.040865384615384616 0.03365384615384615