0 0.328125 0.5372596153846154 0.04567307692307692 0.040865384615384616
0 0.2824519230769231 0.6105769230769231 0.055288461538461536 0.038461538461538464
0 0.9206730769230769 0.09615384615384616 0.057692307692307696 0.0625
0 0.5132211538461539 0.18509615384615385 0.06009615384615385 0.0625
0 0.8221153846153846 0.26322115384615385 0.08653846153846154 0.06009615384615385
0 0.9747596153846154 0.30288461538461536 0.05048076923076923 0.052884615384615384
0 0.7199519230769231 0.34975961538461536 0.0985576923076923 0.06009615384615385
0 0.9819711538461539 0.34975961538461536 0.036057692307692304 0.04567307692307692
0 0.984375 0.46153846153846156 0.03125 0.052884615384615384
0 0.5060096153846154 0.484375 0.06009615384615385 0.04567307692307692
0 0.859375 0.4891826923076923 0.06009615384615385 0.05048076923076923
0 0.9002403846153846 0.5204326923076923 0.04567307692307692 0.04567307692307692
0 0.40625 0.021634615384615384 0.0673076923076923 0.04326923076923077
0 0.40024038461538464 0.018028846153846152 0.04567307692307692 0.036057692307692304
0 0.22355769230769232 0.8305288461538461 0.03365384615384615 0.05048076923076923
0 0.20552884615384615 0.8533653846153846 0.026442307692307692 0.04326923076923077
0 0.14903846153846154 0.9302884615384616 0.038461538461538464 0.03365384615384615
0 0.19471153846153846 0.9375 0.052884615384615384 0.057692307692307696
0 0.31490384615384615 0.6682692307692307 0.057692307692307696 0.038461538461538464
0 0.11298076923076923 0.6802884615384616 0.057692307692307696 0.0625
0 0.35216346153846156 0.7055288461538461 0.01201923076923077 0.04567307692307692
0 0.2620192307692308 0.8100961538461539 0.03365384615384615 0.04326923076923077
0 0.7127403846153846 0.7439903846153846 0.05048076923076923 0.040865384615384616
0 0.7475961538461539 0.7451923076923077 0.028846153846153848 0.02403846153846154
0 0.5276442307692307 0.7680288461538461 0.06971153846153846 0.05048076923076923
0 0.9735576923076923 0.8305288461538461 0.052884615384615384 0.040865384615384616
0 0.6899038461538461 0.8774038461538461 0.057692307692307696 0.04326923076923077
0 0.7596153846153846 0.8834134615384616 0.04326923076923077 0.03125
0 0.7908653846153846 0.9134615384615384 0.04326923076923077 0.03365384615384615
0 0.8834134615384616 0.9627403846153846 0.05048076923076923 0.026442307692307692
0 0.6454326923076923 0.6911057692307693 0.05048076923076923 0.040865384615384616
0 0.6850961538461539 0.6899038461538461 0.028846153846153848 0.02403846153846154
0 0.6117788461538461 0.6959134615384616 0.036057692307692304 0.036057692307692304
0 0.49038461538461536 0.7199519230769231 0.0625 0.05048076923076923