0 0.2283653846153846 0.19591346153846154 0.038461538461538464 0.040865384615384616
0 0.14182692307692307 0.2127403846153846 0.0625 0.06971153846153846
0 0.9711538461538461 0.2403846153846154 0.03365384615384615 0.028846153846153848
0 0.28725961538461536 0.390625 0.06971153846153846 0.021634615384615384
0 0.17908653846153846 0.39903846153846156 0.06490384615384616 0.038461538461538464
0 0.12379807692307693 0.4423076923076923 0.04567307692307692 0.052884615384615384
0 0.23076923076923078 0.47596153846153844 0.04807692307692308 0.04807692307692308
0 0.16826923076923078 0.5721153846153846 0.04807692307692308 0.0625
0 0.5264423076923077 0.6141826923076923 0.0625 0.05048076923076923
0 0.03365384615384615 0.6334134615384616 0.052884615384615384 0.055288461538461536
0 0.34615384615384615 0.6923076923076923 0.09615384615384616 0.04326923076923077
0 0.05048076923076923 0.7512019230769231 0.052884615384615384 0.04567307692307692
0 0.3581730769230769 0.7944711538461539 0.04326923076923077 0.026442307692307692
0 0.48677884615384615 0.8990384615384616 0.040865384615384616 0.03365384615384615