0 0.171875 0.359375 0.036057692307692304 0.026442307692307692
0 0.7175480769230769 0.05048076923076923 0.040865384615384616 0.02403846153846154
0 0.6598557692307693 0.055288461538461536 0.036057692307692304 0.02403846153846154
0 0.9086538461538461 0.31971153846153844 0.028846153846153848 0.02403846153846154
0 0.7175480769230769 0.007211538461538462 0.040865384615384616 0.014423076923076924
0 0.6598557692307693 0.004807692307692308 0.036057692307692304 0.009615384615384616
0 0.796875 0.546875 0.026442307692307692 0.026442307692307692
0 0.8701923076923077 0.8425480769230769 0.03365384615384615 0.036057692307692304
0 0.7740384615384616 0.8641826923076923 0.03365384615384615 0.036057692307692304
0 0.9699519230769231 0.8653846153846154 0.021634615384615384 0.028846153846153848
0 0.8028846153846154 0.9158653846153846 0.019230769230769232 0.028846153846153848
0 0.8605769230769231 0.9266826923076923 0.028846153846153848 0.03125