0 0.4026442307692308 0.25961538461538464 0.03125 0.02403846153846154
0 0.009615384615384616 0.3713942307692308 0.019230769230769232 0.03125
0 0.31850961538461536 0.43028846153846156 0.040865384615384616 0.038461538461538464
0 0.35697115384615385 0.4483173076923077 0.040865384615384616 0.03125
0 0.5973557692307693 0.020432692307692308 0.05048076923076923 0.040865384615384616
0 0.5841346153846154 0.71875 0.038461538461538464 0.03365384615384615
0 0.5985576923076923 0.7451923076923077 0.03365384615384615 0.028846153846153848
0 0.5709134615384616 0.7632211538461539 0.03125 0.021634615384615384
0 0.6838942307692307 0.7788461538461539 0.03125 0.02403846153846154
0 0.5480769230769231 0.7896634615384616 0.03365384615384615 0.03125
0 0.7415865384615384 0.8317307692307693 0.06009615384615385 0.057692307692307696
0 0.6237980769230769 0.8317307692307693 0.026442307692307692 0.028846153846153848
0 0.6478365384615384 0.8605769230769231 0.03125 0.028846153846153848