0 0.35697115384615385 0.4567307692307692 0.03125 0.038461538461538464
0 0.9939903846153846 0.0829326923076923 0.01201923076923077 0.016826923076923076
0 0.9098557692307693 0.08774038461538461 0.026442307692307692 0.026442307692307692
0 0.9338942307692307 0.12980769230769232 0.016826923076923076 0.014423076923076924
0 0.8100961538461539 0.14543269230769232 0.03365384615384615 0.03125
0 0.9302884615384616 0.15504807692307693 0.028846153846153848 0.026442307692307692
0 0.8810096153846154 0.15625 0.036057692307692304 0.03365384615384615
0 0.7776442307692307 0.4891826923076923 0.04567307692307692 0.040865384615384616
0 0.7584134615384616 0.5432692307692307 0.036057692307692304 0.009615384615384616
0 0.9771634615384616 0.003605769230769231 0.016826923076923076 0.007211538461538462
0 0.9891826923076923 0.006009615384615385 0.01201923076923077 0.01201923076923077
0 0.9375 0.010817307692307692 0.014423076923076924 0.016826923076923076
0 0.8557692307692307 0.015625 0.038461538461538464 0.03125
0 0.9014423076923077 0.016826923076923076 0.019230769230769232 0.014423076923076924
0 0.8737980769230769 0.018028846153846152 0.021634615384615384 0.021634615384615384
0 0.9519230769230769 0.030048076923076924 0.014423076923076924 0.016826923076923076
0 0.9254807692307693 0.04326923076923077 0.014423076923076924 0.014423076923076924
0 0.8858173076923077 0.04927884615384615 0.021634615384615384 0.021634615384615384
0 0.9543269230769231 0.056490384615384616 0.014423076923076924 0.016826923076923076
0 0.9543269230769231 0.06971153846153846 0.019230769230769232 0.014423076923076924
0 0.41586538461538464 0.6959134615384616 0.10576923076923077 0.16105769230769232
0 0.1201923076923077 0.7788461538461539 0.1201923076923077 0.125
0 0.2704326923076923 0.7932692307692307 0.055288461538461536 0.038461538461538464
0 0.24278846153846154 0.8725961538461539 0.14423076923076922 0.1201923076923077
0 0.38341346153846156 0.5925480769230769 0.13701923076923078 0.0889423076923077
0 0.4951923076923077 0.8846153846153846 0.052884615384615384 0.057692307692307696