0 0.5 0.27403846153846156 0.019230769230769232 0.028846153846153848
0 0.6442307692307693 0.30408653846153844 0.03365384615384615 0.03125
0 0.42788461538461536 0.36778846153846156 0.03365384615384615 0.028846153846153848
0 0.6911057692307693 0.37259615384615385 0.026442307692307692 0.028846153846153848
0 0.65625 0.39302884615384615 0.03365384615384615 0.040865384615384616
0 0.7680288461538461 0.5697115384615384 0.026442307692307692 0.02403846153846154
0 0.41346153846153844 0.6057692307692307 0.03365384615384615 0.03365384615384615
0 0.6454326923076923 0.6165865384615384 0.026442307692307692 0.03125
0 0.6887019230769231 0.6442307692307693 0.03125 0.02403846153846154
0 0.59375 0.6514423076923077 0.03365384615384615 0.028846153846153848
0 0.7079326923076923 0.6790865384615384 0.021634615384615384 0.026442307692307692
0 0.6081730769230769 0.6959134615384616 0.019230769230769232 0.016826923076923076
0 0.6334134615384616 0.6995192307692307 0.021634615384615384 0.02403846153846154
0 0.7319711538461539 0.7019230769230769 0.021634615384615384 0.02403846153846154
0 0.8004807692307693 0.7259615384615384 0.02403846153846154 0.028846153846153848
0 0.6394230769230769 0.7403846153846154 0.028846153846153848 0.028846153846153848
0 0.5324519230769231 0.7836538461538461 0.03125 0.014423076923076924
0 0.6538461538461539 0.8052884615384616 0.028846153846153848 0.03365384615384615
0 0.6814903846153846 0.8557692307692307 0.03125 0.03365384615384615
0 0.4483173076923077 0.9627403846153846 0.026442307692307692 0.03125
0 0.4723557692307692 0.22235576923076922 0.036057692307692304 0.036057692307692304
0 0.5276442307692307 0.22716346153846154 0.026442307692307692 0.021634615384615384