0 0.013221153846153846 0.05889423076923077 0.026442307692307692 0.03125
0 0.1814903846153846 0.15384615384615385 0.07932692307692307 0.0625
0 0.40625 0.11778846153846154 0.03365384615384615 0.052884615384615384
0 0.4699519230769231 0.11778846153846154 0.036057692307692304 0.04326923076923077
0 0.5060096153846154 0.1935096153846154 0.040865384615384616 0.04567307692307692
0 0.4651442307692308 0.20552884615384615 0.06009615384615385 0.055288461538461536
0 0.6153846153846154 0.2668269230769231 0.07211538461538461 0.04807692307692308
0 0.45913461538461536 0.39783653846153844 0.04807692307692308 0.040865384615384616
0 0.46875 0.057692307692307696 0.057692307692307696 0.052884615384615384
0 0.6850961538461539 0.06490384615384616 0.0673076923076923 0.0625
0 0.8076923076923077 0.0673076923076923 0.0673076923076923 0.0673076923076923
0 0.3425480769230769 0.7596153846153846 0.04567307692307692 0.04326923076923077
0 0.19471153846153846 0.8088942307692307 0.04326923076923077 0.040865384615384616
0 0.8064903846153846 0.9423076923076923 0.05048076923076923 0.038461538461538464