0 0.5757211538461539 0.17067307692307693 0.036057692307692304 0.03365384615384615
0 0.46033653846153844 0.18990384615384615 0.026442307692307692 0.02403846153846154
0 0.4723557692307692 0.26802884615384615 0.036057692307692304 0.036057692307692304
0 0.828125 0.2956730769230769 0.021634615384615384 0.019230769230769232
0 0.859375 0.31009615384615385 0.021634615384615384 0.02403846153846154
0 0.8365384615384616 0.3137019230769231 0.02403846153846154 0.016826923076923076
0 0.5480769230769231 0.6153846153846154 0.03365384615384615 0.02403846153846154
0 0.4074519230769231 0.7800480769230769 0.040865384615384616 0.026442307692307692
0 0.38100961538461536 0.7932692307692307 0.040865384615384616 0.03365384615384615
0 0.42908653846153844 0.8557692307692307 0.036057692307692304 0.038461538461538464
0 0.4891826923076923 0.8713942307692307 0.036057692307692304 0.026442307692307692
0 0.4411057692307692 0.8954326923076923 0.036057692307692304 0.03125
0 0.2800480769230769 0.9326923076923077 0.036057692307692304 0.028846153846153848
0 0.2668269230769231 0.9567307692307693 0.03365384615384615 0.03365384615384615
0 0.35336538461538464 0.9807692307692307 0.04807692307692308 0.038461538461538464
0 0.7932692307692307 0.4699519230769231 0.028846153846153848 0.0889423076923077