0 0.4951923076923077 0.140625 0.028846153846153848 0.03125
0 0.4675480769230769 0.17548076923076922 0.036057692307692304 0.02403846153846154
0 0.4675480769230769 0.4675480769230769 0.036057692307692304 0.021634615384615384
0 0.43990384615384615 0.5865384615384616 0.08653846153846154 0.09615384615384616
0 0.5120192307692307 0.6117788461538461 0.04326923076923077 0.036057692307692304
0 0.4699519230769231 0.6850961538461539 0.03125 0.03365384615384615
0 0.41586538461538464 0.7091346153846154 0.03365384615384615 0.028846153846153848
0 0.4951923076923077 0.7115384615384616 0.03365384615384615 0.038461538461538464
0 0.33774038461538464 0.9915865384615384 0.040865384615384616 0.016826923076923076
0 0.41466346153846156 0.9939903846153846 0.04567307692307692 0.01201923076923077
0 0.7199519230769231 0.7271634615384616 0.04567307692307692 0.040865384615384616
0 0.9050480769230769 0.9182692307692307 0.05048076923076923 0.04807692307692308