0 0.2764423076923077 0.38221153846153844 0.03365384615384615 0.028846153846153848
0 0.20432692307692307 0.40625 0.02403846153846154 0.019230769230769232
0 0.23317307692307693 0.40625 0.02403846153846154 0.02403846153846154
0 0.17307692307692307 0.41225961538461536 0.019230769230769232 0.021634615384615384
0 0.18028846153846154 0.45913461538461536 0.03365384615384615 0.028846153846153848
0 0.328125 0.6177884615384616 0.026442307692307692 0.02403846153846154
0 0.3641826923076923 0.6286057692307693 0.036057692307692304 0.040865384615384616
0 0.3641826923076923 0.6274038461538461 0.03125 0.02403846153846154
0 0.38822115384615385 0.6742788461538461 0.021634615384615384 0.026442307692307692
0 0.4074519230769231 0.90625 0.021634615384615384 0.028846153846153848
0 0.3858173076923077 0.9134615384615384 0.03125 0.03365384615384615