0 0.09735576923076923 0.15504807692307693 0.021634615384615384 0.021634615384615384
0 0.1814903846153846 0.24639423076923078 0.021634615384615384 0.026442307692307692
0 0.12259615384615384 0.2704326923076923 0.019230769230769232 0.021634615384615384
0 0.15745192307692307 0.28125 0.021634615384615384 0.02403846153846154
0 0.16947115384615385 0.2824519230769231 0.021634615384615384 0.021634615384615384
0 0.1658653846153846 0.2980769230769231 0.03365384615384615 0.019230769230769232
0 0.12259615384615384 0.5637019230769231 0.019230769230769232 0.01201923076923077
0 0.15745192307692307 0.5552884615384616 0.021634615384615384 0.02403846153846154
0 0.16947115384615385 0.5564903846153846 0.021634615384615384 0.021634615384615384
0 0.1658653846153846 0.5384615384615384 0.03365384615384615 0.019230769230769232
0 0.4230769230769231 0.8605769230769231 0.0673076923076923 0.0673076923076923
0 0.31971153846153844 0.6153846153846154 0.057692307692307696 0.04807692307692308
0 0.32572115384615385 0.6899038461538461 0.06490384615384616 0.04807692307692308