0 0.23918269230769232 0.3112980769230769 0.036057692307692304 0.03125
0 0.18028846153846154 0.41346153846153844 0.04326923076923077 0.03365384615384615
0 0.22956730769230768 0.4579326923076923 0.036057692307692304 0.03125
0 0.28365384615384615 0.4699519230769231 0.052884615384615384 0.036057692307692304
0 0.22235576923076922 0.4855769230769231 0.036057692307692304 0.02403846153846154
0 0.28125 0.5024038461538461 0.038461538461538464 0.028846153846153848
0 0.984375 0.48677884615384615 0.03125 0.040865384615384616
0 0.34134615384615385 0.953125 0.04326923076923077 0.04567307692307692
0 0.3004807692307692 0.9939903846153846 0.04326923076923077 0.01201923076923077
0 0.46153846153846156 0.59375 0.07692307692307693 0.08653846153846154
0 0.9387019230769231 0.8341346153846154 0.021634615384615384 0.038461538461538464
0 0.7115384615384616 0.8485576923076923 0.03365384615384615 0.052884615384615384
0 0.6358173076923077 0.8497596153846154 0.06009615384615385 0.06009615384615385
0 0.5961538461538461 0.8762019230769231 0.03365384615384615 0.036057692307692304
0 0.6502403846153846 0.8882211538461539 0.021634615384615384 0.026442307692307692
0 0.9783653846153846 0.9194711538461539 0.03365384615384615 0.036057692307692304