0 0.4411057692307692 0.2668269230769231 0.040865384615384616 0.028846153846153848
0 0.3713942307692308 0.36899038461538464 0.05048076923076923 0.10817307692307693
0 0.25600961538461536 0.37740384615384615 0.021634615384615384 0.019230769230769232
0 0.765625 0.2980769230769231 0.05048076923076923 0.04807692307692308
0 0.609375 0.3004807692307692 0.036057692307692304 0.028846153846153848
0 0.6862980769230769 0.328125 0.04567307692307692 0.036057692307692304
0 0.9567307692307693 0.3329326923076923 0.057692307692307696 0.040865384615384616
0 0.7788461538461539 0.3401442307692308 0.04326923076923077 0.040865384615384616
0 0.640625 0.36177884615384615 0.04567307692307692 0.040865384615384616
0 0.7487980769230769 0.38100961538461536 0.04567307692307692 0.021634615384615384
0 0.6923076923076923 0.4266826923076923 0.038461538461538464 0.036057692307692304
0 0.6610576923076923 0.44471153846153844 0.0673076923076923 0.03365384615384615
0 0.5901442307692307 0.5240384615384616 0.021634615384615384 0.03365384615384615
0 0.7079326923076923 0.13581730769230768 0.04567307692307692 0.036057692307692304
0 0.7848557692307693 0.19591346153846154 0.06009615384615385 0.055288461538461536
0 0.6694711538461539 0.2127403846153846 0.05048076923076923 0.036057692307692304
0 0.9254807692307693 0.2439903846153846 0.0673076923076923 0.055288461538461536
0 0.6165865384615384 0.2692307692307692 0.05048076923076923 0.028846153846153848
0 0.4639423076923077 0.8942307692307693 0.0625 0.057692307692307696
0 0.7668269230769231 0.9471153846153846 0.08653846153846154 0.057692307692307696