0 0.375 0.23677884615384615 0.04807692307692308 0.04567307692307692
0 0.2704326923076923 0.2403846153846154 0.05048076923076923 0.03365384615384615
0 0.21875 0.2704326923076923 0.0625 0.055288461538461536
0 0.28365384615384615 0.2704326923076923 0.038461538461538464 0.036057692307692304
0 0.28365384615384615 0.3233173076923077 0.07211538461538461 0.06009615384615385
0 0.28125 0.42427884615384615 0.052884615384615384 0.04567307692307692
0 0.23197115384615385 0.49038461538461536 0.0889423076923077 0.057692307692307696
0 0.30408653846153844 0.5048076923076923 0.040865384615384616 0.028846153846153848
0 0.453125 0.10697115384615384 0.06009615384615385 0.040865384615384616
0 0.3016826923076923 0.1466346153846154 0.040865384615384616 0.038461538461538464
0 0.3016826923076923 0.18389423076923078 0.040865384615384616 0.03125
0 0.6105769230769231 0.06610576923076923 0.1346153846153846 0.13221153846153846
0 0.7728365384615384 0.14903846153846154 0.055288461538461536 0.038461538461538464
0 0.7908653846153846 0.23317307692307693 0.14423076923076922 0.1201923076923077
0 0.5829326923076923 0.4050480769230769 0.04567307692307692 0.036057692307692304
0 0.23317307692307693 0.7175480769230769 0.03365384615384615 0.03125
0 0.0985576923076923 0.9831730769230769 0.04326923076923077 0.03365384615384615
0 0.5913461538461539 0.7800480769230769 0.04326923076923077 0.04567307692307692
0 0.5769230769230769 0.8221153846153846 0.04326923076923077 0.038461538461538464
0 0.7319711538461539 0.8629807692307693 0.03125 0.03365384615384615
0 0.5673076923076923 0.8713942307692307 0.028846153846153848 0.036057692307692304
0 0.6670673076923077 0.8990384615384616 0.036057692307692304 0.03365384615384615