0 0.056490384615384616 0.4807692307692308 0.040865384615384616 0.052884615384615384
0 0.08774038461538461 0.484375 0.036057692307692304 0.04567307692307692
0 0.47596153846153844 0.06610576923076923 0.08173076923076923 0.07451923076923077
0 0.5661057692307693 0.1971153846153846 0.04567307692307692 0.052884615384615384
0 0.5204326923076923 0.3173076923076923 0.055288461538461536 0.04326923076923077
0 0.6454326923076923 0.3329326923076923 0.06971153846153846 0.055288461538461536
0 0.5576923076923077 0.6418269230769231 0.0625 0.057692307692307696
0 0.9723557692307693 0.6442307692307693 0.055288461538461536 0.0625
0 0.8293269230769231 0.6899038461538461 0.057692307692307696 0.038461538461538464
0 0.9879807692307693 0.7355769230769231 0.02403846153846154 0.04326923076923077
0 0.6225961538461539 0.9951923076923077 0.057692307692307696 0.009615384615384616
0 0.8245192307692307 0.5408653846153846 0.04807692307692308 0.04326923076923077