0 0.23317307692307693 0.15985576923076922 0.028846153846153848 0.026442307692307692
0 0.4423076923076923 0.30649038461538464 0.03365384615384615 0.036057692307692304
0 0.7776442307692307 0.3088942307692308 0.06490384615384616 0.06971153846153846
0 0.6105769230769231 0.36658653846153844 0.0625 0.06490384615384616
0 0.6574519230769231 0.44471153846153844 0.10336538461538461 0.0625
0 0.7992788461538461 0.109375 0.04567307692307692 0.05048076923076923
0 0.8353365384615384 0.15985576923076922 0.055288461538461536 0.06490384615384616
0 0.29927884615384615 0.8978365384615384 0.05048076923076923 0.055288461538461536
0 0.3016826923076923 0.9603365384615384 0.040865384615384616 0.036057692307692304
0 0.2620192307692308 0.9735576923076923 0.028846153846153848 0.04326923076923077
0 0.8305288461538461 0.6610576923076923 0.03125 0.03365384615384615