0 0.5372596153846154 0.06610576923076923 0.07451923076923077 0.06971153846153846
0 0.7463942307692307 0.13942307692307693 0.06971153846153846 0.0673076923076923
0 0.6382211538461539 0.15985576923076922 0.06490384615384616 0.06009615384615385
0 0.5829326923076923 0.21394230769230768 0.04567307692307692 0.052884615384615384
0 0.6899038461538461 0.24759615384615385 0.04807692307692308 0.04807692307692308
0 0.6274038461538461 0.34375 0.04807692307692308 0.0625
0 0.9771634615384616 0.3858173076923077 0.04567307692307692 0.05048076923076923
0 0.49278846153846156 0.4050480769230769 0.052884615384615384 0.055288461538461536
0 0.8052884615384616 0.46033653846153844 0.09615384615384616 0.036057692307692304
0 0.19230769230769232 0.9963942307692307 0.04326923076923077 0.007211538461538462
0 0.14302884615384615 0.6153846153846154 0.06971153846153846 0.057692307692307696
0 0.6213942307692307 0.6814903846153846 0.0985576923076923 0.06490384615384616
0 0.49038461538461536 0.7067307692307693 0.04326923076923077 0.057692307692307696
0 0.5360576923076923 0.7836538461538461 0.038461538461538464 0.038461538461538464
0 0.44471153846153844 0.8064903846153846 0.0673076923076923 0.04567307692307692
0 0.4831730769230769 0.8233173076923077 0.03365384615384615 0.040865384615384616
0 0.6213942307692307 0.8329326923076923 0.06009615384615385 0.07451923076923077
0 0.40024038461538464 0.8605769230769231 0.04567307692307692 0.04326923076923077
0 0.5949519230769231 0.9326923076923077 0.036057692307692304 0.04807692307692308
0 0.703125 0.9338942307692307 0.08413461538461539 0.07932692307692307
0 0.5685096153846154 0.9519230769230769 0.05048076923076923 0.052884615384615384
0 0.9819711538461539 0.9338942307692307 0.036057692307692304 0.07932692307692307