0 0.8076923076923077 0.007211538461538462 0.03365384615384615 0.014423076923076924
0 0.5060096153846154 0.016826923076923076 0.06490384615384616 0.03365384615384615
0 0.7295673076923077 0.2091346153846154 0.04567307692307692 0.03365384615384615
0 0.018028846153846152 0.8762019230769231 0.026442307692307692 0.026442307692307692
0 0.07211538461538461 0.9170673076923077 0.019230769230769232 0.016826923076923076
0 0.9050480769230769 0.7139423076923077 0.055288461538461536 0.057692307692307696
0 0.8401442307692307 0.7355769230769231 0.05048076923076923 0.057692307692307696
0 0.9387019230769231 0.7884615384615384 0.055288461538461536 0.052884615384615384
0 0.7367788461538461 0.8052884615384616 0.055288461538461536 0.0625
0 0.6286057692307693 0.84375 0.04567307692307692 0.04326923076923077
0 0.6526442307692307 0.8449519230769231 0.03125 0.036057692307692304
0 0.6875 0.8605769230769231 0.03365384615384615 0.038461538461538464
0 0.9459134615384616 0.9242788461538461 0.06490384615384616 0.06009615384615385
0 0.8100961538461539 0.5096153846153846 0.057692307692307696 0.04326923076923077
0 0.7403846153846154 0.5096153846153846 0.052884615384615384 0.04326923076923077
0 0.7704326923076923 0.5408653846153846 0.036057692307692304 0.038461538461538464
0 0.9266826923076923 0.5685096153846154 0.04567307692307692 0.055288461538461536