0 0.6081730769230769 0.5793269230769231 0.03365384615384615 0.028846153846153848
0 0.6538461538461539 0.6009615384615384 0.038461538461538464 0.028846153846153848
0 0.5997596153846154 0.6069711538461539 0.036057692307692304 0.026442307692307692
0 0.7944711538461539 0.6057692307692307 0.040865384615384616 0.03365384615384615
0 0.6694711538461539 0.6502403846153846 0.036057692307692304 0.03125
0 0.6959134615384616 0.6526442307692307 0.03125 0.036057692307692304
0 0.7716346153846154 0.6550480769230769 0.02403846153846154 0.03125
0 0.5120192307692307 0.6935096153846154 0.028846153846153848 0.03125
0 0.6790865384615384 0.6971153846153846 0.03125 0.03365384615384615
0 0.5769230769230769 0.7259615384615384 0.03365384615384615 0.03365384615384615
0 0.6490384615384616 0.8353365384615384 0.028846153846153848 0.026442307692307692
0 0.4423076923076923 0.9158653846153846 0.028846153846153848 0.038461538461538464