0 0.9242788461538461 0.19591346153846154 0.07932692307692307 0.08413461538461539
0 0.26322115384615385 0.6346153846153846 0.04567307692307692 0.0673076923076923
0 0.22355769230769232 0.7103365384615384 0.0673076923076923 0.06009615384615385
0 0.15144230769230768 0.7524038461538461 0.04326923076923077 0.04326923076923077
0 0.17668269230769232 0.7776442307692307 0.036057692307692304 0.021634615384615384
0 0.010817307692307692 0.8257211538461539 0.021634615384615384 0.036057692307692304
0 0.09495192307692307 0.8846153846153846 0.04567307692307692 0.038461538461538464
0 0.20673076923076922 0.8930288461538461 0.052884615384615384 0.05048076923076923
0 0.21033653846153846 0.9423076923076923 0.05048076923076923 0.04326923076923077
0 0.11538461538461539 0.9711538461538461 0.04326923076923077 0.028846153846153848
0 0.24158653846153846 0.46274038461538464 0.06971153846153846 0.04567307692307692
0 0.09975961538461539 0.48677884615384615 0.04567307692307692 0.036057692307692304
0 0.11298076923076923 0.5432692307692307 0.04326923076923077 0.04326923076923077
0 0.6334134615384616 0.8617788461538461 0.06009615384615385 0.06009615384615385
0 0.49038461538461536 0.703125 0.052884615384615384 0.06009615384615385
0 0.7920673076923077 0.7271634615384616 0.08413461538461539 0.05048076923076923
0 0.6598557692307693 0.7788461538461539 0.04567307692307692 0.038461538461538464