0 0.29927884615384615 0.29927884615384615 0.036057692307692304 0.03125
0 0.9266826923076923 0.21514423076923078 0.13701923076923078 0.12259615384615384
0 0.7800480769230769 0.2776442307692308 0.06009615384615385 0.06971153846153846
0 0.9447115384615384 0.3004807692307692 0.07211538461538461 0.0625
0 0.7596153846153846 0.3329326923076923 0.052884615384615384 0.05048076923076923
0 0.6502403846153846 0.3545673076923077 0.09375 0.08413461538461539
0 0.7980769230769231 0.36899038461538464 0.0625 0.06009615384615385
0 0.7536057692307693 0.4206730769230769 0.09375 0.052884615384615384
0 0.6286057692307693 0.44471153846153844 0.06971153846153846 0.0625
0 0.5492788461538461 0.44711538461538464 0.07932692307692307 0.0625
0 0.7668269230769231 0.4651442307692308 0.04326923076923077 0.040865384615384616
0 0.5709134615384616 0.5192307692307693 0.055288461538461536 0.04807692307692308
0 0.4855769230769231 0.6634615384615384 0.03365384615384615 0.0625
0 0.8257211538461539 0.11177884615384616 0.07932692307692307 0.07451923076923077
0 0.47716346153846156 0.12740384615384615 0.016826923076923076 0.0625