0 0.4098557692307692 0.06370192307692307 0.026442307692307692 0.021634615384615384
0 0.3581730769230769 0.1935096153846154 0.02403846153846154 0.021634615384615384
0 0.3112980769230769 0.21514423076923078 0.026442307692307692 0.021634615384615384
0 0.49399038461538464 0.24879807692307693 0.021634615384615384 0.021634615384615384
0 0.9939903846153846 0.027644230769230768 0.01201923076923077 0.04567307692307692
0 0.96875 0.08533653846153846 0.04326923076923077 0.04567307692307692
0 0.84375 0.26322115384615385 0.04326923076923077 0.036057692307692304
0 0.5504807692307693 0.6706730769230769 0.028846153846153848 0.028846153846153848
0 0.26322115384615385 0.734375 0.026442307692307692 0.03125
0 0.16947115384615385 0.7848557692307693 0.036057692307692304 0.036057692307692304
0 0.33533653846153844 0.7980769230769231 0.03125 0.028846153846153848
0 0.35697115384615385 0.8161057692307693 0.026442307692307692 0.026442307692307692
0 0.8100961538461539 0.9110576923076923 0.03365384615384615 0.02403846153846154