0 0.17548076923076922 0.28966346153846156 0.057692307692307696 0.055288461538461536
0 0.2848557692307692 0.30408653846153844 0.055288461538461536 0.055288461538461536
0 0.15144230769230768 0.1778846153846154 0.057692307692307696 0.0625
0 0.25240384615384615 0.22115384615384615 0.0625 0.052884615384615384
0 0.7572115384615384 0.052884615384615384 0.038461538461538464 0.038461538461538464
0 0.8485576923076923 0.0625 0.0673076923076923 0.04326923076923077
0 0.8617788461538461 0.11057692307692307 0.08413461538461539 0.0673076923076923
0 0.9266826923076923 0.1310096153846154 0.05048076923076923 0.036057692307692304
0 0.9771634615384616 0.140625 0.04567307692307692 0.04567307692307692
0 0.44711538461538464 0.18870192307692307 0.052884615384615384 0.05048076923076923
0 0.9807692307692307 0.36778846153846156 0.038461538461538464 0.057692307692307696
0 0.8894230769230769 0.4098557692307692 0.0673076923076923 0.04567307692307692
0 0.5528846153846154 0.4375 0.03365384615384615 0.028846153846153848
0 0.46153846153846156 0.4411057692307692 0.07692307692307693 0.05048076923076923
0 0.8317307692307693 0.019230769230769232 0.04326923076923077 0.038461538461538464
0 0.46153846153846156 0.9122596153846154 0.03365384615384615 0.021634615384615384