0 0.12259615384615384 0.2980769230769231 0.038461538461538464 0.038461538461538464
0 0.109375 0.5745192307692307 0.05048076923076923 0.038461538461538464
0 0.09735576923076923 0.6358173076923077 0.040865384615384616 0.026442307692307692
0 0.78125 0.2127403846153846 0.038461538461538464 0.040865384615384616
0 0.7848557692307693 0.30528846153846156 0.036057692307692304 0.03365384615384615
0 0.8930288461538461 0.010817307692307692 0.036057692307692304 0.021634615384615384
0 0.7920673076923077 0.03245192307692308 0.03125 0.03125
0 0.7980769230769231 0.055288461538461536 0.038461538461538464 0.02403846153846154
0 0.8365384615384616 0.09375 0.028846153846153848 0.038461538461538464
0 0.7824519230769231 0.1141826923076923 0.036057692307692304 0.03125
0 0.78125 0.1502403846153846 0.038461538461538464 0.03125
0 0.1141826923076923 0.8894230769230769 0.10817307692307693 0.10096153846153846
0 0.5817307692307693 0.7283653846153846 0.04807692307692308 0.052884615384615384
0 0.5444711538461539 0.7355769230769231 0.03125 0.052884615384615384
0 0.5612980769230769 0.7980769230769231 0.04567307692307692 0.038461538461538464
0 0.5396634615384616 0.8016826923076923 0.021634615384615384 0.04567307692307692
0 0.6298076923076923 0.8497596153846154 0.09134615384615384 0.08413461538461539
0 0.578125 0.8918269230769231 0.055288461538461536 0.0673076923076923
0 0.6478365384615384 0.9603365384615384 0.040865384615384616 0.040865384615384616
0 0.6346153846153846 0.9903846153846154 0.052884615384615384 0.019230769230769232
0 0.5877403846153846 0.6550480769230769 0.04567307692307692 0.01201923076923077
0 0.6538461538461539 0.6730769230769231 0.07692307692307693 0.04807692307692308