0 0.7451923076923077 0.24759615384615385 0.038461538461538464 0.028846153846153848
0 0.7043269230769231 0.2776442307692308 0.019230769230769232 0.021634615384615384
0 0.7860576923076923 0.3954326923076923 0.038461538461538464 0.036057692307692304
0 0.3581730769230769 0.9182692307692307 0.03365384615384615 0.038461538461538464
0 0.30288461538461536 0.9362980769230769 0.028846153846153848 0.026442307692307692
0 0.8028846153846154 0.5877403846153846 0.014423076923076924 0.016826923076923076
0 0.7175480769230769 0.5925480769230769 0.026442307692307692 0.026442307692307692
0 0.7415865384615384 0.6346153846153846 0.016826923076923076 0.014423076923076924
0 0.6177884615384616 0.6502403846153846 0.03365384615384615 0.03125
0 0.7379807692307693 0.6598557692307693 0.028846153846153848 0.026442307692307692
0 0.6887019230769231 0.6610576923076923 0.036057692307692304 0.03365384615384615
0 0.8605769230769231 0.9302884615384616 0.052884615384615384 0.038461538461538464
0 0.5853365384615384 0.9867788461538461 0.04567307692307692 0.026442307692307692
0 0.7848557692307693 0.5048076923076923 0.016826923076923076 0.014423076923076924
0 0.796875 0.5084134615384616 0.01201923076923077 0.016826923076923076
0 0.7451923076923077 0.515625 0.014423076923076924 0.016826923076923076
0 0.6634615384615384 0.5192307692307693 0.038461538461538464 0.03365384615384615
0 0.7091346153846154 0.5216346153846154 0.019230769230769232 0.014423076923076924
0 0.6814903846153846 0.5228365384615384 0.021634615384615384 0.021634615384615384
0 0.7596153846153846 0.5348557692307693 0.014423076923076924 0.016826923076923076
0 0.7331730769230769 0.5480769230769231 0.014423076923076924 0.014423076923076924
0 0.6935096153846154 0.5540865384615384 0.021634615384615384 0.021634615384615384
0 0.7620192307692307 0.5612980769230769 0.014423076923076924 0.016826923076923076
0 0.7620192307692307 0.5745192307692307 0.019230769230769232 0.014423076923076924