0 0.056490384615384616 0.08173076923076923 0.05048076923076923 0.038461538461538464
0 0.08533653846153846 0.12139423076923077 0.040865384615384616 0.03125
0 0.051682692307692304 0.2247596153846154 0.036057692307692304 0.04567307692307692
0 0.5168269230769231 0.0673076923076923 0.038461538461538464 0.028846153846153848
0 0.03245192307692308 0.609375 0.036057692307692304 0.036057692307692304
0 0.07091346153846154 0.6622596153846154 0.036057692307692304 0.03125
0 0.09134615384615384 0.7055288461538461 0.052884615384615384 0.040865384615384616
0 0.08774038461538461 0.7451923076923077 0.06009615384615385 0.03365384615384615
0 0.015625 0.8161057692307693 0.03125 0.05048076923076923
0 0.14423076923076922 0.5661057692307693 0.038461538461538464 0.026442307692307692
0 0.28365384615384615 0.5829326923076923 0.04807692307692308 0.055288461538461536
0 0.8485576923076923 0.5685096153846154 0.10096153846153846 0.07451923076923077
0 0.7524038461538461 0.5757211538461539 0.04326923076923077 0.04567307692307692
0 0.7944711538461539 0.640625 0.11778846153846154 0.06009615384615385
0 0.5949519230769231 0.6766826923076923 0.06971153846153846 0.05048076923076923
0 0.6790865384615384 0.7043269230769231 0.05048076923076923 0.038461538461538464
0 0.9747596153846154 0.7439903846153846 0.05048076923076923 0.06971153846153846
0 0.7644230769230769 0.7860576923076923 0.0673076923076923 0.0625
0 0.9867788461538461 0.9759615384615384 0.026442307692307692 0.04807692307692308
0 0.7560096153846154 0.9855769230769231 0.07451923076923077 0.028846153846153848
0 0.9723557692307693 0.3894230769230769 0.055288461538461536 0.052884615384615384
0 0.5216346153846154 0.4014423076923077 0.07692307692307693 0.0625
0 0.6574519230769231 0.43509615384615385 0.07451923076923077 0.0625
0 0.9867788461538461 0.4735576923076923 0.026442307692307692 0.04326923076923077
0 0.8786057692307693 0.48197115384615385 0.09375 0.0985576923076923