0 0.6670673076923077 0.3713942307692308 0.06490384615384616 0.04567307692307692
0 0.7920673076923077 0.453125 0.04567307692307692 0.036057692307692304
0 0.5901442307692307 0.53125 0.06490384615384616 0.052884615384615384
0 0.9110576923076923 0.1466346153846154 0.052884615384615384 0.04326923076923077
0 0.8870192307692307 0.20192307692307693 0.057692307692307696 0.052884615384615384
0 0.7331730769230769 0.2247596153846154 0.08173076923076923 0.055288461538461536
0 0.5084134615384616 0.27283653846153844 0.06490384615384616 0.06490384615384616
0 0.7620192307692307 0.27524038461538464 0.052884615384615384 0.05048076923076923
0 0.6694711538461539 0.28966346153846156 0.04567307692307692 0.040865384615384616
0 0.6742788461538461 0.28966346153846156 0.06009615384615385 0.055288461538461536
0 0.9591346153846154 0.2980769230769231 0.057692307692307696 0.04807692307692308
0 0.9639423076923077 0.29927884615384615 0.02403846153846154 0.016826923076923076
0 0.45552884615384615 0.32572115384615385 0.06490384615384616 0.055288461538461536
0 0.9110576923076923 0.055288461538461536 0.052884615384615384 0.04326923076923077
0 0.8870192307692307 0.013221153846153846 0.057692307692307696 0.026442307692307692
0 0.6358173076923077 0.6382211538461539 0.07451923076923077 0.06971153846153846
0 0.7091346153846154 0.6045673076923077 0.08653846153846154 0.09375