0 0.003605769230769231 0.15264423076923078 0.007211538461538462 0.021634615384615384
0 0.7620192307692307 0.037259615384615384 0.052884615384615384 0.04567307692307692
0 0.7127403846153846 0.11899038461538461 0.0889423076923077 0.0889423076923077
0 0.7848557692307693 0.12740384615384615 0.040865384615384616 0.04807692307692308
0 0.9891826923076923 0.3389423076923077 0.021634615384615384 0.03365384615384615
0 0.36177884615384615 0.5637019230769231 0.03125 0.026442307692307692
0 0.34134615384615385 0.5769230769230769 0.038461538461538464 0.03365384615384615
0 0.3161057692307692 0.6334134615384616 0.09375 0.08413461538461539
0 0.25961538461538464 0.7391826923076923 0.038461538461538464 0.03125
0 0.3762019230769231 0.7716346153846154 0.040865384615384616 0.03365384615384615
0 0.32091346153846156 0.8076923076923077 0.040865384615384616 0.02403846153846154
0 0.23557692307692307 0.828125 0.03365384615384615 0.026442307692307692
0 0.31490384615384615 0.8317307692307693 0.04807692307692308 0.02403846153846154
0 0.22235576923076922 0.8545673076923077 0.036057692307692304 0.026442307692307692
0 0.28966346153846156 0.8557692307692307 0.036057692307692304 0.028846153846153848
0 0.31490384615384615 0.8762019230769231 0.057692307692307696 0.04567307692307692
0 0.42788461538461536 0.5420673076923077 0.028846153846153848 0.03125
0 0.7920673076923077 0.9807692307692307 0.040865384615384616 0.038461538461538464