0 0.6754807692307693 0.2644230769230769 0.04807692307692308 0.038461538461538464
0 0.4807692307692308 0.3389423076923077 0.03365384615384615 0.03365384615384615
0 0.8725961538461539 0.039663461538461536 0.04807692307692308 0.036057692307692304
0 0.4567307692307692 0.45913461538461536 0.04326923076923077 0.04807692307692308
0 0.35096153846153844 0.6502403846153846 0.0673076923076923 0.06009615384615385
0 0.41225961538461536 0.6754807692307693 0.06490384615384616 0.057692307692307696
0 0.5060096153846154 0.7223557692307693 0.05048076923076923 0.04567307692307692
0 0.6129807692307693 0.7980769230769231 0.09615384615384616 0.09615384615384616
0 0.5913461538461539 0.9387019230769231 0.10576923076923077 0.12259615384615384
0 0.8762019230769231 0.7199519230769231 0.036057692307692304 0.03125
0 0.8834134615384616 0.7487980769230769 0.026442307692307692 0.026442307692307692