0 0.5661057692307693 0.33052884615384615 0.036057692307692304 0.03125
0 0.3870192307692308 0.35336538461538464 0.028846153846153848 0.038461538461538464
0 0.7439903846153846 0.3894230769230769 0.026442307692307692 0.028846153846153848
0 0.7199519230769231 0.44591346153846156 0.026442307692307692 0.026442307692307692
0 0.6935096153846154 0.4675480769230769 0.021634615384615384 0.026442307692307692
0 0.6225961538461539 0.6634615384615384 0.019230769230769232 0.014423076923076924
0 0.6322115384615384 0.6814903846153846 0.02403846153846154 0.021634615384615384
0 0.5865384615384616 0.703125 0.02403846153846154 0.021634615384615384
0 0.6550480769230769 0.7199519230769231 0.021634615384615384 0.026442307692307692
0 0.5036057692307693 0.7211538461538461 0.026442307692307692 0.03365384615384615
0 0.5973557692307693 0.7331730769230769 0.026442307692307692 0.019230769230769232
0 0.45913461538461536 0.890625 0.028846153846153848 0.026442307692307692
0 0.5012019230769231 0.9194711538461539 0.040865384615384616 0.040865384615384616