0 0.31009615384615385 0.23918269230769232 0.057692307692307696 0.040865384615384616
0 0.6105769230769231 0.17668269230769232 0.038461538461538464 0.036057692307692304
0 0.7740384615384616 0.17908653846153846 0.019230769230769232 0.026442307692307692
0 0.8497596153846154 0.18509615384615385 0.021634615384615384 0.02403846153846154
0 0.7752403846153846 0.036057692307692304 0.021634615384615384 0.028846153846153848
0 0.71875 0.07451923076923077 0.038461538461538464 0.03365384615384615
0 0.6682692307692307 0.11778846153846154 0.07692307692307693 0.0673076923076923
0 0.40865384615384615 0.9002403846153846 0.052884615384615384 0.055288461538461536
0 0.5721153846153846 0.5685096153846154 0.04807692307692308 0.021634615384615384
0 0.6766826923076923 0.5697115384615384 0.036057692307692304 0.02403846153846154
0 0.6502403846153846 0.5721153846153846 0.040865384615384616 0.028846153846153848
0 0.7836538461538461 0.5757211538461539 0.04807692307692308 0.036057692307692304
0 0.7139423076923077 0.5913461538461539 0.04807692307692308 0.038461538461538464
0 0.9026442307692307 0.5973557692307693 0.05048076923076923 0.05048076923076923
0 0.9735576923076923 0.5973557692307693 0.052884615384615384 0.05048076923076923
0 0.5540865384615384 0.6021634615384616 0.05048076923076923 0.040865384615384616
0 0.6286057692307693 0.6057692307692307 0.040865384615384616 0.028846153846153848
0 0.8305288461538461 0.6141826923076923 0.06490384615384616 0.07451923076923077
0 0.9939903846153846 0.6177884615384616 0.01201923076923077 0.038461538461538464
0 0.71875 0.6189903846153846 0.04326923076923077 0.040865384615384616
0 0.8834134615384616 0.6213942307692307 0.05048076923076923 0.040865384615384616
0 0.625 0.625 0.038461538461538464 0.038461538461538464
0 0.6923076923076923 0.6262019230769231 0.052884615384615384 0.04567307692307692
0 0.9543269230769231 0.6262019230769231 0.03365384615384615 0.040865384615384616
0 0.8834134615384616 0.6274038461538461 0.08413461538461539 0.08653846153846154
0 0.5492788461538461 0.6442307692307693 0.05048076923076923 0.038461538461538464
0 0.7223557692307693 0.6490384615384616 0.055288461538461536 0.038461538461538464
0 0.7403846153846154 0.65625 0.052884615384615384 0.038461538461538464
0 0.7728365384615384 0.6634615384615384 0.04567307692307692 0.04807692307692308
0 0.6538461538461539 0.6814903846153846 0.04326923076923077 0.036057692307692304
0 0.6730769230769231 0.6814903846153846 0.03365384615384615 0.036057692307692304
0 0.49759615384615385 0.6826923076923077 0.019230769230769232 0.03365384615384615
0 0.8978365384615384 0.6899038461538461 0.040865384615384616 0.038461538461538464
0 0.9411057692307693 0.6995192307692307 0.036057692307692304 0.04807692307692308
0 0.59375 0.7019230769230769 0.038461538461538464 0.04807692307692308
0 0.7223557692307693 0.703125 0.04567307692307692 0.040865384615384616
0 0.5625 0.7139423076923077 0.028846153846153848 0.052884615384615384
0 0.8028846153846154 0.7199519230769231 0.04326923076923077 0.05048076923076923
0 0.6117788461538461 0.7223557692307693 0.040865384615384616 0.06009615384615385
0 0.9110576923076923 0.7259615384615384 0.04807692307692308 0.052884615384615384
0 0.828125 0.7295673076923077 0.05048076923076923 0.040865384615384616
0 0.5120192307692307 0.7319711538461539 0.04807692307692308 0.04567307692307692
0 0.9879807692307693 0.7415865384615384 0.02403846153846154 0.040865384615384616
0 0.6911057692307693 0.7487980769230769 0.04567307692307692 0.05048076923076923
0 0.8581730769230769 0.7512019230769231 0.04807692307692308 0.040865384615384616
0 0.7367788461538461 0.7548076923076923 0.04567307692307692 0.038461538461538464
0 0.796875 0.7572115384615384 0.040865384615384616 0.038461538461538464
0 0.9651442307692307 0.7608173076923077 0.055288461538461536 0.04567307692307692
0 0.8701923076923077 0.7680288461538461 0.03365384615384615 0.036057692307692304
0 0.49759615384615385 0.7692307692307693 0.019230769230769232 0.038461538461538464
0 0.9206730769230769 0.7776442307692307 0.038461538461538464 0.04567307692307692
0 0.828125 0.7788461538461539 0.036057692307692304 0.028846153846153848
0 0.609375 0.7896634615384616 0.05048076923076923 0.036057692307692304
0 0.5697115384615384 0.7932692307692307 0.04807692307692308 0.038461538461538464
0 0.7139423076923077 0.7980769230769231 0.04326923076923077 0.028846153846153848
0 0.5336538461538461 0.8028846153846154 0.04326923076923077 0.038461538461538464
0 0.8822115384615384 0.8040865384615384 0.04807692307692308 0.036057692307692304
0 0.6466346153846154 0.8064903846153846 0.04326923076923077 0.036057692307692304
0 0.7536057692307693 0.8064903846153846 0.04567307692307692 0.040865384615384616
0 0.8173076923076923 0.8100961538461539 0.038461538461538464 0.04326923076923077
0 0.9831730769230769 0.8125 0.03365384615384615 0.052884615384615384
0 0.7896634615384616 0.8305288461538461 0.04567307692307692 0.036057692307692304
0 0.9615384615384616 0.8317307692307693 0.038461538461538464 0.03365384615384615
0 0.625 0.8521634615384616 0.04807692307692308 0.05048076923076923
0 0.9230769230769231 0.8557692307692307 0.028846153846153848 0.028846153846153848
0 0.6923076923076923 0.8617788461538461 0.04807692307692308 0.036057692307692304
0 0.6574519230769231 0.8677884615384616 0.05048076923076923 0.038461538461538464
0 0.8617788461538461 0.8689903846153846 0.05048076923076923 0.04567307692307692
0 0.9555288461538461 0.8713942307692307 0.04567307692307692 0.040865384615384616
0 0.5985576923076923 0.875 0.028846153846153848 0.03365384615384615
0 0.9254807692307693 0.8834134615384616 0.03365384615384615 0.036057692307692304
0 0.7800480769230769 0.8870192307692307 0.040865384615384616 0.038461538461538464
0 0.9915865384615384 0.8930288461538461 0.016826923076923076 0.03125
0 0.8221153846153846 0.9002403846153846 0.038461538461538464 0.03125
0 0.5685096153846154 0.9026442307692307 0.026442307692307692 0.03125
0 0.6478365384615384 0.9026442307692307 0.055288461538461536 0.05048076923076923
0 0.7199519230769231 0.9050480769230769 0.03125 0.036057692307692304
0 0.6983173076923077 0.9158653846153846 0.03125 0.04326923076923077
0 0.9423076923076923 0.9242788461538461 0.04326923076923077 0.04567307692307692
0 0.6081730769230769 0.9254807692307693 0.03365384615384615 0.03365384615384615
0 0.6694711538461539 0.9338942307692307 0.040865384615384616 0.036057692307692304
0 0.7956730769230769 0.9362980769230769 0.038461538461538464 0.026442307692307692
0 0.5673076923076923 0.9375 0.057692307692307696 0.04807692307692308
0 0.8389423076923077 0.9483173076923077 0.04807692307692308 0.03125
0 0.8798076923076923 0.9519230769230769 0.04807692307692308 0.04326923076923077
0 0.9795673076923077 0.9555288461538461 0.03125 0.036057692307692304
0 0.9411057692307693 0.9651442307692307 0.040865384615384616 0.04567307692307692
0 0.6983173076923077 0.9783653846153846 0.040865384615384616 0.04326923076923077
0 0.9086538461538461 0.984375 0.04807692307692308 0.03125
0 0.7752403846153846 0.9963942307692307 0.040865384615384616 0.007211538461538462