0 0.17067307692307693 0.4338942307692308 0.03365384615384615 0.036057692307692304
0 0.3701923076923077 0.28365384615384615 0.02403846153846154 0.038461538461538464
0 0.4495192307692308 0.46033653846153844 0.04326923076923077 0.036057692307692304
0 0.4362980769230769 0.49038461538461536 0.05048076923076923 0.038461538461538464
0 0.4891826923076923 0.0829326923076923 0.04567307692307692 0.04567307692307692
0 0.06490384615384616 0.8822115384615384 0.028846153846153848 0.028846153846153848
0 0.4891826923076923 0.5697115384615384 0.040865384615384616 0.038461538461538464
0 0.5372596153846154 0.5721153846153846 0.04567307692307692 0.04326923076923077
0 0.5288461538461539 0.6346153846153846 0.052884615384615384 0.04807692307692308
0 0.8293269230769231 0.6514423076923077 0.04326923076923077 0.038461538461538464
0 0.8197115384615384 0.6959134615384616 0.03365384615384615 0.04567307692307692
0 0.7379807692307693 0.8149038461538461 0.08173076923076923 0.09615384615384616
0 0.7415865384615384 0.9350961538461539 0.055288461538461536 0.04326923076923077