0 0.27163461538461536 0.46875 0.028846153846153848 0.03365384615384615
0 0.17307692307692307 0.47836538461538464 0.038461538461538464 0.038461538461538464
0 0.42427884615384615 0.6382211538461539 0.04567307692307692 0.04567307692307692
0 0.47836538461538464 0.11177884615384616 0.057692307692307696 0.06490384615384616
0 0.4651442307692308 0.1778846153846154 0.03125 0.1346153846153846
0 0.5997596153846154 0.31009615384615385 0.05048076923076923 0.057692307692307696
0 0.6442307692307693 0.3329326923076923 0.04807692307692308 0.055288461538461536
0 0.609375 0.390625 0.1466346153846154 0.11778846153846154
0 0.8966346153846154 0.49038461538461536 0.09134615384615384 0.07211538461538461
0 0.6899038461538461 0.7620192307692307 0.052884615384615384 0.052884615384615384
0 0.7391826923076923 0.8641826923076923 0.05048076923076923 0.036057692307692304
0 0.7704326923076923 0.875 0.036057692307692304 0.02403846153846154