0 0.25 0.4795673076923077 0.02403846153846154 0.016826923076923076
0 0.4074519230769231 0.019230769230769232 0.05048076923076923 0.038461538461538464
0 0.9579326923076923 0.025240384615384616 0.08413461538461539 0.05048076923076923
0 0.4651442307692308 0.07451923076923077 0.06971153846153846 0.057692307692307696
0 0.5432692307692307 0.09495192307692307 0.052884615384615384 0.05048076923076923
0 0.9759615384615384 0.3161057692307692 0.04807692307692308 0.04567307692307692
0 0.6490384615384616 0.34375 0.03365384615384615 0.028846153846153848
0 0.5576923076923077 0.3473557692307692 0.07692307692307693 0.05048076923076923
0 0.15504807692307693 0.6646634615384616 0.06971153846153846 0.04567307692307692
0 0.296875 0.6694711538461539 0.06009615384615385 0.06971153846153846
0 0.21033653846153846 0.6778846153846154 0.06009615384615385 0.052884615384615384
0 0.2620192307692308 0.7752403846153846 0.0625 0.036057692307692304
0 0.22596153846153846 0.7848557692307693 0.052884615384615384 0.04567307692307692
0 0.23798076923076922 0.8365384615384616 0.038461538461538464 0.03365384615384615