0 0.10817307692307693 0.3088942307692308 0.04807692307692308 0.04567307692307692
0 0.039663461538461536 0.33774038461538464 0.03125 0.036057692307692304
0 0.09254807692307693 0.45552884615384615 0.04567307692307692 0.04567307692307692
0 0.140625 0.10817307692307693 0.040865384615384616 0.02403846153846154
0 0.5048076923076923 0.9170673076923077 0.03365384615384615 0.026442307692307692
0 0.46153846153846156 0.640625 0.028846153846153848 0.026442307692307692
0 0.8076923076923077 0.7824519230769231 0.028846153846153848 0.03125
0 0.9543269230769231 0.8040865384615384 0.03365384615384615 0.03125
0 0.9266826923076923 0.8161057692307693 0.026442307692307692 0.036057692307692304
0 0.7800480769230769 0.8197115384615384 0.021634615384615384 0.028846153846153848
0 0.9375 0.9915865384615384 0.03365384615384615 0.016826923076923076