0 0.17668269230769232 0.2668269230769231 0.03125 0.03365384615384615
0 0.8798076923076923 0.16346153846153846 0.04326923076923077 0.04326923076923077
0 0.9867788461538461 0.17427884615384615 0.026442307692307692 0.03125
0 0.9242788461538461 0.23076923076923078 0.021634615384615384 0.02403846153846154
0 0.6586538461538461 0.2403846153846154 0.038461538461538464 0.03365384615384615
0 0.6514423076923077 0.2620192307692308 0.02403846153846154 0.02403846153846154
0 0.6706730769230769 0.27884615384615385 0.02403846153846154 0.019230769230769232
0 0.7127403846153846 0.28725961538461536 0.036057692307692304 0.036057692307692304
0 0.9675480769230769 0.28725961538461536 0.03125 0.036057692307692304
0 0.8882211538461539 0.29086538461538464 0.040865384615384616 0.03365384615384615
0 0.7175480769230769 0.46274038461538464 0.040865384615384616 0.01201923076923077
0 0.9519230769230769 0.09735576923076923 0.038461538461538464 0.036057692307692304
0 0.40024038461538464 0.6430288461538461 0.036057692307692304 0.036057692307692304
0 0.4362980769230769 0.6814903846153846 0.055288461538461536 0.036057692307692304
0 0.18028846153846154 0.7139423076923077 0.057692307692307696 0.0625
0 0.3016826923076923 0.7884615384615384 0.04567307692307692 0.04326923076923077
0 0.4699519230769231 0.8846153846153846 0.040865384615384616 0.03365384615384615