0 0.1502403846153846 0.31850961538461536 0.04567307692307692 0.021634615384615384
0 0.578125 0.009615384615384616 0.07451923076923077 0.019230769230769232
0 0.8293269230769231 0.009615384615384616 0.08653846153846154 0.019230769230769232
0 0.12259615384615384 0.6862980769230769 0.07692307692307693 0.05048076923076923
0 0.18990384615384615 0.7596153846153846 0.052884615384615384 0.052884615384615384
0 0.28125 0.9411057692307693 0.052884615384615384 0.05048076923076923
0 0.06610576923076923 0.9543269230769231 0.05048076923076923 0.038461538461538464
0 0.22115384615384615 0.9735576923076923 0.057692307692307696 0.052884615384615384
0 0.09375 0.9795673076923077 0.057692307692307696 0.040865384615384616
0 0.41346153846153844 0.5552884615384616 0.057692307692307696 0.052884615384615384
0 0.34615384615384615 0.5913461538461539 0.03365384615384615 0.04326923076923077
0 0.41466346153846156 0.33653846153846156 0.06009615384615385 0.014423076923076924
0 0.7608173076923077 0.984375 0.036057692307692304 0.03125