0 0.010817307692307692 0.09134615384615384 0.021634615384615384 0.028846153846153848
0 0.046875 0.15625 0.055288461538461536 0.0625
0 0.4098557692307692 0.1658653846153846 0.040865384615384616 0.052884615384615384
0 0.13942307692307693 0.3389423076923077 0.028846153846153848 0.03365384615384615
0 0.0733173076923077 0.37259615384615385 0.021634615384615384 0.028846153846153848
0 0.1346153846153846 0.4326923076923077 0.03365384615384615 0.03365384615384615
0 0.15504807692307693 0.46274038461538464 0.03125 0.03125
0 0.020432692307692308 0.4795673076923077 0.040865384615384616 0.06009615384615385
0 0.20673076923076922 0.4831730769230769 0.052884615384615384 0.052884615384615384
0 0.09735576923076923 0.5168269230769231 0.040865384615384616 0.03365384615384615
0 0.5552884615384616 0.17548076923076922 0.014423076923076924 0.02403846153846154
0 0.6382211538461539 0.4675480769230769 0.06971153846153846 0.05048076923076923
0 0.890625 0.5360576923076923 0.04567307692307692 0.02403846153846154
0 0.8774038461538461 0.008413461538461538 0.03365384615384615 0.016826923076923076
0 0.7692307692307693 0.5673076923076923 0.028846153846153848 0.019230769230769232
0 0.7908653846153846 0.6358173076923077 0.02403846153846154 0.026442307692307692