0 0.5480769230769231 0.24519230769230768 0.04807692307692308 0.052884615384615384
0 0.5901442307692307 0.2644230769230769 0.036057692307692304 0.04807692307692308
0 0.4483173076923077 0.27283653846153844 0.03125 0.036057692307692304
0 0.6141826923076923 0.3112980769230769 0.03125 0.036057692307692304
0 0.4651442307692308 0.5673076923076923 0.03125 0.028846153846153848
0 0.5697115384615384 0.6502403846153846 0.028846153846153848 0.026442307692307692
0 0.7295673076923077 0.6875 0.026442307692307692 0.028846153846153848
0 0.7668269230769231 0.6875 0.03365384615384615 0.028846153846153848
0 0.6658653846153846 0.6983173076923077 0.03365384615384615 0.03125
0 0.5276442307692307 0.7223557692307693 0.040865384615384616 0.036057692307692304
0 0.6899038461538461 0.8016826923076923 0.03365384615384615 0.03125
0 0.6923076923076923 0.8882211538461539 0.028846153846153848 0.03125
0 0.6129807692307693 0.8990384615384616 0.02403846153846154 0.02403846153846154
0 0.5132211538461539 0.14783653846153846 0.040865384615384616 0.036057692307692304
0 0.6430288461538461 0.22956730769230768 0.040865384615384616 0.05048076923076923
0 0.484375 0.23317307692307693 0.040865384615384616 0.04326923076923077