0 0.3125 0.13942307692307693 0.0625 0.052884615384615384
0 0.21634615384615385 0.18509615384615385 0.0673076923076923 0.052884615384615384
0 0.02403846153846154 0.18509615384615385 0.04807692307692308 0.057692307692307696
0 0.3641826923076923 0.21995192307692307 0.06971153846153846 0.06971153846153846
0 0.19110576923076922 0.31971153846153844 0.04567307692307692 0.04807692307692308
0 0.265625 0.41586538461538464 0.07932692307692307 0.057692307692307696
0 0.34615384615384615 0.41947115384615385 0.04807692307692308 0.06971153846153846
0 0.18389423076923078 0.4675480769230769 0.06490384615384616 0.06490384615384616
0 0.16466346153846154 0.578125 0.07451923076923077 0.021634615384615384
0 0.2127403846153846 0.078125 0.07932692307692307 0.07932692307692307
0 0.34375 0.078125 0.0625 0.055288461538461536
0 0.6274038461538461 0.04567307692307692 0.052884615384615384 0.04807692307692308
0 0.578125 0.0889423076923077 0.04567307692307692 0.038461538461538464
0 0.5192307692307693 0.15625 0.057692307692307696 0.04807692307692308
0 0.49759615384615385 0.20192307692307693 0.04807692307692308 0.04326923076923077
0 0.5204326923076923 0.23677884615384615 0.04567307692307692 0.03125
0 0.4963942307692308 0.2439903846153846 0.04567307692307692 0.036057692307692304
0 0.49759615384615385 0.2704326923076923 0.038461538461538464 0.036057692307692304
0 0.6983173076923077 0.3317307692307692 0.07932692307692307 0.0625
0 0.47115384615384615 0.41586538461538464 0.052884615384615384 0.038461538461538464
0 0.4338942307692308 0.44350961538461536 0.04567307692307692 0.04567307692307692
0 0.42908653846153844 0.5757211538461539 0.055288461538461536 0.026442307692307692
0 0.5360576923076923 0.8677884615384616 0.028846153846153848 0.019230769230769232