0 0.3137019230769231 0.27283653846153844 0.04567307692307692 0.040865384615384616
0 0.47596153846153844 0.328125 0.03365384615384615 0.036057692307692304
0 0.4963942307692308 0.36658653846153844 0.040865384615384616 0.036057692307692304
0 0.3473557692307692 0.41586538461538464 0.036057692307692304 0.028846153846153848
0 0.36778846153846156 0.42908653846153844 0.02403846153846154 0.026442307692307692
0 0.6033653846153846 0.47836538461538464 0.038461538461538464 0.04807692307692308
0 0.3317307692307692 0.4795673076923077 0.04326923076923077 0.040865384615384616
0 0.7824519230769231 0.4951923076923077 0.036057692307692304 0.03365384615384615
0 0.6899038461538461 0.5384615384615384 0.038461538461538464 0.04326923076923077
0 0.5096153846153846 0.5396634615384616 0.03365384615384615 0.03125
0 0.45552884615384615 0.5432692307692307 0.040865384615384616 0.038461538461538464
0 0.2644230769230769 0.5576923076923077 0.03365384615384615 0.038461538461538464
0 0.5637019230769231 0.5625 0.036057692307692304 0.03365384615384615
0 0.8125 0.5745192307692307 0.04326923076923077 0.038461538461538464
0 0.47716346153846156 0.6550480769230769 0.03125 0.036057692307692304
0 0.5697115384615384 0.6694711538461539 0.028846153846153848 0.026442307692307692
0 0.5024038461538461 0.6742788461538461 0.03365384615384615 0.03125
0 0.9699519230769231 0.4951923076923077 0.036057692307692304 0.03365384615384615
0 0.9375 0.5745192307692307 0.04326923076923077 0.038461538461538464