0 0.04927884615384615 0.1045673076923077 0.03125 0.055288461538461536
0 0.08774038461538461 0.11298076923076923 0.040865384615384616 0.04807692307692308
0 0.16947115384615385 0.21634615384615385 0.04567307692307692 0.04326923076923077
0 0.14302884615384615 0.2403846153846154 0.055288461538461536 0.028846153846153848
0 0.046875 0.29447115384615385 0.03125 0.036057692307692304
0 0.040865384615384616 0.3245192307692308 0.038461538461538464 0.03365384615384615
0 0.12379807692307693 0.01201923076923077 0.05048076923076923 0.02403846153846154
0 0.16826923076923078 0.59375 0.04807692307692308 0.009615384615384616
0 0.14302884615384615 0.5853365384615384 0.055288461538461536 0.026442307692307692
0 0.046875 0.5348557692307693 0.03125 0.036057692307692304
0 0.040865384615384616 0.5024038461538461 0.038461538461538464 0.03365384615384615
0 0.8762019230769231 0.4098557692307692 0.06971153846153846 0.07932692307692307
0 0.28966346153846156 0.6586538461538461 0.04567307692307692 0.04326923076923077
0 0.2800480769230769 0.6983173076923077 0.036057692307692304 0.03125
0 0.21153846153846154 0.7379807692307693 0.028846153846153848 0.028846153846153848
0 0.06129807692307692 0.9122596153846154 0.03125 0.040865384615384616
0 0.8774038461538461 0.6550480769230769 0.04326923076923077 0.05048076923076923
0 0.8173076923076923 0.6586538461538461 0.04326923076923077 0.04326923076923077
0 0.9591346153846154 0.6646634615384616 0.019230769230769232 0.016826923076923076
0 0.9038461538461539 0.7932692307692307 0.052884615384615384 0.038461538461538464
0 0.9074519230769231 0.890625 0.03125 0.026442307692307692
0 0.8774038461538461 0.8918269230769231 0.028846153846153848 0.028846153846153848
0 0.9423076923076923 0.9230769230769231 0.019230769230769232 0.019230769230769232
0 0.8485576923076923 0.9266826923076923 0.04326923076923077 0.036057692307692304
0 0.8762019230769231 0.9278846153846154 0.016826923076923076 0.019230769230769232
0 0.9002403846153846 0.9411057692307693 0.03125 0.021634615384615384