0 0.2980769230769231 0.013221153846153846 0.03365384615384615 0.026442307692307692
0 0.8978365384615384 0.18870192307692307 0.03125 0.026442307692307692
0 0.9266826923076923 0.21995192307692307 0.040865384615384616 0.03125
0 0.8557692307692307 0.25721153846153844 0.04326923076923077 0.03365384615384615
0 0.8557692307692307 0.33774038461538464 0.028846153846153848 0.026442307692307692
0 0.7439903846153846 0.375 0.026442307692307692 0.028846153846153848
0 0.7836538461538461 0.3918269230769231 0.03365384615384615 0.028846153846153848
0 0.7884615384615384 0.46274038461538464 0.028846153846153848 0.01201923076923077
0 0.6766826923076923 0.8088942307692307 0.03125 0.03125
0 0.7151442307692307 0.8209134615384616 0.040865384615384616 0.03125
0 0.8449519230769231 0.8521634615384616 0.04567307692307692 0.04567307692307692