0 0.47596153846153844 0.43509615384615385 0.028846153846153848 0.028846153846153848
0 0.328125 0.5216346153846154 0.036057692307692304 0.03365384615384615
0 0.9014423076923077 0.5216346153846154 0.0625 0.057692307692307696
0 0.9074519230769231 0.5841346153846154 0.03125 0.038461538461538464
0 0.7487980769230769 0.04447115384615385 0.040865384615384616 0.040865384615384616
0 0.27524038461538464 0.6670673076923077 0.06490384615384616 0.016826923076923076
0 0.43149038461538464 0.6826923076923077 0.09375 0.04807692307692308
0 0.2956730769230769 0.6971153846153846 0.04807692307692308 0.03365384615384615
0 0.4879807692307692 0.7451923076923077 0.07211538461538461 0.052884615384615384
0 0.06129807692307692 0.8016826923076923 0.06971153846153846 0.05048076923076923
0 0.37740384615384615 0.8473557692307693 0.07211538461538461 0.04567307692307692
0 0.4795673076923077 0.8737980769230769 0.06009615384615385 0.06009615384615385
0 0.04326923076923077 0.875 0.0673076923076923 0.0625
0 0.9435096153846154 0.7043269230769231 0.0985576923076923 0.09134615384615384