0 0.30408653846153844 0.3016826923076923 0.036057692307692304 0.026442307692307692
0 0.11177884615384616 0.46634615384615385 0.036057692307692304 0.038461538461538464
0 0.5757211538461539 0.23197115384615385 0.05048076923076923 0.040865384615384616
0 0.8233173076923077 0.26322115384615385 0.06009615384615385 0.055288461538461536
0 0.5588942307692307 0.3329326923076923 0.055288461538461536 0.04567307692307692
0 0.6274038461538461 0.36778846153846156 0.052884615384615384 0.04326923076923077
0 0.7151442307692307 0.47716346153846156 0.036057692307692304 0.040865384615384616
0 0.41346153846153844 0.49399038461538464 0.04807692307692308 0.055288461538461536
0 0.15745192307692307 0.6478365384615384 0.026442307692307692 0.026442307692307692
0 0.6466346153846154 0.9302884615384616 0.03365384615384615 0.028846153846153848
0 0.6165865384615384 0.9651442307692307 0.036057692307692304 0.03125