0 0.21995192307692307 0.21033653846153846 0.040865384615384616 0.03125
0 0.6706730769230769 0.43028846153846156 0.014423076923076924 0.038461538461538464
0 0.8497596153846154 0.1622596153846154 0.04567307692307692 0.05048076923076923
0 0.7788461538461539 0.2403846153846154 0.028846153846153848 0.04326923076923077
0 0.7427884615384616 0.25721153846153844 0.04326923076923077 0.04807692307692308
0 0.8425480769230769 0.34615384615384615 0.04567307692307692 0.03365384615384615
0 0.6670673076923077 0.7283653846153846 0.021634615384615384 0.038461538461538464
0 0.48197115384615385 0.7860576923076923 0.036057692307692304 0.028846153846153848
0 0.5540865384615384 0.8269230769230769 0.036057692307692304 0.02403846153846154
0 0.44711538461538464 0.9122596153846154 0.052884615384615384 0.040865384615384616
0 0.48677884615384615 0.9603365384615384 0.03125 0.026442307692307692