0 0.43990384615384615 0.35096153846153844 0.038461538461538464 0.028846153846153848
0 0.5528846153846154 0.4074519230769231 0.038461538461538464 0.036057692307692304
0 0.5180288461538461 0.6346153846153846 0.036057692307692304 0.028846153846153848
0 0.4855769230769231 0.640625 0.057692307692307696 0.016826923076923076
0 0.765625 0.3112980769230769 0.036057692307692304 0.036057692307692304
0 0.4266826923076923 0.3137019230769231 0.016826923076923076 0.026442307692307692
0 0.14423076923076922 0.9471153846153846 0.0673076923076923 0.08653846153846154
0 0.28966346153846156 0.9543269230769231 0.06971153846153846 0.052884615384615384
0 0.3918269230769231 0.9639423076923077 0.052884615384615384 0.07211538461538461
0 0.6790865384615384 0.6995192307692307 0.06009615384615385 0.057692307692307696
0 0.5480769230769231 0.8990384615384616 0.0673076923076923 0.057692307692307696
0 0.5492788461538461 0.96875 0.12259615384615384 0.0625