0 0.7091346153846154 0.3317307692307692 0.052884615384615384 0.03365384615384615
0 0.15745192307692307 0.75 0.03125 0.02403846153846154
0 0.1778846153846154 0.8894230769230769 0.028846153846153848 0.028846153846153848
0 0.15745192307692307 0.9314903846153846 0.036057692307692304 0.03125
0 0.7620192307692307 0.6033653846153846 0.057692307692307696 0.028846153846153848
0 0.6899038461538461 0.6225961538461539 0.052884615384615384 0.0625
0 0.6959134615384616 0.6334134615384616 0.05048076923076923 0.036057692307692304
0 0.8112980769230769 0.6466346153846154 0.036057692307692304 0.057692307692307696
0 0.6706730769230769 0.6742788461538461 0.0625 0.036057692307692304
0 0.7632211538461539 0.6826923076923077 0.036057692307692304 0.03365384615384615
0 0.7956730769230769 0.703125 0.04326923076923077 0.036057692307692304
0 0.6033653846153846 0.7091346153846154 0.03365384615384615 0.03365384615384615
0 0.7223557692307693 0.8209134615384616 0.06971153846153846 0.06009615384615385
0 0.6814903846153846 0.8701923076923077 0.08413461538461539 0.0673076923076923
0 0.8966346153846154 0.921875 0.0673076923076923 0.04567307692307692
0 0.6850961538461539 0.5625 0.0625 0.04326923076923077