0 0.09134615384615384 0.010817307692307692 0.03365384615384615 0.021634615384615384
0 0.11177884615384616 0.042067307692307696 0.040865384615384616 0.036057692307692304
0 0.21875 0.15384615384615385 0.038461538461538464 0.04807692307692308
0 0.39783653846153844 0.17067307692307693 0.036057692307692304 0.03365384615384615
0 0.30528846153846156 0.21394230769230768 0.038461538461538464 0.04326923076923077
0 0.125 0.21514423076923078 0.03365384615384615 0.03125
0 0.07091346153846154 0.21875 0.040865384615384616 0.038461538461538464
0 0.17908653846153846 0.23798076923076922 0.036057692307692304 0.03365384615384615
0 0.42788461538461536 0.25 0.04326923076923077 0.038461538461538464
0 0.09254807692307693 0.33052884615384615 0.03125 0.036057692307692304
0 0.18509615384615385 0.3449519230769231 0.028846153846153848 0.026442307692307692
0 0.11778846153846154 0.34975961538461536 0.03365384615384615 0.03125
0 0.5396634615384616 0.25 0.016826923076923076 0.038461538461538464
0 0.9915865384615384 0.8293269230769231 0.016826923076923076 0.03365384615384615
0 0.9735576923076923 0.8858173076923077 0.04807692307692308 0.026442307692307692