0 0.171875 0.19110576923076922 0.03125 0.03125
0 0.35216346153846156 0.5576923076923077 0.06009615384615385 0.0625
0 0.6081730769230769 0.5576923076923077 0.019230769230769232 0.0625
0 0.042067307692307696 0.6358173076923077 0.08413461538461539 0.06009615384615385
0 0.14543269230769232 0.7223557692307693 0.0985576923076923 0.06009615384615385
0 0.359375 0.8545673076923077 0.06009615384615385 0.04567307692307692
0 0.018028846153846152 0.859375 0.036057692307692304 0.05048076923076923
0 0.8822115384615384 0.6899038461538461 0.04326923076923077 0.038461538461538464
0 0.7776442307692307 0.7199519230769231 0.05048076923076923 0.05048076923076923
0 0.9507211538461539 0.7235576923076923 0.036057692307692304 0.04326923076923077
0 0.984375 0.7355769230769231 0.03125 0.038461538461538464
0 0.8701923076923077 0.7548076923076923 0.028846153846153848 0.038461538461538464
0 0.8185096153846154 0.7800480769230769 0.036057692307692304 0.04567307692307692
0 0.9915865384615384 0.78125 0.016826923076923076 0.04326923076923077
0 0.9050480769230769 0.7872596153846154 0.036057692307692304 0.026442307692307692
0 0.8786057692307693 0.8737980769230769 0.06971153846153846 0.05048076923076923
0 0.9879807692307693 0.9170673076923077 0.02403846153846154 0.04567307692307692
0 0.7007211538461539 0.9627403846153846 0.04567307692307692 0.05048076923076923
0 0.9663461538461539 0.5649038461538461 0.04326923076923077 0.04326923076923077
0 0.7463942307692307 0.5841346153846154 0.036057692307692304 0.038461538461538464
0 0.9146634615384616 0.6105769230769231 0.06009615384615385 0.052884615384615384
0 0.9915865384615384 0.6274038461538461 0.016826923076923076 0.052884615384615384
0 0.9411057692307693 0.6466346153846154 0.05048076923076923 0.028846153846153848
0 0.9086538461538461 0.6670673076923077 0.04326923076923077 0.05048076923076923