0 0.515625 0.3233173076923077 0.021634615384615384 0.03125
0 0.1346153846153846 0.36658653846153844 0.019230769230769232 0.021634615384615384
0 0.46274038461538464 0.41225961538461536 0.04567307692307692 0.05048076923076923
0 0.5336538461538461 0.44711538461538464 0.028846153846153848 0.02403846153846154
0 0.4795673076923077 0.4483173076923077 0.021634615384615384 0.021634615384615384
0 0.33774038461538464 0.4483173076923077 0.03125 0.021634615384615384
0 0.4375 0.453125 0.019230769230769232 0.01201923076923077
0 0.6622596153846154 0.17307692307692307 0.07932692307692307 0.057692307692307696
0 0.2860576923076923 0.6105769230769231 0.04807692307692308 0.028846153846153848
0 0.2548076923076923 0.8990384615384616 0.038461538461538464 0.03365384615384615
0 0.12860576923076922 0.8990384615384616 0.040865384615384616 0.028846153846153848
0 0.11057692307692307 0.9230769230769231 0.038461538461538464 0.03365384615384615
0 0.21634615384615385 0.5492788461538461 0.0625 0.05048076923076923