0 0.028846153846153848 0.14543269230769232 0.038461538461538464 0.026442307692307692
0 0.008413461538461538 0.421875 0.016826923076923076 0.040865384615384616
0 0.6778846153846154 0.3737980769230769 0.07692307692307693 0.08413461538461539
0 0.6790865384615384 0.5420673076923077 0.07932692307692307 0.03125
0 0.03125 0.6418269230769231 0.03365384615384615 0.03365384615384615
0 0.5769230769230769 0.6490384615384616 0.04326923076923077 0.04326923076923077
0 0.4567307692307692 0.7139423076923077 0.057692307692307696 0.057692307692307696
0 0.36658653846153844 0.7439903846153846 0.06490384615384616 0.04567307692307692
0 0.5228365384615384 0.7668269230769231 0.09375 0.0625
0 0.3870192307692308 0.7884615384615384 0.04807692307692308 0.03365384615384615
0 0.05889423076923077 0.8221153846153846 0.06971153846153846 0.0673076923076923
0 0.5709134615384616 0.8365384615384616 0.055288461538461536 0.052884615384615384
0 0.15264423076923078 0.8930288461538461 0.06971153846153846 0.05048076923076923
0 0.46875 0.9387019230769231 0.07211538461538461 0.04567307692307692
0 0.5697115384615384 0.9651442307692307 0.057692307692307696 0.06009615384615385
0 0.1346153846153846 0.9663461538461539 0.0673076923076923 0.0625