0 0.4891826923076923 0.5685096153846154 0.021634615384615384 0.021634615384615384
0 0.5733173076923077 0.6598557692307693 0.021634615384615384 0.026442307692307692
0 0.5144230769230769 0.6838942307692307 0.019230769230769232 0.021634615384615384
0 0.5492788461538461 0.6947115384615384 0.021634615384615384 0.02403846153846154
0 0.5612980769230769 0.6959134615384616 0.021634615384615384 0.021634615384615384
0 0.5576923076923077 0.7115384615384616 0.03365384615384615 0.019230769230769232
0 0.5721153846153846 0.9939903846153846 0.02403846153846154 0.007211538461538462
0 0.5144230769230769 0.9819711538461539 0.019230769230769232 0.021634615384615384
0 0.5492788461538461 0.96875 0.021634615384615384 0.02403846153846154
0 0.5612980769230769 0.9699519230769231 0.021634615384615384 0.021634615384615384
0 0.5576923076923077 0.9519230769230769 0.03365384615384615 0.019230769230769232