0 0.49038461538461536 0.28846153846153844 0.08653846153846154 0.057692307692307696
0 0.7319711538461539 0.49158653846153844 0.03125 0.04567307692307692
0 0.7355769230769231 0.578125 0.038461538461538464 0.03125
0 0.6850961538461539 0.5829326923076923 0.0673076923076923 0.07451923076923077
0 0.6117788461538461 0.6370192307692307 0.03125 0.038461538461538464
0 0.46875 0.6634615384615384 0.052884615384615384 0.057692307692307696
0 0.6105769230769231 0.7463942307692307 0.04326923076923077 0.04567307692307692
0 0.4795673076923077 0.7572115384615384 0.040865384615384616 0.04326923076923077
0 0.5637019230769231 0.8269230769230769 0.04567307692307692 0.03365384615384615
0 0.4675480769230769 0.9375 0.04567307692307692 0.03365384615384615
0 0.42908653846153844 0.20432692307692307 0.04567307692307692 0.038461538461538464