0 0.43509615384615385 0.2620192307692308 0.03365384615384615 0.028846153846153848
0 0.41225961538461536 0.4855769230769231 0.026442307692307692 0.02403846153846154
0 0.625 0.4891826923076923 0.028846153846153848 0.026442307692307692
0 0.37259615384615385 0.5 0.02403846153846154 0.028846153846153848
0 0.49158653846153844 0.5757211538461539 0.016826923076923076 0.021634615384615384
0 0.2403846153846154 0.5769230769230769 0.04807692307692308 0.03365384615384615
0 0.0889423076923077 0.6189903846153846 0.052884615384615384 0.04567307692307692
0 0.6394230769230769 0.6346153846153846 0.02403846153846154 0.019230769230769232
0 0.18269230769230768 0.7055288461538461 0.03365384615384615 0.040865384615384616
0 0.44711538461538464 0.7199519230769231 0.038461538461538464 0.036057692307692304
0 0.28725961538461536 0.8557692307692307 0.03125 0.03365384615384615
0 0.38100961538461536 0.8846153846153846 0.040865384615384616 0.028846153846153848
0 0.41225961538461536 0.9002403846153846 0.03125 0.021634615384615384
0 0.020432692307692308 0.6177884615384616 0.040865384615384616 0.04807692307692308