0 0.171875 0.2620192307692308 0.03125 0.028846153846153848
0 0.5540865384615384 0.2860576923076923 0.036057692307692304 0.04326923076923077
0 0.16105769230769232 0.2956730769230769 0.02403846153846154 0.02403846153846154
0 0.3713942307692308 0.30528846153846156 0.036057692307692304 0.02403846153846154
0 0.23317307692307693 0.30649038461538464 0.028846153846153848 0.03125
0 0.41947115384615385 0.5997596153846154 0.06009615384615385 0.055288461538461536
0 0.2127403846153846 0.6009615384615384 0.04567307692307692 0.04326923076923077
0 0.5685096153846154 0.65625 0.040865384615384616 0.038461538461538464
0 0.41466346153846156 0.0673076923076923 0.036057692307692304 0.038461538461538464
0 0.2439903846153846 0.06971153846153846 0.03125 0.03365384615384615
0 0.5048076923076923 0.7055288461538461 0.03365384615384615 0.03125
0 0.16706730769230768 0.7295673076923077 0.03125 0.03125
0 0.18629807692307693 0.8016826923076923 0.036057692307692304 0.036057692307692304
0 0.19831730769230768 0.12980769230769232 0.055288461538461536 0.04807692307692308
0 0.3112980769230769 0.16826923076923078 0.03125 0.03365384615384615