0 0.24639423076923078 0.19230769230769232 0.04567307692307692 0.03365384615384615
0 0.8088942307692307 0.29927884615384615 0.021634615384615384 0.036057692307692304
0 0.890625 0.3629807692307692 0.026442307692307692 0.028846153846153848
0 0.6826923076923077 0.4050480769230769 0.038461538461538464 0.026442307692307692
0 0.7788461538461539 0.40384615384615385 0.03365384615384615 0.038461538461538464
0 0.8870192307692307 0.4098557692307692 0.028846153846153848 0.036057692307692304
0 0.8064903846153846 0.4375 0.036057692307692304 0.04326923076923077
0 0.9206730769230769 0.4423076923076923 0.028846153846153848 0.03365384615384615
0 0.6358173076923077 0.45913461538461536 0.036057692307692304 0.038461538461538464
0 0.7860576923076923 0.49158653846153844 0.03365384615384615 0.036057692307692304
0 0.6826923076923077 0.5144230769230769 0.03365384615384615 0.038461538461538464
0 0.7331730769230769 0.5240384615384616 0.04326923076923077 0.03365384615384615
0 0.5276442307692307 0.5384615384615384 0.036057692307692304 0.04326923076923077
0 0.8161057692307693 0.5552884615384616 0.036057692307692304 0.028846153846153848
0 0.6225961538461539 0.5817307692307693 0.028846153846153848 0.03365384615384615
0 0.4831730769230769 0.5841346153846154 0.019230769230769232 0.028846153846153848
0 0.7644230769230769 0.5865384615384616 0.028846153846153848 0.028846153846153848
0 0.8701923076923077 0.6129807692307693 0.028846153846153848 0.038461538461538464
0 0.9350961538461539 0.6550480769230769 0.038461538461538464 0.04567307692307692
0 0.8305288461538461 0.6766826923076923 0.021634615384615384 0.026442307692307692
0 0.8521634615384616 0.6754807692307693 0.021634615384615384 0.03365384615384615
0 0.8293269230769231 0.234375 0.028846153846153848 0.026442307692307692