0 0.007211538461538462 0.18028846153846154 0.014423076923076924 0.019230769230769232
0 0.037259615384615384 0.27524038461538464 0.021634615384615384 0.026442307692307692
0 0.22355769230769232 0.2776442307692308 0.02403846153846154 0.026442307692307692
0 0.18870192307692307 0.28725961538461536 0.026442307692307692 0.026442307692307692
0 0.17427884615384615 0.30288461538461536 0.021634615384615384 0.019230769230769232
0 0.18870192307692307 0.328125 0.03125 0.021634615384615384
0 0.28725961538461536 0.35216346153846156 0.021634615384615384 0.021634615384615384
0 0.09975961538461539 0.4567307692307692 0.021634615384615384 0.019230769230769232
0 0.12139423076923077 0.49158653846153844 0.016826923076923076 0.016826923076923076
0 0.2512019230769231 0.5036057692307693 0.021634615384615384 0.026442307692307692
0 0.7007211538461539 0.5192307692307693 0.021634615384615384 0.04807692307692308
0 0.8930288461538461 0.5360576923076923 0.04567307692307692 0.04326923076923077
0 0.1346153846153846 0.8341346153846154 0.057692307692307696 0.052884615384615384
0 0.7211538461538461 0.5661057692307693 0.0625 0.016826923076923076
0 0.7019230769230769 0.734375 0.02403846153846154 0.03125
0 0.7223557692307693 0.7764423076923077 0.055288461538461536 0.04807692307692308
0 0.7127403846153846 0.9194711538461539 0.04567307692307692 0.055288461538461536
0 0.8774038461538461 0.9326923076923077 0.052884615384615384 0.057692307692307696
0 0.8978365384615384 0.9663461538461539 0.055288461538461536 0.052884615384615384