0 0.17668269230769232 0.09975961538461539 0.03125 0.03125
0 0.007211538461538462 0.140625 0.014423076923076924 0.026442307692307692
0 0.18629807692307693 0.25721153846153844 0.03125 0.03365384615384615
0 0.040865384615384616 0.05889423076923077 0.04326923076923077 0.03125
0 0.04927884615384615 0.0829326923076923 0.036057692307692304 0.036057692307692304
0 0.3954326923076923 0.6057692307692307 0.036057692307692304 0.028846153846153848
0 0.24639423076923078 0.8317307692307693 0.055288461538461536 0.04807692307692308
0 0.296875 0.8762019230769231 0.03125 0.03125
0 0.9158653846153846 0.9783653846153846 0.028846153846153848 0.038461538461538464
0 0.7487980769230769 0.5456730769230769 0.036057692307692304 0.02403846153846154
0 0.7956730769230769 0.5492788461538461 0.04326923076923077 0.036057692307692304
0 0.6069711538461539 0.5564903846153846 0.036057692307692304 0.036057692307692304
0 0.6418269230769231 0.5564903846153846 0.03365384615384615 0.03125
0 0.8497596153846154 0.5685096153846154 0.03125 0.026442307692307692
0 0.7103365384615384 0.59375 0.026442307692307692 0.03365384615384615