0 0.9194711538461539 0.07091346153846154 0.03125 0.026442307692307692
0 0.8858173076923077 0.12139423076923077 0.03125 0.026442307692307692
0 0.9555288461538461 0.23076923076923078 0.03125 0.03365384615384615
0 0.8978365384615384 0.2860576923076923 0.03125 0.02403846153846154
0 0.8389423076923077 0.29086538461538464 0.057692307692307696 0.052884615384615384
0 0.90625 0.3173076923076923 0.03365384615384615 0.028846153846153848
0 0.8377403846153846 0.3245192307692308 0.036057692307692304 0.028846153846153848
0 0.140625 0.44711538461538464 0.10336538461538461 0.07211538461538461
0 0.016826923076923076 0.8401442307692307 0.03365384615384615 0.040865384615384616
0 0.16466346153846154 0.8617788461538461 0.06009615384615385 0.06971153846153846
0 0.10576923076923077 0.8737980769230769 0.03365384615384615 0.021634615384615384
0 0.015625 0.9543269230769231 0.03125 0.04326923076923077
0 0.07451923076923077 0.9603365384615384 0.04326923076923077 0.040865384615384616
0 0.15745192307692307 0.9651442307692307 0.05048076923076923 0.04567307692307692
0 0.21634615384615385 0.35336538461538464 0.04326923076923077 0.028846153846153848
0 0.9435096153846154 0.3954326923076923 0.03125 0.026442307692307692
0 0.9098557692307693 0.44591346153846156 0.03125 0.026442307692307692
0 0.9795673076923077 0.5552884615384616 0.03125 0.03365384615384615
0 0.921875 0.6105769230769231 0.03125 0.02403846153846154
0 0.8629807692307693 0.6153846153846154 0.057692307692307696 0.052884615384615384
0 0.9302884615384616 0.6418269230769231 0.03365384615384615 0.028846153846153848
0 0.8617788461538461 0.6538461538461539 0.036057692307692304 0.038461538461538464
0 0.8473557692307693 0.7199519230769231 0.036057692307692304 0.026442307692307692
0 0.8677884615384616 0.7668269230769231 0.04326923076923077 0.057692307692307696
0 0.7451923076923077 0.8185096153846154 0.04326923076923077 0.04567307692307692