0 0.48677884615384615 0.19471153846153846 0.036057692307692304 0.038461538461538464
0 0.4639423076923077 0.2512019230769231 0.04326923076923077 0.036057692307692304
0 0.3870192307692308 0.3918269230769231 0.038461538461538464 0.038461538461538464
0 0.09735576923076923 0.5 0.04567307692307692 0.03365384615384615
0 0.14302884615384615 0.5396634615384616 0.040865384615384616 0.036057692307692304
0 0.9290865384615384 0.5721153846153846 0.10336538461538461 0.052884615384615384
0 0.07932692307692307 0.71875 0.04807692307692308 0.03365384615384615
0 0.10697115384615384 0.7403846153846154 0.04567307692307692 0.03365384615384615
0 0.007211538461538462 0.7692307692307693 0.014423076923076924 0.04807692307692308
0 0.19471153846153846 0.8064903846153846 0.03365384615384615 0.040865384615384616
0 0.06971153846153846 0.8257211538461539 0.07692307692307693 0.040865384615384616
0 0.1201923076923077 0.8810096153846154 0.04326923076923077 0.040865384615384616
0 0.18389423076923078 0.9242788461538461 0.055288461538461536 0.04567307692307692
0 0.21634615384615385 0.9615384615384616 0.04326923076923077 0.03365384615384615
0 0.7572115384615384 0.6850961538461539 0.04326923076923077 0.03365384615384615
0 0.5733173076923077 0.8137019230769231 0.03125 0.03125
0 0.6021634615384616 0.8353365384615384 0.036057692307692304 0.03125
0 0.7608173076923077 0.8425480769230769 0.04567307692307692 0.03125
0 0.5865384615384616 0.9026442307692307 0.057692307692307696 0.06009615384615385