0 0.4050480769230769 0.3088942307692308 0.06971153846153846 0.07932692307692307
0 0.29086538461538464 0.3329326923076923 0.04326923076923077 0.05048076923076923
0 0.3401442307692308 0.3401442307692308 0.04567307692307692 0.036057692307692304
0 0.39663461538461536 0.36899038461538464 0.07211538461538461 0.06971153846153846
0 0.31009615384615385 0.38341346153846156 0.038461538461538464 0.040865384615384616
0 0.23317307692307693 0.3894230769230769 0.09134615384615384 0.09134615384615384
0 0.4254807692307692 0.4266826923076923 0.028846153846153848 0.04567307692307692
0 0.7920673076923077 0.3545673076923077 0.036057692307692304 0.03125
0 0.140625 0.7115384615384616 0.055288461538461536 0.052884615384615384
0 0.04927884615384615 0.8798076923076923 0.07932692307692307 0.057692307692307696
0 0.6935096153846154 0.7307692307692307 0.06009615384615385 0.052884615384615384