0 0.4074519230769231 0.31971153846153844 0.036057692307692304 0.03365384615384615
0 0.2920673076923077 0.3389423076923077 0.026442307692307692 0.02403846153846154
0 0.30408653846153844 0.4170673076923077 0.036057692307692304 0.036057692307692304
0 0.26322115384615385 0.013221153846153846 0.026442307692307692 0.026442307692307692
0 0.6442307692307693 0.20552884615384615 0.04326923076923077 0.040865384615384616
0 0.7596153846153846 0.3016826923076923 0.028846153846153848 0.04567307692307692
0 0.5649038461538461 0.5540865384615384 0.052884615384615384 0.04567307692307692
0 0.2692307692307692 0.7139423076923077 0.028846153846153848 0.03365384615384615
0 0.20793269230769232 0.7740384615384616 0.05048076923076923 0.057692307692307696
0 0.2776442307692308 0.8269230769230769 0.036057692307692304 0.03365384615384615
0 0.15625 0.9723557692307693 0.04807692307692308 0.04567307692307692
0 0.2668269230769231 0.6538461538461539 0.038461538461538464 0.04326923076923077
0 0.2860576923076923 0.6947115384615384 0.03365384615384615 0.03365384615384615
0 0.6766826923076923 0.9134615384615384 0.04567307692307692 0.03365384615384615