0 0.5300480769230769 0.12740384615384615 0.03125 0.02403846153846154
0 0.4855769230769231 0.17427884615384615 0.02403846153846154 0.03125
0 0.3858173076923077 0.2247596153846154 0.040865384615384616 0.040865384615384616
0 0.4375 0.22716346153846154 0.02403846153846154 0.026442307692307692
0 0.38100961538461536 0.25721153846153844 0.03125 0.03365384615384615
0 0.2536057692307692 0.3870192307692308 0.036057692307692304 0.03365384615384615
0 0.4543269230769231 0.40024038461538464 0.03365384615384615 0.026442307692307692
0 0.390625 0.41346153846153844 0.021634615384615384 0.02403846153846154
0 0.3545673076923077 0.4182692307692308 0.036057692307692304 0.04326923076923077
0 0.4423076923076923 0.4338942307692308 0.02403846153846154 0.026442307692307692
0 0.6983173076923077 0.1971153846153846 0.03125 0.03365384615384615
0 0.7127403846153846 0.4519230769230769 0.036057692307692304 0.03365384615384615