0 0.49038461538461536 0.5769230769230769 0.019230769230769232 0.028846153846153848
0 0.7740384615384616 0.12139423076923077 0.03365384615384615 0.026442307692307692
0 0.7980769230769231 0.14302884615384615 0.052884615384615384 0.03125
0 0.8569711538461539 0.23798076923076922 0.03125 0.04326923076923077
0 0.7992788461538461 0.49399038461538464 0.04567307692307692 0.036057692307692304
0 0.6021634615384616 0.546875 0.03125 0.026442307692307692
0 0.7067307692307693 0.5757211538461539 0.04326923076923077 0.036057692307692304
0 0.3125 0.7980769230769231 0.038461538461538464 0.038461538461538464
0 0.7199519230769231 0.9242788461538461 0.036057692307692304 0.03125
0 0.7644230769230769 0.9567307692307693 0.038461538461538464 0.038461538461538464
0 0.9375 0.9891826923076923 0.04326923076923077 0.021634615384615384