0 0.2800480769230769 0.13701923076923078 0.05048076923076923 0.038461538461538464
0 0.052884615384615384 0.5456730769230769 0.0625 0.057692307692307696
0 0.018028846153846152 0.5480769230769231 0.036057692307692304 0.057692307692307696
0 0.5456730769230769 0.47115384615384615 0.038461538461538464 0.04326923076923077
0 0.5348557692307693 0.5060096153846154 0.036057692307692304 0.04567307692307692
0 0.5913461538461539 0.12620192307692307 0.038461538461538464 0.036057692307692304
0 0.6129807692307693 0.5444711538461539 0.04807692307692308 0.04567307692307692
0 0.59375 0.18990384615384615 0.038461538461538464 0.03365384615384615
0 0.6322115384615384 0.21514423076923078 0.028846153846153848 0.026442307692307692
0 0.7367788461538461 0.27163461538461536 0.04567307692307692 0.038461538461538464
0 0.5913461538461539 0.03485576923076923 0.038461538461538464 0.036057692307692304
0 0.5985576923076923 0.7043269230769231 0.03365384615384615 0.028846153846153848
0 0.8942307692307693 0.828125 0.04326923076923077 0.04567307692307692