0 0.5072115384615384 0.3713942307692308 0.038461538461538464 0.036057692307692304
0 0.8557692307692307 0.10576923076923077 0.057692307692307696 0.07211538461538461
0 0.8689903846153846 0.11899038461538461 0.026442307692307692 0.026442307692307692
0 0.9050480769230769 0.140625 0.05048076923076923 0.055288461538461536
0 0.9050480769230769 0.38100961538461536 0.05048076923076923 0.016826923076923076
0 0.33533653846153844 0.8581730769230769 0.055288461538461536 0.04326923076923077
0 0.37259615384615385 0.46033653846153844 0.038461538461538464 0.036057692307692304
0 0.6959134615384616 0.6911057692307693 0.04567307692307692 0.040865384615384616
0 0.7415865384615384 0.7319711538461539 0.040865384615384616 0.05048076923076923
0 0.8497596153846154 0.7680288461538461 0.026442307692307692 0.026442307692307692
0 0.9435096153846154 0.7728365384615384 0.055288461538461536 0.040865384615384616
0 0.875 0.8473557692307693 0.057692307692307696 0.05048076923076923
0 0.9362980769230769 0.8737980769230769 0.05048076923076923 0.06490384615384616