0 0.36658653846153844 0.16466346153846154 0.036057692307692304 0.03125
0 0.31850961538461536 0.1658653846153846 0.026442307692307692 0.028846153846153848
0 0.4014423076923077 0.1658653846153846 0.04326923076923077 0.028846153846153848
0 0.40625 0.20552884615384615 0.04807692307692308 0.040865384615384616
0 0.5192307692307693 0.20552884615384615 0.04326923076923077 0.04567307692307692
0 0.4807692307692308 0.23197115384615385 0.04326923076923077 0.03125
0 0.5949519230769231 0.234375 0.055288461538461536 0.036057692307692304
0 0.5216346153846154 0.24519230769230768 0.038461538461538464 0.028846153846153848
0 0.43509615384615385 0.25961538461538464 0.038461538461538464 0.02403846153846154
0 0.46153846153846156 0.2860576923076923 0.03365384615384615 0.03365384615384615
0 0.296875 0.28725961538461536 0.036057692307692304 0.03125
0 0.39302884615384615 0.296875 0.04567307692307692 0.036057692307692304
0 0.5024038461538461 0.04807692307692308 0.038461538461538464 0.04326923076923077
0 0.45072115384615385 0.11057692307692307 0.040865384615384616 0.057692307692307696
0 0.2644230769230769 0.8629807692307693 0.057692307692307696 0.04326923076923077