0 0.6129807692307693 0.06850961538461539 0.0625 0.04567307692307692
0 0.5012019230769231 0.12740384615384615 0.06971153846153846 0.04326923076923077
0 0.5012019230769231 0.18028846153846154 0.04567307692307692 0.04326923076923077
0 0.484375 0.31490384615384615 0.05048076923076923 0.04326923076923077
0 0.5456730769230769 0.31850961538461536 0.052884615384615384 0.040865384615384616
0 0.6586538461538461 0.054086538461538464 0.07211538461538461 0.06009615384615385
0 0.028846153846153848 0.9254807692307693 0.057692307692307696 0.057692307692307696
0 0.09615384615384616 0.9591346153846154 0.057692307692307696 0.04326923076923077
0 0.11298076923076923 0.5552884615384616 0.03365384615384615 0.04807692307692308
0 0.028846153846153848 0.5901442307692307 0.057692307692307696 0.06971153846153846
0 0.015625 0.6538461538461539 0.03125 0.057692307692307696