0 0.007211538461538462 0.33413461538461536 0.014423076923076924 0.04326923076923077
0 0.9134615384615384 0.015625 0.04807692307692308 0.03125
0 0.7223557692307693 0.030048076923076924 0.05048076923076923 0.04567307692307692
0 0.9615384615384616 0.13221153846153846 0.0625 0.08653846153846154
0 0.8052884615384616 0.15865384615384615 0.0673076923076923 0.0625
0 0.9891826923076923 0.2548076923076923 0.021634615384615384 0.07211538461538461
0 0.8413461538461539 0.28125 0.04326923076923077 0.04807692307692308
0 0.171875 0.8425480769230769 0.10336538461538461 0.07932692307692307
0 0.21033653846153846 0.9807692307692307 0.06490384615384616 0.038461538461538464
0 0.05048076923076923 0.9819711538461539 0.04326923076923077 0.036057692307692304
0 0.40384615384615385 0.9903846153846154 0.038461538461538464 0.019230769230769232
0 0.9194711538461539 0.8617788461538461 0.036057692307692304 0.03125
0 0.7944711538461539 0.8713942307692307 0.05048076923076923 0.04567307692307692
0 0.9519230769230769 0.8810096153846154 0.038461538461538464 0.03125