0 0.1971153846153846 0.2608173076923077 0.057692307692307696 0.040865384615384616
0 0.9639423076923077 0.2536057692307692 0.07211538461538461 0.055288461538461536
0 0.7439903846153846 0.29927884615384615 0.06490384615384616 0.06009615384615385
0 0.9855769230769231 0.30408653846153844 0.028846153846153848 0.05048076923076923
0 0.9050480769230769 0.3137019230769231 0.04567307692307692 0.03125
0 0.9098557692307693 0.31009615384615385 0.06009615384615385 0.038461538461538464
0 0.9639423076923077 0.018028846153846152 0.07211538461538461 0.036057692307692304
0 0.028846153846153848 0.6814903846153846 0.057692307692307696 0.17548076923076922
0 0.15625 0.6862980769230769 0.19230769230769232 0.0985576923076923
0 0.15264423076923078 0.7728365384615384 0.1658653846153846 0.09375
0 0.14182692307692307 0.5216346153846154 0.23076923076923078 0.14423076923076922
0 0.7043269230769231 0.7608173076923077 0.052884615384615384 0.06009615384615385