0 0.3389423076923077 0.4254807692307692 0.03365384615384615 0.038461538461538464
0 0.296875 0.5841346153846154 0.04567307692307692 0.04807692307692308
0 0.4230769230769231 0.6021634615384616 0.04326923076923077 0.036057692307692304
0 0.4098557692307692 0.640625 0.05048076923076923 0.055288461538461536
0 0.3473557692307692 0.7127403846153846 0.04567307692307692 0.03125
0 0.3137019230769231 0.8137019230769231 0.04567307692307692 0.040865384615384616
0 0.4699519230769231 0.9831730769230769 0.04567307692307692 0.03365384615384615
0 0.7451923076923077 0.6538461538461539 0.04326923076923077 0.028846153846153848
0 0.5961538461538461 0.8185096153846154 0.03365384615384615 0.03125
0 0.6033653846153846 0.8762019230769231 0.038461538461538464 0.03125
0 0.6766826923076923 0.9435096153846154 0.040865384615384616 0.03125
0 0.7379807692307693 0.9723557692307693 0.028846153846153848 0.03125