0 0.6069711538461539 0.5096153846153846 0.07451923076923077 0.0673076923076923
0 0.6598557692307693 0.5925480769230769 0.03125 0.036057692307692304
0 0.5252403846153846 0.6129807692307693 0.0889423076923077 0.052884615384615384
0 0.7800480769230769 0.2920673076923077 0.11298076923076923 0.12259615384615384
0 0.5877403846153846 0.33774038461538464 0.10817307692307693 0.07932692307692307
0 0.3713942307692308 0.3918269230769231 0.07451923076923077 0.052884615384615384
0 0.5709134615384616 0.39903846153846156 0.06971153846153846 0.04807692307692308
0 0.5240384615384616 0.9891826923076923 0.09134615384615384 0.016826923076923076
0 0.7800480769230769 0.08533653846153846 0.11298076923076923 0.12259615384615384
0 0.5865384615384616 0.039663461538461536 0.11057692307692307 0.07932692307692307
0 0.3701923076923077 0.006009615384615385 0.07692307692307693 0.01201923076923077