0 0.359375 0.2536057692307692 0.036057692307692304 0.040865384615384616
0 0.3954326923076923 0.36899038461538464 0.07451923076923077 0.0889423076923077
0 0.42788461538461536 0.4891826923076923 0.03365384615384615 0.036057692307692304
0 0.6370192307692307 0.5048076923076923 0.04807692307692308 0.04807692307692308
0 0.7427884615384616 0.5961538461538461 0.03365384615384615 0.038461538461538464
0 0.47836538461538464 0.625 0.052884615384615384 0.0673076923076923
0 0.5252403846153846 0.625 0.040865384615384616 0.03365384615384615
0 0.609375 0.734375 0.036057692307692304 0.04567307692307692
0 0.7608173076923077 0.7367788461538461 0.03125 0.04567307692307692
0 0.4987980769230769 0.8713942307692307 0.040865384615384616 0.040865384615384616
0 0.7091346153846154 0.9122596153846154 0.052884615384615384 0.04567307692307692
0 0.5480769230769231 0.10336538461538461 0.1346153846153846 0.1201923076923077
0 0.5084134615384616 0.21514423076923078 0.04567307692307692 0.06009615384615385