0 0.057692307692307696 0.41466346153846156 0.04326923076923077 0.04567307692307692
0 0.04326923076923077 0.4567307692307692 0.04326923076923077 0.038461538461538464
0 0.19831730769230768 0.49759615384615385 0.03125 0.03365384615384615
0 0.03365384615384615 0.5060096153846154 0.028846153846153848 0.036057692307692304
0 0.13341346153846154 0.5336538461538461 0.036057692307692304 0.03365384615384615
0 0.7944711538461539 0.07692307692307693 0.040865384615384616 0.03365384615384615
0 0.9507211538461539 0.11538461538461539 0.04567307692307692 0.038461538461538464
0 0.8413461538461539 0.13221153846153846 0.038461538461538464 0.038461538461538464
0 0.8930288461538461 0.1346153846153846 0.04567307692307692 0.03365384615384615
0 0.9819711538461539 0.1778846153846154 0.036057692307692304 0.038461538461538464
0 0.5204326923076923 0.625 0.040865384615384616 0.04326923076923077
0 0.32572115384615385 0.6766826923076923 0.08413461538461539 0.06971153846153846
0 0.48197115384615385 0.6959134615384616 0.040865384615384616 0.04567307692307692
0 0.1310096153846154 0.7415865384615384 0.040865384615384616 0.040865384615384616
0 0.23918269230769232 0.7475961538461539 0.036057692307692304 0.028846153846153848
0 0.25600961538461536 0.8052884615384616 0.05048076923076923 0.038461538461538464
0 0.35697115384615385 0.8305288461538461 0.06009615384615385 0.06490384615384616
0 0.515625 0.8353365384615384 0.06971153846153846 0.06009615384615385
0 0.1141826923076923 0.9122596153846154 0.05048076923076923 0.040865384615384616
0 0.24519230769230768 0.9182692307692307 0.04326923076923077 0.03365384615384615
0 0.7403846153846154 0.9543269230769231 0.1201923076923077 0.09134615384615384
0 0.890625 0.9831730769230769 0.055288461538461536 0.03365384615384615
0 0.9326923076923077 0.6995192307692307 0.0625 0.057692307692307696
0 0.9675480769230769 0.7644230769230769 0.06490384615384616 0.12980769230769232