0 0.3954326923076923 0.47716346153846156 0.05048076923076923 0.10817307692307693
0 0.2800480769230769 0.4855769230769231 0.021634615384615384 0.019230769230769232
0 0.6237980769230769 0.34134615384615385 0.05048076923076923 0.028846153846153848
0 0.5925480769230769 0.39663461538461536 0.07451923076923077 0.04326923076923077
0 0.9831730769230769 0.4182692307692308 0.03365384615384615 0.057692307692307696
0 0.625 0.47716346153846156 0.052884615384615384 0.026442307692307692
0 0.5564903846153846 0.48197115384615385 0.08413461538461539 0.05048076923076923
0 0.7872596153846154 0.1971153846153846 0.036057692307692304 0.019230769230769232
0 0.5288461538461539 0.22596153846153846 0.052884615384615384 0.04326923076923077
0 0.39663461538461536 0.6201923076923077 0.04326923076923077 0.028846153846153848
0 0.6454326923076923 0.7800480769230769 0.07451923076923077 0.06971153846153846
0 0.71875 0.7427884615384616 0.08653846153846154 0.10096153846153846