0 0.0889423076923077 0.17067307692307693 0.04807692307692308 0.052884615384615384
0 0.040865384615384616 0.1778846153846154 0.052884615384615384 0.052884615384615384
0 0.06850961538461539 0.2403846153846154 0.04567307692307692 0.038461538461538464
0 0.03485576923076923 0.2439903846153846 0.04567307692307692 0.04567307692307692
0 0.13701923076923078 0.2920673076923077 0.09134615384615384 0.08413461538461539
0 0.08533653846153846 0.33413461538461536 0.055288461538461536 0.0673076923076923
0 0.15504807692307693 0.4026442307692308 0.040865384615384616 0.040865384615384616
0 0.14182692307692307 0.44471153846153844 0.052884615384615384 0.04326923076923077
0 0.15264423076923078 0.02403846153846154 0.06490384615384616 0.04807692307692308
0 0.09134615384615384 0.037259615384615384 0.057692307692307696 0.036057692307692304
0 0.23557692307692307 0.07091346153846154 0.04326923076923077 0.04567307692307692
0 0.09495192307692307 0.08173076923076923 0.04567307692307692 0.04326923076923077
0 0.16105769230769232 0.09735576923076923 0.07692307692307693 0.08413461538461539
0 0.7223557692307693 0.010817307692307692 0.036057692307692304 0.021634615384615384
0 0.8173076923076923 0.1141826923076923 0.04326923076923077 0.036057692307692304
0 0.7848557692307693 0.14423076923076922 0.036057692307692304 0.03365384615384615
0 0.8509615384615384 0.21754807692307693 0.038461538461538464 0.05048076923076923
0 0.7127403846153846 0.25841346153846156 0.040865384615384616 0.04567307692307692
0 0.6502403846153846 0.26802884615384615 0.040865384615384616 0.03125
0 0.59375 0.375 0.038461538461538464 0.038461538461538464
0 0.45072115384615385 0.640625 0.016826923076923076 0.036057692307692304
0 0.4326923076923077 0.7055288461538461 0.04326923076923077 0.040865384615384616
0 0.36538461538461536 0.7463942307692307 0.03365384615384615 0.03125