0 0.9290865384615384 0.16466346153846154 0.036057692307692304 0.036057692307692304
0 0.9098557692307693 0.2668269230769231 0.036057692307692304 0.028846153846153848
0 0.7920673076923077 0.3942307692307692 0.040865384615384616 0.028846153846153848
0 0.18028846153846154 0.7764423076923077 0.02403846153846154 0.028846153846153848
0 0.27283653846153844 0.7944711538461539 0.026442307692307692 0.03125
0 0.3545673076923077 0.8725961538461539 0.036057692307692304 0.03365384615384615
0 0.2860576923076923 0.8737980769230769 0.03365384615384615 0.03125
0 0.5072115384615384 0.5697115384615384 0.07692307692307693 0.0673076923076923
0 0.49278846153846156 0.7103365384615384 0.08173076923076923 0.07932692307692307
0 0.4326923076923077 0.7944711538461539 0.04807692307692308 0.05048076923076923
0 0.6622596153846154 0.44591346153846156 0.08413461538461539 0.07451923076923077