0 0.10817307692307693 0.3173076923076923 0.038461538461538464 0.03365384615384615
0 0.23677884615384615 0.44471153846153844 0.03125 0.02403846153846154
0 0.14783653846153846 0.5721153846153846 0.026442307692307692 0.02403846153846154
0 0.3605769230769231 0.5757211538461539 0.028846153846153848 0.026442307692307692
0 0.10817307692307693 0.5865384615384616 0.02403846153846154 0.028846153846153848
0 0.22716346153846154 0.6622596153846154 0.016826923076923076 0.021634615384615384
0 0.375 0.7211538461538461 0.02403846153846154 0.019230769230769232
0 0.18269230769230768 0.8064903846153846 0.038461538461538464 0.036057692307692304
0 0.02283653846153846 0.9423076923076923 0.03125 0.03365384615384615
0 0.11658653846153846 0.9711538461538461 0.040865384615384616 0.028846153846153848
0 0.14783653846153846 0.9867788461538461 0.03125 0.021634615384615384
0 0.9098557692307693 0.9555288461538461 0.06009615384615385 0.06490384615384616
0 0.8100961538461539 0.75 0.04807692307692308 0.038461538461538464