0 0.17067307692307693 0.15504807692307693 0.028846153846153848 0.026442307692307692
0 0.27884615384615385 0.38100961538461536 0.028846153846153848 0.026442307692307692
0 0.3713942307692308 0.43509615384615385 0.055288461538461536 0.052884615384615384
0 0.46875 0.4423076923076923 0.038461538461538464 0.028846153846153848
0 0.6346153846153846 0.4026442307692308 0.019230769230769232 0.021634615384615384
0 0.16105769230769232 0.8088942307692307 0.04326923076923077 0.05048076923076923
0 0.10336538461538461 0.8425480769230769 0.03365384615384615 0.036057692307692304
0 0.2704326923076923 0.8521634615384616 0.055288461538461536 0.040865384615384616
0 0.359375 0.8581730769230769 0.06971153846153846 0.052884615384615384
0 0.20552884615384615 0.9230769230769231 0.04567307692307692 0.057692307692307696
0 0.14182692307692307 0.9290865384615384 0.038461538461538464 0.04567307692307692
0 0.07932692307692307 0.9627403846153846 0.04326923076923077 0.036057692307692304
0 0.2800480769230769 0.9855769230769231 0.04567307692307692 0.028846153846153848
0 0.8028846153846154 0.9326923076923077 0.04326923076923077 0.038461538461538464