0 0.22596153846153846 0.453125 0.04326923076923077 0.03125
0 0.40865384615384615 0.7151442307692307 0.10096153846153846 0.07451923076923077
0 0.3125 0.7223557692307693 0.04326923076923077 0.04567307692307692
0 0.3545673076923077 0.7872596153846154 0.11778846153846154 0.06009615384615385
0 0.15504807692307693 0.8233173076923077 0.06971153846153846 0.05048076923076923
0 0.23918269230769232 0.8509615384615384 0.05048076923076923 0.038461538461538464
0 0.3245192307692308 0.9326923076923077 0.0673076923076923 0.0625
0 0.21754807692307693 0.5961538461538461 0.07451923076923077 0.03365384615384615
0 0.43509615384615385 0.6286057692307693 0.08653846153846154 0.0985576923076923
0 0.953125 0.7307692307692307 0.026442307692307692 0.028846153846153848
0 0.9555288461538461 0.7043269230769231 0.03125 0.02403846153846154