0 0.6983173076923077 0.5168269230769231 0.055288461538461536 0.052884615384615384
0 0.4050480769230769 0.546875 0.055288461538461536 0.04567307692307692
0 0.3293269230769231 0.5865384615384616 0.057692307692307696 0.04326923076923077
0 0.6069711538461539 0.6850961538461539 0.07932692307692307 0.057692307692307696
0 0.29927884615384615 0.18269230769230768 0.06490384615384616 0.04807692307692308
0 0.41466346153846156 0.21754807692307693 0.0889423076923077 0.06971153846153846
0 0.4230769230769231 0.28125 0.057692307692307696 0.057692307692307696
0 0.7475961538461539 0.30288461538461536 0.0625 0.052884615384615384
0 0.5769230769230769 0.31850961538461536 0.04807692307692308 0.06490384615384616
0 0.29927884615384615 0.0673076923076923 0.06490384615384616 0.04807692307692308
0 0.41346153846153844 0.03485576923076923 0.09134615384615384 0.06971153846153846