0 0.8004807692307693 0.03125 0.038461538461538464 0.038461538461538464
0 0.015625 0.3870192307692308 0.03125 0.028846153846153848
0 0.31490384615384615 0.6923076923076923 0.028846153846153848 0.038461538461538464
0 0.14783653846153846 0.39302884615384615 0.04567307692307692 0.036057692307692304
0 0.5348557692307693 0.7944711538461539 0.04567307692307692 0.06009615384615385
0 0.24879807692307693 0.8088942307692307 0.10336538461538461 0.07932692307692307
0 0.17668269230769232 0.9314903846153846 0.06971153846153846 0.06009615384615385
0 0.06370192307692307 0.9326923076923077 0.07451923076923077 0.0625
0 0.27524038461538464 0.9567307692307693 0.11778846153846154 0.0673076923076923
0 0.4639423076923077 0.43149038461538464 0.0625 0.04567307692307692
0 0.20673076923076922 0.4963942307692308 0.057692307692307696 0.026442307692307692
0 0.18389423076923078 0.5612980769230769 0.08413461538461539 0.07451923076923077
0 0.5240384615384616 0.5721153846153846 0.052884615384615384 0.04326923076923077
0 0.2692307692307692 0.6069711538461539 0.038461538461538464 0.036057692307692304
0 0.3473557692307692 0.6394230769230769 0.036057692307692304 0.028846153846153848
0 0.015625 0.32091346153846156 0.03125 0.026442307692307692
0 0.14783653846153846 0.32091346153846156 0.04567307692307692 0.026442307692307692
0 0.9170673076923077 0.38100961538461536 0.09375 0.06971153846153846
0 0.8052884615384616 0.39663461538461536 0.057692307692307696 0.0625
0 0.7067307692307693 0.5637019230769231 0.08653846153846154 0.06009615384615385
0 0.8641826923076923 0.6033653846153846 0.06009615384615385 0.052884615384615384
0 0.9471153846153846 0.6286057692307693 0.04326923076923077 0.036057692307692304
0 0.6057692307692307 0.6502403846153846 0.09615384615384616 0.06009615384615385
0 0.875 0.6502403846153846 0.052884615384615384 0.04567307692307692
0 0.875 0.7620192307692307 0.04326923076923077 0.052884615384615384
0 0.7439903846153846 0.7896634615384616 0.06009615384615385 0.05048076923076923
0 0.7848557692307693 0.8209134615384616 0.04567307692307692 0.04567307692307692
0 0.8762019230769231 0.9879807692307693 0.04567307692307692 0.02403846153846154
0 0.7439903846153846 0.9759615384615384 0.06009615384615385 0.04807692307692308
0 0.7848557692307693 0.9459134615384616 0.04567307692307692 0.04567307692307692