0 0.18269230769230768 0.06971153846153846 0.07211538461538461 0.10096153846153846
0 0.2548076923076923 0.2776442307692308 0.0673076923076923 0.06971153846153846
0 0.21754807692307693 0.3425480769230769 0.06971153846153846 0.055288461538461536
0 0.25961538461538464 0.3942307692307692 0.03365384615384615 0.03365384615384615
0 0.6850961538461539 0.3605769230769231 0.038461538461538464 0.03365384615384615
0 0.6057692307692307 0.4098557692307692 0.04326923076923077 0.036057692307692304
0 0.8569711538461539 0.4098557692307692 0.04567307692307692 0.036057692307692304
0 0.9447115384615384 0.4170673076923077 0.038461538461538464 0.04567307692307692
0 0.53125 0.5540865384615384 0.04326923076923077 0.036057692307692304
0 0.6370192307692307 0.5721153846153846 0.03365384615384615 0.014423076923076924
0 0.30408653846153844 0.65625 0.036057692307692304 0.03365384615384615
0 0.24278846153846154 0.671875 0.02403846153846154 0.021634615384615384
0 0.34615384615384615 0.9350961538461539 0.028846153846153848 0.028846153846153848
0 0.3629807692307692 0.9951923076923077 0.03365384615384615 0.009615384615384616
0 0.9663461538461539 0.6694711538461539 0.0673076923076923 0.0889423076923077