0 0.3605769230769231 0.27283653846153844 0.02403846153846154 0.016826923076923076
0 0.31490384615384615 0.37259615384615385 0.028846153846153848 0.028846153846153848
0 0.234375 0.421875 0.026442307692307692 0.03125
0 0.3173076923076923 0.4266826923076923 0.028846153846153848 0.026442307692307692
0 0.6213942307692307 0.021634615384615384 0.036057692307692304 0.03365384615384615
0 0.2704326923076923 0.9903846153846154 0.05048076923076923 0.019230769230769232
0 0.8137019230769231 0.78125 0.040865384615384616 0.04326923076923077
0 0.8846153846153846 0.7860576923076923 0.052884615384615384 0.0673076923076923
0 0.5408653846153846 0.8112980769230769 0.02403846153846154 0.03125
0 0.8016826923076923 0.8173076923076923 0.040865384615384616 0.03365384615384615
0 0.9903846153846154 0.8341346153846154 0.019230769230769232 0.028846153846153848
0 0.5685096153846154 0.8605769230769231 0.03125 0.03365384615384615
0 0.7151442307692307 0.9747596153846154 0.04567307692307692 0.05048076923076923