0 0.22956730769230768 0.8810096153846154 0.05048076923076923 0.036057692307692304
0 0.8016826923076923 0.6634615384615384 0.06971153846153846 0.0625
0 0.7596153846153846 0.6658653846153846 0.0625 0.0625
0 0.9182692307692307 0.6935096153846154 0.052884615384615384 0.04567307692307692
0 0.9038461538461539 0.7211538461538461 0.038461538461538464 0.028846153846153848
0 0.6634615384615384 0.7560096153846154 0.0625 0.05048076923076923
0 0.8978365384615384 0.7644230769230769 0.04567307692307692 0.03365384615384615
0 0.8004807692307693 0.7824519230769231 0.057692307692307696 0.036057692307692304
0 0.8449519230769231 0.8137019230769231 0.04567307692307692 0.04567307692307692
0 0.5985576923076923 0.8389423076923077 0.052884615384615384 0.052884615384615384
0 0.5721153846153846 0.9002403846153846 0.0673076923076923 0.05048076923076923
0 0.6766826923076923 0.38221153846153844 0.07451923076923077 0.04807692307692308
0 0.9627403846153846 0.46634615384615385 0.06971153846153846 0.04326923076923077
0 0.7175480769230769 0.6033653846153846 0.06971153846153846 0.0673076923076923