0 0.3293269230769231 0.01201923076923077 0.04326923076923077 0.02403846153846154
0 0.3016826923076923 0.03365384615384615 0.03125 0.028846153846153848
0 0.39302884615384615 0.0673076923076923 0.040865384615384616 0.028846153846153848
0 0.4182692307692308 0.234375 0.04326923076923077 0.04567307692307692
0 0.27524038461538464 0.2848557692307692 0.036057692307692304 0.036057692307692304
0 0.3245192307692308 0.3233173076923077 0.038461538461538464 0.040865384615384616
0 0.3641826923076923 0.34375 0.036057692307692304 0.038461538461538464
0 0.24759615384615385 0.34975961538461536 0.04326923076923077 0.040865384615384616
0 0.3233173076923077 0.38341346153846156 0.036057692307692304 0.036057692307692304
0 0.18028846153846154 0.390625 0.03365384615384615 0.03125
0 0.35096153846153844 0.39783653846153844 0.03365384615384615 0.03125
0 0.7283653846153846 0.09014423076923077 0.04326923076923077 0.03125
0 0.8209134615384616 0.3245192307692308 0.036057692307692304 0.04807692307692308
0 0.8149038461538461 0.3762019230769231 0.038461538461538464 0.036057692307692304
0 0.6286057692307693 0.004807692307692308 0.036057692307692304 0.009615384615384616
0 0.140625 0.6237980769230769 0.040865384615384616 0.036057692307692304
0 0.23557692307692307 0.859375 0.038461538461538464 0.026442307692307692
0 0.17427884615384615 0.9951923076923077 0.04567307692307692 0.009615384615384616
0 0.9447115384615384 0.6466346153846154 0.038461538461538464 0.04807692307692308
0 0.7151442307692307 0.6790865384615384 0.04567307692307692 0.036057692307692304
0 0.8786057692307693 0.8858173076923077 0.05048076923076923 0.04567307692307692
0 0.9615384615384616 0.9915865384615384 0.0673076923076923 0.016826923076923076