0 0.5492788461538461 0.3401442307692308 0.07451923076923077 0.11298076923076923
0 0.6213942307692307 0.3798076923076923 0.036057692307692304 0.052884615384615384
0 0.6262019230769231 0.4807692307692308 0.026442307692307692 0.038461538461538464
0 0.5120192307692307 0.078125 0.057692307692307696 0.05048076923076923
0 0.4074519230769231 0.125 0.06009615384615385 0.038461538461538464
0 0.4326923076923077 0.16826923076923078 0.0625 0.052884615384615384
0 0.7704326923076923 0.27884615384615385 0.040865384615384616 0.038461538461538464
0 0.4963942307692308 0.6105769230769231 0.06490384615384616 0.04807692307692308
0 0.39663461538461536 0.6129807692307693 0.04326923076923077 0.038461538461538464
0 0.18269230769230768 0.7235576923076923 0.04326923076923077 0.028846153846153848
0 0.38341346153846156 0.7439903846153846 0.04567307692307692 0.03125
0 0.4543269230769231 0.7560096153846154 0.03365384615384615 0.03125
0 0.8617788461538461 0.8293269230769231 0.026442307692307692 0.02403846153846154
0 0.8305288461538461 0.9591346153846154 0.021634615384615384 0.02403846153846154
0 0.8882211538461539 0.96875 0.040865384615384616 0.038461538461538464