0 0.7908653846153846 0.33774038461538464 0.04326923076923077 0.021634615384615384
0 0.15504807692307693 0.4098557692307692 0.06971153846153846 0.06009615384615385
0 0.019230769230769232 0.5336538461538461 0.038461538461538464 0.038461538461538464
0 0.25841346153846156 0.5420673076923077 0.05048076923076923 0.04567307692307692
0 0.09735576923076923 0.5444711538461539 0.04567307692307692 0.06009615384615385
0 0.1935096153846154 0.5492788461538461 0.06009615384615385 0.06971153846153846
0 0.007211538461538462 0.5865384615384616 0.014423076923076924 0.04326923076923077
0 0.3016826923076923 0.6105769230769231 0.06009615384615385 0.052884615384615384
0 0.41466346153846156 0.6430288461538461 0.05048076923076923 0.04567307692307692
0 0.34975961538461536 0.6466346153846154 0.06009615384615385 0.057692307692307696
0 0.42427884615384615 0.6935096153846154 0.03125 0.06009615384615385
0 0.12980769230769232 0.7103365384615384 0.052884615384615384 0.036057692307692304
0 0.3269230769230769 0.7211538461538461 0.0673076923076923 0.0673076923076923
0 0.08533653846153846 0.3557692307692308 0.05048076923076923 0.014423076923076924