0 0.6310096153846154 0.296875 0.036057692307692304 0.036057692307692304
0 0.9399038461538461 0.3173076923076923 0.04326923076923077 0.038461538461538464
0 0.6105769230769231 0.390625 0.03365384615384615 0.04567307692307692
0 0.22115384615384615 0.6790865384615384 0.04807692307692308 0.06490384615384616
0 0.7896634615384616 0.6959134615384616 0.036057692307692304 0.03125
0 0.7415865384615384 0.6971153846153846 0.026442307692307692 0.028846153846153848
0 0.8245192307692307 0.6971153846153846 0.04326923076923077 0.028846153846153848
0 0.8293269230769231 0.7367788461538461 0.04807692307692308 0.040865384615384616
0 0.9423076923076923 0.7367788461538461 0.04326923076923077 0.04567307692307692
0 0.9038461538461539 0.7632211538461539 0.04326923076923077 0.03125
0 0.9447115384615384 0.7764423076923077 0.038461538461538464 0.028846153846153848
0 0.8581730769230769 0.7908653846153846 0.038461538461538464 0.02403846153846154
0 0.8846153846153846 0.8173076923076923 0.03365384615384615 0.03365384615384615
0 0.7199519230769231 0.8185096153846154 0.036057692307692304 0.03125
0 0.8161057692307693 0.828125 0.04567307692307692 0.036057692307692304
0 0.9002403846153846 0.4963942307692308 0.040865384615384616 0.036057692307692304
0 0.9254807692307693 0.5793269230769231 0.038461538461538464 0.04326923076923077
0 0.8737980769230769 0.6418269230769231 0.040865384615384616 0.057692307692307696