0 0.06370192307692307 0.7067307692307693 0.03125 0.03365384615384615
0 0.19230769230769232 0.7307692307692307 0.04807692307692308 0.03365384615384615
0 0.11057692307692307 0.7860576923076923 0.04326923076923077 0.028846153846153848
0 0.7704326923076923 0.6814903846153846 0.05048076923076923 0.036057692307692304
0 0.9014423076923077 0.7103365384615384 0.038461538461538464 0.03125
0 0.6971153846153846 0.7175480769230769 0.04807692307692308 0.040865384615384616
0 0.8149038461538461 0.7560096153846154 0.038461538461538464 0.03125
0 0.6021634615384616 0.8293269230769231 0.040865384615384616 0.03365384615384615
0 0.4735576923076923 0.8641826923076923 0.028846153846153848 0.04567307692307692
0 0.9242788461538461 0.8858173076923077 0.06971153846153846 0.06009615384615385
0 0.5456730769230769 0.8978365384615384 0.04807692307692308 0.04567307692307692
0 0.8713942307692307 0.9086538461538461 0.040865384615384616 0.03365384615384615
0 0.47716346153846156 0.9783653846153846 0.036057692307692304 0.03365384615384615