0 0.0889423076923077 0.15384615384615385 0.038461538461538464 0.028846153846153848
0 0.9591346153846154 0.15264423076923078 0.08173076923076923 0.06490384615384616
0 0.8365384615384616 0.1778846153846154 0.04326923076923077 0.057692307692307696
0 0.8822115384615384 0.2548076923076923 0.038461538461538464 0.038461538461538464
0 0.7908653846153846 0.2776442307692308 0.0673076923076923 0.04567307692307692
0 0.8293269230769231 0.29447115384615385 0.03365384615384615 0.040865384615384616
0 0.9675480769230769 0.30408653846153844 0.06009615384615385 0.07451923076923077
0 0.7463942307692307 0.3317307692307692 0.04567307692307692 0.04326923076923077
0 0.9411057692307693 0.40384615384615385 0.036057692307692304 0.04807692307692308
0 0.9146634615384616 0.4230769230769231 0.05048076923076923 0.052884615384615384
0 0.7427884615384616 0.5108173076923077 0.038461538461538464 0.016826923076923076
0 0.4879807692307692 0.2776442307692308 0.057692307692307696 0.04567307692307692
0 0.5300480769230769 0.3317307692307692 0.04567307692307692 0.04326923076923077
0 0.53125 0.5108173076923077 0.038461538461538464 0.016826923076923076
0 0.31971153846153844 0.7379807692307693 0.04326923076923077 0.04807692307692308
0 0.21394230769230768 0.9290865384615384 0.0673076923076923 0.06009615384615385
0 0.27524038461538464 0.9543269230769231 0.06490384615384616 0.057692307692307696
0 0.36899038461538464 0.9891826923076923 0.05048076923076923 0.021634615384615384
0 0.921875 0.7944711538461539 0.06009615384615385 0.055288461538461536
0 0.984375 0.859375 0.03125 0.055288461538461536