0 0.8762019230769231 0.015625 0.036057692307692304 0.03125
0 0.9254807692307693 0.051682692307692304 0.038461538461538464 0.040865384615384616
0 0.9651442307692307 0.07211538461538461 0.036057692307692304 0.038461538461538464
0 0.8485576923076923 0.078125 0.04326923076923077 0.040865384615384616
0 0.9242788461538461 0.11177884615384616 0.036057692307692304 0.036057692307692304
0 0.78125 0.11899038461538461 0.03365384615384615 0.03125
0 0.9519230769230769 0.12620192307692307 0.03365384615384615 0.03125
0 0.18509615384615385 0.3798076923076923 0.0673076923076923 0.02403846153846154
0 0.140625 0.46153846153846156 0.07932692307692307 0.057692307692307696
0 0.8233173076923077 0.8329326923076923 0.026442307692307692 0.03125
0 0.7776442307692307 0.8810096153846154 0.03125 0.03125
0 0.9603365384615384 0.8894230769230769 0.036057692307692304 0.03365384615384615
0 0.8485576923076923 0.9939903846153846 0.03365384615384615 0.01201923076923077
0 0.6286057692307693 0.4519230769230769 0.040865384615384616 0.03365384615384615