0 0.2668269230769231 0.11899038461538461 0.038461538461538464 0.04567307692307692
0 0.25721153846153844 0.1622596153846154 0.03365384615384615 0.040865384615384616
0 0.11778846153846154 0.2692307692307692 0.04326923076923077 0.038461538461538464
0 0.875 0.5144230769230769 0.052884615384615384 0.0625
0 0.90625 0.5528846153846154 0.04326923076923077 0.052884615384615384
0 0.7848557692307693 0.5637019230769231 0.06971153846153846 0.04567307692307692
0 0.7379807692307693 0.6045673076923077 0.0673076923076923 0.04567307692307692
0 0.8353365384615384 0.6213942307692307 0.06009615384615385 0.036057692307692304
0 0.8858173076923077 0.6237980769230769 0.036057692307692304 0.036057692307692304
0 0.9134615384615384 0.7067307692307693 0.057692307692307696 0.038461538461538464
0 0.6514423076923077 0.4338942307692308 0.04326923076923077 0.036057692307692304
0 0.7331730769230769 0.49278846153846156 0.0625 0.038461538461538464
0 0.8425480769230769 0.49399038461538464 0.05048076923076923 0.06009615384615385