0 0.46875 0.28125 0.04807692307692308 0.052884615384615384
0 0.4206730769230769 0.28846153846153844 0.052884615384615384 0.052884615384615384
0 0.4483173076923077 0.35096153846153844 0.04567307692307692 0.038461538461538464
0 0.41466346153846156 0.3545673076923077 0.04567307692307692 0.04567307692307692
0 0.35697115384615385 0.38221153846153844 0.04567307692307692 0.04326923076923077
0 0.5168269230769231 0.4026442307692308 0.09134615384615384 0.08413461538461539
0 0.4651442307692308 0.44471153846153844 0.055288461538461536 0.0673076923076923
0 0.5348557692307693 0.5132211538461539 0.040865384615384616 0.040865384615384616
0 0.42908653846153844 0.056490384615384616 0.040865384615384616 0.04567307692307692
0 0.5216346153846154 0.5552884615384616 0.052884615384615384 0.04326923076923077
0 0.3016826923076923 0.6189903846153846 0.12740384615384615 0.11778846153846154
0 0.5036057692307693 0.06490384615384616 0.06971153846153846 0.057692307692307696
0 0.3870192307692308 0.7055288461538461 0.09134615384615384 0.07932692307692307
0 0.2848557692307692 0.7067307692307693 0.05048076923076923 0.04326923076923077
0 0.4014423076923077 0.8425480769230769 0.057692307692307696 0.04567307692307692
0 0.5324519230769231 0.12980769230769232 0.06490384615384616 0.057692307692307696
0 0.47115384615384615 0.14783653846153846 0.057692307692307696 0.036057692307692304
0 0.6153846153846154 0.1814903846153846 0.04326923076923077 0.04567307692307692
0 0.47475961538461536 0.19230769230769232 0.04567307692307692 0.04326923076923077
0 0.5408653846153846 0.20793269230769232 0.07692307692307693 0.08413461538461539