0 0.5084134615384616 0.2932692307692308 0.055288461538461536 0.052884615384615384
0 0.21514423076923078 0.3233173076923077 0.055288461538461536 0.04567307692307692
0 0.13942307692307693 0.3629807692307692 0.057692307692307696 0.04326923076923077
0 0.4170673076923077 0.46153846153846156 0.07932692307692307 0.057692307692307696
0 0.2247596153846154 0.014423076923076924 0.0889423076923077 0.028846153846153848
0 0.23317307692307693 0.057692307692307696 0.057692307692307696 0.057692307692307696
0 0.5480769230769231 0.07932692307692307 0.04326923076923077 0.052884615384615384
0 0.3870192307692308 0.09495192307692307 0.04807692307692308 0.06490384615384616
0 0.7007211538461539 0.3798076923076923 0.03125 0.019230769230769232
0 0.8653846153846154 0.3942307692307692 0.057692307692307696 0.038461538461538464
0 0.9435096153846154 0.44591346153846156 0.021634615384615384 0.016826923076923076
0 0.7704326923076923 0.5673076923076923 0.021634615384615384 0.019230769230769232
0 0.78125 0.5745192307692307 0.019230769230769232 0.009615384615384616
0 0.8016826923076923 0.5769230769230769 0.016826923076923076 0.004807692307692308
0 0.09495192307692307 0.6334134615384616 0.03125 0.026442307692307692
0 0.20192307692307693 0.6358173076923077 0.03365384615384615 0.03125
0 0.28125 0.6478365384615384 0.038461538461538464 0.026442307692307692
0 0.36778846153846156 0.6802884615384616 0.02403846153846154 0.02403846153846154
0 0.38822115384615385 0.7019230769230769 0.03125 0.03365384615384615
0 0.01201923076923077 0.7115384615384616 0.02403846153846154 0.02403846153846154
0 0.14423076923076922 0.7163461538461539 0.057692307692307696 0.04326923076923077
0 0.31490384615384615 0.7896634615384616 0.028846153846153848 0.021634615384615384
0 0.27163461538461536 0.7884615384615384 0.028846153846153848 0.019230769230769232
0 0.20432692307692307 0.8052884615384616 0.028846153846153848 0.03365384615384615
0 0.2692307692307692 0.8088942307692307 0.02403846153846154 0.021634615384615384
0 0.23677884615384615 0.8137019230769231 0.016826923076923076 0.016826923076923076
0 0.2548076923076923 0.828125 0.02403846153846154 0.03125
0 0.27163461538461536 0.8305288461538461 0.02403846153846154 0.021634615384615384
0 0.31009615384615385 0.8329326923076923 0.03365384615384615 0.03125
0 0.16346153846153846 0.8401442307692307 0.02403846153846154 0.016826923076923076
0 0.27283653846153844 0.8521634615384616 0.026442307692307692 0.016826923076923076
0 0.16947115384615385 0.8545673076923077 0.016826923076923076 0.016826923076923076
0 0.20192307692307693 0.8713942307692307 0.028846153846153848 0.021634615384615384
0 0.27283653846153844 0.8737980769230769 0.026442307692307692 0.016826923076923076
0 0.16947115384615385 0.8786057692307693 0.03125 0.021634615384615384
0 0.25721153846153844 0.8930288461538461 0.019230769230769232 0.021634615384615384
0 0.17067307692307693 0.8954326923076923 0.019230769230769232 0.016826923076923076
0 0.19230769230769232 0.9086538461538461 0.028846153846153848 0.02403846153846154
0 0.1778846153846154 0.9879807692307693 0.03365384615384615 0.02403846153846154
0 0.25240384615384615 0.6033653846153846 0.019230769230769232 0.02403846153846154
0 0.27163461538461536 0.6177884615384616 0.02403846153846154 0.019230769230769232
0 0.1778846153846154 0.6237980769230769 0.03365384615384615 0.03125
0 0.8209134615384616 0.8461538461538461 0.0889423076923077 0.07211538461538461
0 0.6009615384615384 0.6694711538461539 0.0625 0.07932692307692307