0 0.453125 0.27163461538461536 0.03125 0.038461538461538464
0 0.7199519230769231 0.38822115384615385 0.03125 0.021634615384615384
0 0.7475961538461539 0.39783653846153844 0.028846153846153848 0.021634615384615384
0 0.7620192307692307 0.44711538461538464 0.028846153846153848 0.02403846153846154
0 0.7067307692307693 0.4639423076923077 0.038461538461538464 0.038461538461538464
0 0.38341346153846156 0.4675480769230769 0.03125 0.040865384615384616
0 0.6935096153846154 0.6213942307692307 0.026442307692307692 0.021634615384615384
0 0.49158653846153844 0.6262019230769231 0.03125 0.03125
0 0.6298076923076923 0.7103365384615384 0.028846153846153848 0.03125
0 0.5625 0.7548076923076923 0.038461538461538464 0.03365384615384615
0 0.7355769230769231 0.7584134615384616 0.04326923076923077 0.04567307692307692