0 0.3870192307692308 0.2644230769230769 0.019230769230769232 0.02403846153846154
0 0.35336538461538464 0.2668269230769231 0.02403846153846154 0.019230769230769232
0 0.36658653846153844 0.2920673076923077 0.016826923076923076 0.016826923076923076
0 0.3737980769230769 0.3161057692307692 0.04567307692307692 0.036057692307692304
0 0.3137019230769231 0.31971153846153844 0.04567307692307692 0.03365384615384615
0 0.671875 0.328125 0.026442307692307692 0.036057692307692304
0 0.2848557692307692 0.34615384615384615 0.021634615384615384 0.019230769230769232
0 0.2512019230769231 0.3485576923076923 0.026442307692307692 0.03365384615384615
0 0.2668269230769231 0.359375 0.019230769230769232 0.016826923076923076
0 0.24879807692307693 0.38822115384615385 0.03125 0.026442307692307692
0 0.6502403846153846 0.23197115384615385 0.03125 0.036057692307692304