0 0.17548076923076922 0.1778846153846154 0.038461538461538464 0.03365384615384615
0 0.31971153846153844 0.3762019230769231 0.02403846153846154 0.016826923076923076
0 0.703125 0.35096153846153844 0.06971153846153846 0.0625
0 0.6610576923076923 0.35336538461538464 0.0625 0.0625
0 0.8197115384615384 0.38100961538461536 0.052884615384615384 0.04567307692307692
0 0.8052884615384616 0.40865384615384615 0.038461538461538464 0.028846153846153848
0 0.5649038461538461 0.44350961538461536 0.0625 0.05048076923076923
0 0.7992788461538461 0.4519230769230769 0.04567307692307692 0.03365384615384615
0 0.7019230769230769 0.4699519230769231 0.057692307692307696 0.036057692307692304
0 0.7463942307692307 0.5012019230769231 0.04567307692307692 0.04567307692307692
0 0.5 0.5264423076923077 0.052884615384615384 0.052884615384615384
0 0.4735576923076923 0.5877403846153846 0.0673076923076923 0.05048076923076923
0 0.9543269230769231 0.5901442307692307 0.0625 0.055288461538461536
0 0.578125 0.0673076923076923 0.07451923076923077 0.052884615384615384
0 0.8641826923076923 0.15384615384615385 0.06971153846153846 0.04326923076923077
0 0.6189903846153846 0.29086538461538464 0.06971153846153846 0.0673076923076923
0 0.21394230769230768 0.6766826923076923 0.038461538461538464 0.026442307692307692
0 0.13221153846153846 0.9266826923076923 0.03365384615384615 0.036057692307692304
0 0.18509615384615385 0.953125 0.03365384615384615 0.040865384615384616
0 0.6959134615384616 0.6538461538461539 0.06009615384615385 0.0625
0 0.9807692307692307 0.7319711538461539 0.038461538461538464 0.06009615384615385
0 0.9026442307692307 0.8185096153846154 0.0985576923076923 0.06009615384615385
0 0.6887019230769231 0.953125 0.06009615384615385 0.04567307692307692