0 0.6394230769230769 0.051682692307692304 0.1346153846153846 0.10336538461538461
0 0.8016826923076923 0.1201923076923077 0.055288461538461536 0.038461538461538464
0 0.4110576923076923 0.16346153846153846 0.02403846153846154 0.03365384615384615
0 0.8197115384615384 0.20432692307692307 0.14423076923076922 0.1201923076923077
0 0.0829326923076923 0.49158653846153844 0.10817307692307693 0.08413461538461539
0 0.16706730769230768 0.6646634615384616 0.0985576923076923 0.10336538461538461
0 0.20072115384615385 0.7872596153846154 0.04567307692307692 0.040865384615384616
0 0.026442307692307692 0.9831730769230769 0.052884615384615384 0.03365384615384615
0 0.8365384615384616 0.6478365384615384 0.07211538461538461 0.055288461538461536
0 0.9170673076923077 0.7716346153846154 0.05048076923076923 0.052884615384615384
0 0.984375 0.828125 0.03125 0.04567307692307692
0 0.9086538461538461 0.8377403846153846 0.052884615384615384 0.06490384615384616
0 0.7283653846153846 0.8401442307692307 0.0625 0.06490384615384616
0 0.4735576923076923 0.4014423076923077 0.14423076923076922 0.08653846153846154