0 0.4483173076923077 0.3485576923076923 0.06490384615384616 0.057692307692307696
0 0.65625 0.40024038461538464 0.1346153846153846 0.16105769230769232
0 0.8185096153846154 0.49759615384615385 0.055288461538461536 0.038461538461538464
0 0.3918269230769231 0.5096153846153846 0.052884615384615384 0.04807692307692308
0 0.41586538461538464 0.5408653846153846 0.04807692307692308 0.03365384615384615
0 0.8365384615384616 0.5817307692307693 0.14423076923076922 0.1201923076923077
0 0.7740384615384616 0.21394230769230768 0.0625 0.057692307692307696
0 0.7007211538461539 0.27884615384615385 0.13701923076923078 0.13942307692307693
0 0.9663461538461539 0.28125 0.04807692307692308 0.04326923076923077
0 0.7740384615384616 0.010817307692307692 0.0625 0.021634615384615384
0 0.4675480769230769 0.9627403846153846 0.055288461538461536 0.06009615384615385