0 0.25 0.4387019230769231 0.028846153846153848 0.036057692307692304
0 0.11177884615384616 0.47596153846153844 0.04567307692307692 0.038461538461538464
0 0.09014423076923077 0.5793269230769231 0.026442307692307692 0.03365384615384615
0 0.9639423076923077 0.056490384615384616 0.03365384615384615 0.026442307692307692
0 0.9699519230769231 0.15144230769230768 0.03125 0.028846153846153848
0 0.9555288461538461 0.47836538461538464 0.026442307692307692 0.019230769230769232
0 0.9158653846153846 0.49038461538461536 0.04326923076923077 0.028846153846153848
0 0.7103365384615384 0.5516826923076923 0.026442307692307692 0.021634615384615384
0 0.6658653846153846 0.6586538461538461 0.02403846153846154 0.02403846153846154
0 0.7271634615384616 0.8112980769230769 0.0985576923076923 0.12259615384615384
0 0.9699519230769231 0.8365384615384616 0.06009615384615385 0.0673076923076923
0 0.8473557692307693 0.9447115384615384 0.13221153846153846 0.11057692307692307
0 0.78125 0.9831730769230769 0.07692307692307693 0.03365384615384615
0 0.703125 0.6862980769230769 0.05048076923076923 0.0889423076923077