0 0.8834134615384616 0.15985576923076922 0.03125 0.036057692307692304
0 0.6033653846153846 0.1658653846153846 0.04807692307692308 0.04326923076923077
0 0.7055288461538461 0.2536057692307692 0.04567307692307692 0.04567307692307692
0 0.6875 0.42427884615384615 0.04807692307692308 0.055288461538461536
0 0.65625 0.5829326923076923 0.04326923076923077 0.01201923076923077
0 0.23918269230769232 0.6262019230769231 0.03125 0.026442307692307692
0 0.1935096153846154 0.6610576923076923 0.036057692307692304 0.03365384615384615
0 0.15264423076923078 0.7620192307692307 0.03125 0.03365384615384615
0 0.17668269230769232 0.7740384615384616 0.036057692307692304 0.03365384615384615
0 0.07211538461538461 0.828125 0.03365384615384615 0.03125
0 0.17548076923076922 0.9050480769230769 0.03365384615384615 0.026442307692307692
0 0.9771634615384616 0.8209134615384616 0.04567307692307692 0.040865384615384616
0 0.7692307692307693 0.9326923076923077 0.052884615384615384 0.04326923076923077
0 0.6971153846153846 0.9495192307692307 0.03365384615384615 0.03365384615384615