0 0.46033653846153844 0.24639423076923078 0.040865384615384616 0.036057692307692304
0 0.4254807692307692 0.30649038461538464 0.038461538461538464 0.036057692307692304
0 0.47115384615384615 0.3137019230769231 0.028846153846153848 0.036057692307692304
0 0.875 0.025240384615384616 0.03365384615384615 0.03125
0 0.1201923076923077 0.7740384615384616 0.038461538461538464 0.04326923076923077
0 0.16947115384615385 0.8353365384615384 0.040865384615384616 0.03125
0 0.8473557692307693 0.53125 0.026442307692307692 0.02403846153846154
0 0.8185096153846154 0.5432692307692307 0.026442307692307692 0.02403846153846154
0 0.7944711538461539 0.5853365384615384 0.026442307692307692 0.021634615384615384
0 0.8353365384615384 0.59375 0.021634615384615384 0.02403846153846154
0 0.8990384615384616 0.6334134615384616 0.02403846153846154 0.026442307692307692
0 0.8810096153846154 0.6814903846153846 0.026442307692307692 0.026442307692307692