0 0.5360576923076923 0.30649038461538464 0.04807692307692308 0.026442307692307692
0 0.4483173076923077 0.5865384615384616 0.04567307692307692 0.052884615384615384
0 0.5913461538461539 0.5985576923076923 0.038461538461538464 0.038461538461538464
0 0.640625 0.6081730769230769 0.036057692307692304 0.038461538461538464
0 0.34134615384615385 0.609375 0.04326923076923077 0.036057692307692304
0 0.5240384615384616 0.36899038461538464 0.052884615384615384 0.036057692307692304
0 0.47115384615384615 0.6658653846153846 0.038461538461538464 0.03365384615384615
0 0.08653846153846154 0.6706730769230769 0.04326923076923077 0.03365384615384615
0 0.21033653846153846 0.6742788461538461 0.06009615384615385 0.04567307692307692
0 0.296875 0.6899038461538461 0.04567307692307692 0.038461538461538464
0 0.3545673076923077 0.6959134615384616 0.04567307692307692 0.04567307692307692
0 0.43149038461538464 0.7079326923076923 0.036057692307692304 0.04567307692307692
0 0.6286057692307693 0.7163461538461539 0.036057692307692304 0.03365384615384615
0 0.5673076923076923 0.7223557692307693 0.052884615384615384 0.04567307692307692
0 0.12379807692307693 0.7319711538461539 0.04567307692307692 0.04567307692307692
0 0.6225961538461539 0.7680288461538461 0.04326923076923077 0.036057692307692304
0 0.24158653846153846 0.3798076923076923 0.04567307692307692 0.03365384615384615
0 0.36538461538461536 0.8100961538461539 0.03365384615384615 0.03365384615384615
0 0.49759615384615385 0.8100961538461539 0.057692307692307696 0.04326923076923077
0 0.4254807692307692 0.8245192307692307 0.04326923076923077 0.04326923076923077
0 0.2860576923076923 0.8317307692307693 0.03365384615384615 0.04326923076923077
0 0.5444711538461539 0.8473557692307693 0.04567307692307692 0.04567307692307692
0 0.013221153846153846 0.8653846153846154 0.026442307692307692 0.028846153846153848
0 0.3605769230769231 0.8665865384615384 0.052884615384615384 0.05048076923076923
0 0.10096153846153846 0.3918269230769231 0.03365384615384615 0.028846153846153848
0 0.38822115384615385 0.9110576923076923 0.04567307692307692 0.038461538461538464
0 0.18028846153846154 0.9134615384615384 0.038461538461538464 0.03365384615384615
0 0.11658653846153846 0.9350961538461539 0.05048076923076923 0.04326923076923077
0 0.25 0.9350961538461539 0.028846153846153848 0.04326923076923077
0 0.46875 0.39903846153846156 0.038461538461538464 0.04326923076923077
0 0.19591346153846154 0.9663461538461539 0.036057692307692304 0.03365384615384615
0 0.6057692307692307 0.40384615384615385 0.03365384615384615 0.028846153846153848
0 0.13942307692307693 0.40625 0.038461538461538464 0.03365384615384615
0 0.28725961538461536 0.42788461538461536 0.036057692307692304 0.03365384615384615
0 0.3701923076923077 0.42908653846153844 0.03365384615384615 0.036057692307692304
0 0.5444711538461539 0.4543269230769231 0.05048076923076923 0.04326923076923077
0 0.484375 0.4807692307692308 0.05048076923076923 0.03365384615384615
0 0.49278846153846156 0.5144230769230769 0.04326923076923077 0.028846153846153848
0 0.01201923076923077 0.5216346153846154 0.02403846153846154 0.057692307692307696
0 0.5384615384615384 0.5612980769230769 0.04326923076923077 0.036057692307692304
0 0.8557692307692307 0.6646634615384616 0.04326923076923077 0.05048076923076923
0 0.7980769230769231 0.6983173076923077 0.03365384615384615 0.036057692307692304
0 0.9651442307692307 0.7079326923076923 0.055288461538461536 0.040865384615384616
0 0.9002403846153846 0.7788461538461539 0.04567307692307692 0.057692307692307696
0 0.8365384615384616 0.7848557692307693 0.038461538461538464 0.04567307692307692
0 0.7740384615384616 0.8185096153846154 0.04326923076923077 0.036057692307692304
0 0.9747596153846154 0.8497596153846154 0.04567307692307692 0.04567307692307692
0 0.9290865384615384 0.9471153846153846 0.06971153846153846 0.07692307692307693