0 0.014423076923076924 0.3125 0.028846153846153848 0.03365384615384615
0 0.2776442307692308 0.41225961538461536 0.040865384615384616 0.04567307692307692
0 0.140625 0.0625 0.055288461538461536 0.057692307692307696
0 0.7019230769230769 0.24278846153846154 0.03365384615384615 0.038461538461538464
0 0.25721153846153844 0.5480769230769231 0.02403846153846154 0.019230769230769232
0 0.054086538461538464 0.6766826923076923 0.026442307692307692 0.03125
0 0.18990384615384615 0.9290865384615384 0.038461538461538464 0.036057692307692304
0 0.9627403846153846 0.47716346153846156 0.03125 0.03125
0 0.9711538461538461 0.734375 0.03365384615384615 0.036057692307692304
0 0.9579326923076923 0.8725961538461539 0.040865384615384616 0.03365384615384615
0 0.9447115384615384 0.9182692307692307 0.03365384615384615 0.03365384615384615
0 0.9807692307692307 0.96875 0.03365384615384615 0.03365384615384615
0 0.875 0.9747596153846154 0.038461538461538464 0.026442307692307692
0 0.8930288461538461 0.9891826923076923 0.036057692307692304 0.021634615384615384