0 0.2091346153846154 0.1201923076923077 0.03365384615384615 0.028846153846153848
0 0.13701923076923078 0.14423076923076922 0.02403846153846154 0.019230769230769232
0 0.1658653846153846 0.14423076923076922 0.02403846153846154 0.02403846153846154
0 0.10576923076923077 0.1502403846153846 0.019230769230769232 0.021634615384615384
0 0.11298076923076923 0.1971153846153846 0.03365384615384615 0.028846153846153848
0 0.2608173076923077 0.3557692307692308 0.026442307692307692 0.02403846153846154
0 0.296875 0.36658653846153844 0.036057692307692304 0.040865384615384616
0 0.296875 0.36538461538461536 0.03125 0.02403846153846154
0 0.32091346153846156 0.41225961538461536 0.021634615384615384 0.026442307692307692
0 0.65625 0.2800480769230769 0.014423076923076924 0.036057692307692304
0 0.6766826923076923 0.19831730769230768 0.040865384615384616 0.05048076923076923
0 0.30408653846153844 0.6838942307692307 0.036057692307692304 0.026442307692307692