0 0.015625 0.46274038461538464 0.03125 0.03125
0 0.6959134615384616 0.013221153846153846 0.05048076923076923 0.026442307692307692
0 0.9939903846153846 0.17548076923076922 0.01201923076923077 0.0625
0 0.8629807692307693 0.24278846153846154 0.04326923076923077 0.04326923076923077
0 0.42427884615384615 0.7307692307692307 0.055288461538461536 0.052884615384615384
0 0.1310096153846154 0.7608173076923077 0.055288461538461536 0.04567307692307692
0 0.055288461538461536 0.8004807692307693 0.057692307692307696 0.04326923076923077
0 0.3329326923076923 0.8990384615384616 0.07932692307692307 0.057692307692307696
0 0.14903846153846154 0.5012019230769231 0.057692307692307696 0.04567307692307692
0 0.4651442307692308 0.5168269230769231 0.04567307692307692 0.052884615384615384
0 0.30288461538461536 0.5324519230769231 0.04807692307692308 0.06490384615384616
0 0.6622596153846154 0.7632211538461539 0.06009615384615385 0.055288461538461536
0 0.7319711538461539 0.828125 0.04567307692307692 0.055288461538461536
0 0.7776442307692307 0.8461538461538461 0.055288461538461536 0.0673076923076923
0 0.8137019230769231 0.9326923076923077 0.07932692307692307 0.0625