0 0.35096153846153844 0.18629807692307693 0.03365384615384615 0.03125
0 0.2668269230769231 0.2091346153846154 0.04807692307692308 0.03365384615384615
0 0.2127403846153846 0.23798076923076922 0.03125 0.038461538461538464
0 0.9639423076923077 0.08413461538461539 0.07211538461538461 0.09134615384615384
0 0.9879807692307693 0.12860576923076922 0.02403846153846154 0.08413461538461539
0 0.9134615384615384 0.3629807692307692 0.11057692307692307 0.11057692307692307
0 0.1658653846153846 0.5853365384615384 0.12980769230769232 0.03125
0 0.04927884615384615 0.6766826923076923 0.0985576923076923 0.11778846153846154
0 0.09615384615384616 0.7319711538461539 0.07692307692307693 0.07451923076923077
0 0.20192307692307693 0.8990384615384616 0.12980769230769232 0.11538461538461539
0 0.019230769230769232 0.9182692307692307 0.038461538461538464 0.057692307692307696