0 0.009615384615384616 0.4266826923076923 0.019230769230769232 0.03125
0 0.7115384615384616 0.2932692307692308 0.04807692307692308 0.03365384615384615
0 0.6394230769230769 0.4699519230769231 0.04807692307692308 0.055288461538461536
0 0.41346153846153844 0.9939903846153846 0.0625 0.01201923076923077
0 0.6658653846153846 0.7596153846153846 0.052884615384615384 0.052884615384615384
0 0.8293269230769231 0.7776442307692307 0.07692307692307693 0.07451923076923077
0 0.9146634615384616 0.78125 0.04567307692307692 0.0625
0 0.8004807692307693 0.8461538461538461 0.052884615384615384 0.0673076923076923
0 0.7079326923076923 0.8497596153846154 0.06971153846153846 0.06009615384615385
0 0.8762019230769231 0.8545673076923077 0.06009615384615385 0.05048076923076923
0 0.6189903846153846 0.8966346153846154 0.06009615384615385 0.038461538461538464
0 0.6358173076923077 0.9495192307692307 0.04567307692307692 0.04326923076923077
0 0.8233173076923077 0.9555288461538461 0.036057692307692304 0.06009615384615385
0 0.7295673076923077 0.9759615384615384 0.06971153846153846 0.04326923076923077
0 0.5637019230769231 0.6129807692307693 0.03125 0.0625
0 0.6550480769230769 0.6394230769230769 0.05048076923076923 0.0625
0 0.5576923076923077 0.6899038461538461 0.019230769230769232 0.0673076923076923