0 0.2644230769230769 0.009615384615384616 0.04326923076923077 0.019230769230769232
0 0.07932692307692307 0.1310096153846154 0.03365384615384615 0.03125
0 0.109375 0.15264423076923078 0.036057692307692304 0.03125
0 0.26802884615384615 0.15985576923076922 0.04567307692307692 0.03125
0 0.09254807692307693 0.21995192307692307 0.06009615384615385 0.06009615384615385
0 0.7584134615384616 0.19591346153846154 0.036057692307692304 0.026442307692307692
0 0.11658653846153846 0.36778846153846156 0.04567307692307692 0.04326923076923077
0 0.6658653846153846 0.6334134615384616 0.028846153846153848 0.03125
0 0.8064903846153846 0.6694711538461539 0.036057692307692304 0.026442307692307692
0 0.9122596153846154 0.7271634615384616 0.06009615384615385 0.04567307692307692
0 0.8329326923076923 0.7752403846153846 0.03125 0.036057692307692304