0 0.921875 0.1875 0.055288461538461536 0.057692307692307696
0 0.8569711538461539 0.2091346153846154 0.05048076923076923 0.057692307692307696
0 0.9555288461538461 0.2620192307692308 0.055288461538461536 0.052884615384615384
0 0.7536057692307693 0.27884615384615385 0.055288461538461536 0.0625
0 0.6454326923076923 0.3173076923076923 0.04567307692307692 0.04326923076923077
0 0.6694711538461539 0.31850961538461536 0.03125 0.036057692307692304
0 0.7043269230769231 0.33413461538461536 0.03365384615384615 0.038461538461538464
0 0.9627403846153846 0.39783653846153844 0.06490384615384616 0.06009615384615385
0 0.7319711538461539 0.4891826923076923 0.06490384615384616 0.040865384615384616
0 0.90625 0.4951923076923077 0.057692307692307696 0.028846153846153848
0 0.7872596153846154 0.016826923076923076 0.036057692307692304 0.03365384615384615
0 0.9435096153846154 0.042067307692307696 0.04567307692307692 0.055288461538461536
0 0.7007211538461539 0.7932692307692307 0.04567307692307692 0.04326923076923077
0 0.6358173076923077 0.8161057692307693 0.021634615384615384 0.021634615384615384
0 0.5901442307692307 0.8173076923076923 0.036057692307692304 0.028846153846153848
0 0.5709134615384616 0.8389423076923077 0.026442307692307692 0.04807692307692308
0 0.6899038461538461 0.84375 0.07692307692307693 0.0673076923076923
0 0.640625 0.8569711538461539 0.040865384615384616 0.040865384615384616
0 0.6045673076923077 0.8617788461538461 0.03125 0.03125
0 0.5673076923076923 0.8713942307692307 0.019230769230769232 0.03125
0 0.7247596153846154 0.9014423076923077 0.03125 0.03365384615384615