0 0.4579326923076923 0.14903846153846154 0.036057692307692304 0.028846153846153848
0 0.6057692307692307 0.3545673076923077 0.03365384615384615 0.026442307692307692
0 0.0625 0.6346153846153846 0.07692307692307693 0.08653846153846154
0 0.4206730769230769 0.7548076923076923 0.038461538461538464 0.0625
0 0.11778846153846154 0.7704326923076923 0.04807692307692308 0.04567307692307692
0 0.4110576923076923 0.8401442307692307 0.052884615384615384 0.06971153846153846
0 0.1310096153846154 0.38461538461538464 0.11778846153846154 0.03365384615384615
0 0.8401442307692307 0.6021634615384616 0.04567307692307692 0.036057692307692304
0 0.7932692307692307 0.6286057692307693 0.038461538461538464 0.03125
0 0.6887019230769231 0.6862980769230769 0.036057692307692304 0.040865384615384616
0 0.6598557692307693 0.6899038461538461 0.026442307692307692 0.03365384615384615