0 0.5060096153846154 0.09254807692307693 0.026442307692307692 0.040865384615384616
0 0.21634615384615385 0.24759615384615385 0.038461538461538464 0.04326923076923077
0 0.9423076923076923 0.12980769230769232 0.03365384615384615 0.028846153846153848
0 0.7932692307692307 0.2920673076923077 0.038461538461538464 0.040865384615384616
0 0.9495192307692307 0.3389423076923077 0.04326923076923077 0.07211538461538461
0 0.7283653846153846 0.35096153846153844 0.038461538461538464 0.038461538461538464
0 0.7692307692307693 0.40024038461538464 0.03365384615384615 0.026442307692307692
0 0.8786057692307693 0.4362980769230769 0.016826923076923076 0.021634615384615384
0 0.3137019230769231 0.6814903846153846 0.04567307692307692 0.040865384615384616
0 0.10697115384615384 0.7079326923076923 0.06971153846153846 0.06971153846153846
0 0.34134615384615385 0.9855769230769231 0.052884615384615384 0.028846153846153848
0 0.7415865384615384 0.6442307692307693 0.10817307692307693 0.10096153846153846
0 0.9567307692307693 0.8978365384615384 0.08173076923076923 0.09375