0 0.36658653846153844 0.013221153846153846 0.026442307692307692 0.026442307692307692
0 0.33774038461538464 0.020432692307692308 0.026442307692307692 0.026442307692307692
0 0.390625 0.036057692307692304 0.03125 0.02403846153846154
0 0.3581730769230769 0.04807692307692308 0.028846153846153848 0.02403846153846154
0 0.25841346153846156 0.31971153846153844 0.04567307692307692 0.04326923076923077
0 0.3401442307692308 0.004807692307692308 0.03125 0.009615384615384616
0 0.625 0.3125 0.04326923076923077 0.038461538461538464
0 0.1814903846153846 0.4387019230769231 0.04567307692307692 0.04567307692307692
0 0.2980769230769231 0.8341346153846154 0.019230769230769232 0.02403846153846154
0 0.10576923076923077 0.8509615384615384 0.019230769230769232 0.02403846153846154
0 0.7596153846153846 0.6021634615384616 0.03365384615384615 0.036057692307692304