0 0.1778846153846154 0.23798076923076922 0.04326923076923077 0.038461538461538464
0 0.39663461538461536 0.4579326923076923 0.038461538461538464 0.03125
0 0.8569711538461539 0.025240384615384616 0.036057692307692304 0.04567307692307692
0 0.96875 0.3954326923076923 0.038461538461538464 0.03125
0 0.019230769230769232 0.5733173076923077 0.038461538461538464 0.06971153846153846
0 0.25 0.8197115384615384 0.03365384615384615 0.052884615384615384
0 0.17427884615384615 0.8209134615384616 0.06009615384615385 0.06009615384615385
0 0.1346153846153846 0.8473557692307693 0.03365384615384615 0.036057692307692304
0 0.18870192307692307 0.859375 0.021634615384615384 0.026442307692307692
0 0.7608173076923077 0.7379807692307693 0.04567307692307692 0.04326923076923077
0 0.5216346153846154 0.875 0.04807692307692308 0.04326923076923077
0 0.49038461538461536 0.9302884615384616 0.052884615384615384 0.04807692307692308
0 0.6310096153846154 0.6442307692307693 0.06490384615384616 0.0673076923076923
0 0.45552884615384615 0.6838942307692307 0.01201923076923077 0.04567307692307692