0 0.2620192307692308 0.4963942307692308 0.052884615384615384 0.026442307692307692
0 0.8209134615384616 0.10697115384615384 0.06971153846153846 0.06009615384615385
0 0.8605769230769231 0.109375 0.0625 0.06009615384615385
0 0.7019230769230769 0.1346153846153846 0.052884615384615384 0.04326923076923077
0 0.7163461538461539 0.1622596153846154 0.038461538461538464 0.026442307692307692
0 0.9567307692307693 0.1971153846153846 0.0625 0.04807692307692308
0 0.7247596153846154 0.20552884615384615 0.04567307692307692 0.03125
0 0.8197115384615384 0.22355769230769232 0.057692307692307696 0.03365384615384615
0 0.7776442307692307 0.2548076923076923 0.04567307692307692 0.04326923076923077
0 0.5673076923076923 0.34375 0.0625 0.057692307692307696
0 0.9050480769230769 0.046875 0.06971153846153846 0.06490384615384616
0 0.5961538461538461 0.6177884615384616 0.052884615384615384 0.052884615384615384
0 0.7596153846153846 0.6358173076923077 0.07692307692307693 0.07451923076923077
0 0.8449519230769231 0.6394230769230769 0.04567307692307692 0.0625
0 0.7307692307692307 0.7043269230769231 0.052884615384615384 0.0673076923076923
0 0.6382211538461539 0.7079326923076923 0.06971153846153846 0.06009615384615385
0 0.8064903846153846 0.7127403846153846 0.06009615384615385 0.05048076923076923
0 0.5540865384615384 0.7548076923076923 0.05048076923076923 0.038461538461538464
0 0.5661057692307693 0.8076923076923077 0.04567307692307692 0.04326923076923077
0 0.7536057692307693 0.8137019230769231 0.036057692307692304 0.06009615384615385
0 0.6598557692307693 0.8341346153846154 0.06971153846153846 0.04326923076923077
0 0.7608173076923077 0.9627403846153846 0.06971153846153846 0.06009615384615385
0 0.5853365384615384 0.5192307692307693 0.05048076923076923 0.019230769230769232