0 0.31490384615384615 0.2620192307692308 0.028846153846153848 0.0625
0 0.46875 0.26802884615384615 0.0673076923076923 0.05048076923076923
0 0.8413461538461539 0.27163461538461536 0.052884615384615384 0.04807692307692308
0 0.42427884615384615 0.3629807692307692 0.07932692307692307 0.057692307692307696
0 0.6971153846153846 0.10576923076923077 0.038461538461538464 0.04326923076923077
0 0.2439903846153846 0.546875 0.055288461538461536 0.04567307692307692
0 0.2548076923076923 0.7800480769230769 0.04326923076923077 0.036057692307692304
0 0.8701923076923077 0.7992788461538461 0.07211538461538461 0.055288461538461536
0 0.9507211538461539 0.9230769230769231 0.05048076923076923 0.052884615384615384
0 0.9423076923076923 0.9783653846153846 0.052884615384615384 0.04326923076923077
0 0.7620192307692307 0.9795673076923077 0.0625 0.040865384615384616
0 0.5072115384615384 0.5324519230769231 0.14423076923076922 0.12740384615384615
0 0.38341346153846156 0.5240384615384616 0.07451923076923077 0.10096153846153846