0 0.08774038461538461 0.027644230769230768 0.07451923076923077 0.055288461538461536
0 0.296875 0.09375 0.06971153846153846 0.0673076923076923
0 0.18870192307692307 0.1141826923076923 0.06490384615384616 0.06009615384615385
0 0.13341346153846154 0.16826923076923078 0.04567307692307692 0.052884615384615384
0 0.2403846153846154 0.20192307692307693 0.04807692307692308 0.04807692307692308
0 0.1778846153846154 0.2980769230769231 0.04807692307692308 0.0625
0 0.04326923076923077 0.359375 0.052884615384615384 0.055288461538461536
0 0.35336538461538464 0.4182692307692308 0.09134615384615384 0.04326923076923077
0 0.06009615384615385 0.47716346153846156 0.052884615384615384 0.04567307692307692
0 0.36778846153846156 0.5180288461538461 0.04326923076923077 0.021634615384615384
0 0.7211538461538461 0.6225961538461539 0.0625 0.052884615384615384
0 0.5901442307692307 0.6442307692307693 0.06490384615384616 0.04326923076923077
0 0.7716346153846154 0.7007211538461539 0.052884615384615384 0.040865384615384616
0 0.49038461538461536 0.7199519230769231 0.052884615384615384 0.040865384615384616
0 0.9903846153846154 0.7199519230769231 0.019230769230769232 0.036057692307692304
0 0.9579326923076923 0.7680288461538461 0.06009615384615385 0.06009615384615385
0 0.8028846153846154 0.8305288461538461 0.04807692307692308 0.04567307692307692
0 0.8701923076923077 0.8449519230769231 0.052884615384615384 0.040865384615384616
0 0.9567307692307693 0.9807692307692307 0.0625 0.038461538461538464
0 0.8028846153846154 0.9314903846153846 0.04807692307692308 0.04567307692307692
0 0.8701923076923077 0.9170673076923077 0.052884615384615384 0.040865384615384616