0 0.7235576923076923 0.21875 0.02403846153846154 0.02403846153846154
0 0.8076923076923077 0.22596153846153846 0.02403846153846154 0.02403846153846154
0 0.8509615384615384 0.23918269230769232 0.028846153846153848 0.021634615384615384
0 0.8810096153846154 0.25721153846153844 0.026442307692307692 0.028846153846153848
0 0.6213942307692307 0.3088942307692308 0.021634615384615384 0.021634615384615384
0 0.5588942307692307 0.35336538461538464 0.040865384615384616 0.04807692307692308
0 0.8545673076923077 0.36899038461538464 0.040865384615384616 0.040865384615384616
0 0.8557692307692307 0.16826923076923078 0.02403846153846154 0.02403846153846154
0 0.31971153846153844 0.5973557692307693 0.04807692307692308 0.036057692307692304
0 0.24759615384615385 0.6658653846153846 0.038461538461538464 0.028846153846153848
0 0.11538461538461539 0.7824519230769231 0.04326923076923077 0.04567307692307692
0 0.5084134615384616 0.9783653846153846 0.04567307692307692 0.04326923076923077