0 0.12259615384615384 0.4723557692307692 0.04807692307692308 0.05048076923076923
0 0.21514423076923078 0.515625 0.040865384615384616 0.026442307692307692
0 0.8713942307692307 0.051682692307692304 0.040865384615384616 0.040865384615384616
0 0.9747596153846154 0.18870192307692307 0.05048076923076923 0.040865384615384616
0 0.18629807692307693 0.9194711538461539 0.036057692307692304 0.04567307692307692
0 0.296875 0.5552884615384616 0.040865384615384616 0.04326923076923077
0 0.7908653846153846 0.7067307692307693 0.038461538461538464 0.028846153846153848
0 0.84375 0.7091346153846154 0.03365384615384615 0.02403846153846154
0 0.7920673076923077 0.7415865384615384 0.03125 0.03125
0 0.6778846153846154 0.8569711538461539 0.028846153846153848 0.026442307692307692
0 0.7980769230769231 0.8786057692307693 0.019230769230769232 0.021634615384615384
0 0.7716346153846154 0.8882211538461539 0.02403846153846154 0.026442307692307692
0 0.7223557692307693 0.8882211538461539 0.036057692307692304 0.03125