0 0.17427884615384615 0.04927884615384615 0.026442307692307692 0.03125
0 0.17668269230769232 0.12740384615384615 0.036057692307692304 0.038461538461538464
0 0.15625 0.1875 0.02403846153846154 0.028846153846153848
0 0.0733173076923077 0.010817307692307692 0.036057692307692304 0.021634615384615384
0 0.6262019230769231 0.24519230769230768 0.016826923076923076 0.028846153846153848
0 0.6694711538461539 0.24519230769230768 0.026442307692307692 0.019230769230769232
0 0.7043269230769231 0.25240384615384615 0.02403846153846154 0.02403846153846154
0 0.84375 0.2848557692307692 0.02403846153846154 0.016826923076923076
0 0.8834134615384616 0.2860576923076923 0.021634615384615384 0.019230769230769232
0 0.5985576923076923 0.30408653846153844 0.019230769230769232 0.021634615384615384
0 0.7475961538461539 0.3076923076923077 0.02403846153846154 0.02403846153846154
0 0.9002403846153846 0.3125 0.021634615384615384 0.019230769230769232
0 0.8040865384615384 0.3317307692307692 0.026442307692307692 0.02403846153846154
0 0.6598557692307693 0.33413461538461536 0.021634615384615384 0.02403846153846154
0 0.8317307692307693 0.3425480769230769 0.02403846153846154 0.016826923076923076
0 0.6706730769230769 0.359375 0.02403846153846154 0.026442307692307692
0 0.6959134615384616 0.3605769230769231 0.021634615384615384 0.019230769230769232
0 0.7920673076923077 0.3713942307692308 0.026442307692307692 0.016826923076923076
0 0.890625 0.3701923076923077 0.021634615384615384 0.019230769230769232
0 0.8317307692307693 0.38100961538461536 0.019230769230769232 0.021634615384615384
0 0.8149038461538461 0.38100961538461536 0.02403846153846154 0.03125
0 0.6358173076923077 0.3870192307692308 0.016826923076923076 0.019230769230769232
0 0.71875 0.3894230769230769 0.03365384615384615 0.028846153846153848
0 0.8665865384615384 0.39903846153846156 0.026442307692307692 0.019230769230769232
0 0.7223557692307693 0.43149038461538464 0.026442307692307692 0.016826923076923076
0 0.6862980769230769 0.4387019230769231 0.021634615384615384 0.021634615384615384