0 0.1935096153846154 0.013221153846153846 0.055288461538461536 0.026442307692307692
0 0.026442307692307692 0.43149038461538464 0.04807692307692308 0.040865384615384616
0 0.15384615384615385 0.5144230769230769 0.04807692307692308 0.03365384615384615
0 0.8810096153846154 0.28966346153846156 0.13701923076923078 0.12259615384615384
0 0.40024038461538464 0.33774038461538464 0.06490384615384616 0.06490384615384616
0 0.734375 0.35216346153846156 0.06009615384615385 0.06971153846153846
0 0.8990384615384616 0.375 0.07211538461538461 0.0625
0 0.7139423076923077 0.4074519230769231 0.052884615384615384 0.05048076923076923
0 0.6045673076923077 0.42908653846153844 0.09375 0.08413461538461539
0 0.7524038461538461 0.44350961538461536 0.0625 0.06009615384615385
0 0.3581730769230769 0.49158653846153844 0.07692307692307693 0.06490384615384616
0 0.7079326923076923 0.4951923076923077 0.09375 0.052884615384615384
0 0.5829326923076923 0.5132211538461539 0.06971153846153846 0.05048076923076923
0 0.5036057692307693 0.5144230769230769 0.07932692307692307 0.04807692307692308
0 0.7211538461538461 0.5288461538461539 0.04326923076923077 0.019230769230769232
0 0.7800480769230769 0.18629807692307693 0.07932692307692307 0.07451923076923077
0 0.41225961538461536 0.20192307692307693 0.055288461538461536 0.0625
0 0.15144230769230768 0.7608173076923077 0.0625 0.06971153846153846
0 0.08533653846153846 0.8088942307692307 0.055288461538461536 0.04567307692307692
0 0.04567307692307692 0.8569711538461539 0.04326923076923077 0.05048076923076923
0 0.10336538461538461 0.8689903846153846 0.057692307692307696 0.07932692307692307
0 0.1622596153846154 0.8786057692307693 0.06009615384615385 0.07451923076923077
0 0.019230769230769232 0.8918269230769231 0.038461538461538464 0.0625
0 0.06370192307692307 0.9110576923076923 0.06490384615384616 0.052884615384615384
0 0.19591346153846154 0.9254807692307693 0.04567307692307692 0.04326923076923077
0 0.013221153846153846 0.9471153846153846 0.026442307692307692 0.04326923076923077
0 0.08173076923076923 0.5420673076923077 0.04807692307692308 0.007211538461538462
0 0.10817307692307693 0.5973557692307693 0.052884615384615384 0.055288461538461536
0 0.1658653846153846 0.609375 0.04326923076923077 0.036057692307692304
0 0.1310096153846154 0.6706730769230769 0.040865384615384616 0.03365384615384615
0 0.9362980769230769 0.6262019230769231 0.06009615384615385 0.055288461538461536