0 0.0985576923076923 0.18389423076923078 0.04326923076923077 0.036057692307692304
0 0.53125 0.2932692307692308 0.038461538461538464 0.038461538461538464
0 0.9795673076923077 0.328125 0.040865384615384616 0.021634615384615384
0 0.44711538461538464 0.3269230769230769 0.057692307692307696 0.02403846153846154
0 0.9819711538461539 0.19831730769230768 0.036057692307692304 0.06971153846153846
0 0.9254807692307693 0.2283653846153846 0.052884615384615384 0.052884615384615384
0 0.46153846153846156 0.25961538461538464 0.04326923076923077 0.038461538461538464
0 0.9579326923076923 0.5036057692307693 0.07451923076923077 0.055288461538461536
0 0.6165865384615384 0.53125 0.06971153846153846 0.057692307692307696
0 0.6442307692307693 0.5877403846153846 0.07211538461538461 0.05048076923076923
0 0.7764423076923077 0.6971153846153846 0.0625 0.052884615384615384
0 0.6454326923076923 0.71875 0.06490384615384616 0.04326923076923077
0 0.8269230769230769 0.7752403846153846 0.052884615384615384 0.040865384615384616
0 0.5456730769230769 0.7944711538461539 0.052884615384615384 0.040865384615384616
0 0.9915865384615384 0.8425480769230769 0.016826923076923076 0.06009615384615385
0 0.8581730769230769 0.9050480769230769 0.04807692307692308 0.04567307692307692
0 0.9254807692307693 0.9194711538461539 0.052884615384615384 0.040865384615384616
0 0.7536057692307693 0.3557692307692308 0.055288461538461536 0.03365384615384615
0 0.8581730769230769 0.9915865384615384 0.04807692307692308 0.016826923076923076
0 0.9254807692307693 0.9855769230769231 0.052884615384615384 0.028846153846153848