0 0.24519230769230768 0.03485576923076923 0.07211538461538461 0.06009615384615385
0 0.24278846153846154 0.13581730769230768 0.052884615384615384 0.04567307692307692
0 0.1935096153846154 0.21754807692307693 0.0889423076923077 0.0889423076923077
0 0.265625 0.22596153846153846 0.040865384615384616 0.04807692307692308
0 0.9411057692307693 0.16706730769230768 0.03125 0.026442307692307692
0 0.9074519230769231 0.21754807692307693 0.03125 0.026442307692307692
0 0.9771634615384616 0.3269230769230769 0.03125 0.03365384615384615
0 0.9194711538461539 0.38221153846153844 0.03125 0.02403846153846154
0 0.8605769230769231 0.3870192307692308 0.057692307692307696 0.052884615384615384
0 0.9278846153846154 0.41346153846153844 0.03365384615384615 0.028846153846153848
0 0.859375 0.4254807692307692 0.036057692307692304 0.038461538461538464
0 0.8449519230769231 0.49158653846153844 0.036057692307692304 0.026442307692307692
0 0.8653846153846154 0.5384615384615384 0.04326923076923077 0.057692307692307696
0 0.7427884615384616 0.5829326923076923 0.04326923076923077 0.03125
0 0.6538461538461539 0.9939903846153846 0.038461538461538464 0.01201923076923077