0 0.23557692307692307 0.2608173076923077 0.04326923076923077 0.04567307692307692
0 0.025240384615384616 0.27403846153846156 0.04567307692307692 0.052884615384615384
0 0.051682692307692304 0.10576923076923077 0.036057692307692304 0.02403846153846154
0 0.12139423076923077 0.14423076923076922 0.04567307692307692 0.04807692307692308
0 0.13942307692307693 0.19831730769230768 0.038461538461538464 0.036057692307692304
0 0.8329326923076923 0.4026442307692308 0.03125 0.03125
0 0.8581730769230769 0.45072115384615385 0.028846153846153848 0.03125
0 0.6418269230769231 0.4987980769230769 0.057692307692307696 0.04567307692307692
0 0.31971153846153844 0.9915865384615384 0.052884615384615384 0.016826923076923076
0 0.5168269230769231 0.9038461538461539 0.03365384615384615 0.028846153846153848
0 0.44471153846153844 0.9278846153846154 0.02403846153846154 0.019230769230769232
0 0.4735576923076923 0.9278846153846154 0.02403846153846154 0.02403846153846154
0 0.41346153846153844 0.9338942307692307 0.019230769230769232 0.021634615384615384
0 0.4206730769230769 0.9807692307692307 0.03365384615384615 0.028846153846153848