0 0.22956730769230768 0.5637019230769231 0.06009615384615385 0.06009615384615385
0 0.453125 0.6670673076923077 0.03125 0.04567307692307692
0 0.8473557692307693 0.2932692307692308 0.055288461538461536 0.052884615384615384
0 0.5540865384615384 0.3233173076923077 0.055288461538461536 0.04567307692307692
0 0.4879807692307692 0.3629807692307692 0.038461538461538464 0.04326923076923077
0 0.7560096153846154 0.46153846153846156 0.07932692307692307 0.057692307692307696
0 0.5637019230769231 0.014423076923076924 0.0889423076923077 0.028846153846153848
0 0.5721153846153846 0.057692307692307696 0.057692307692307696 0.057692307692307696
0 0.8966346153846154 0.07932692307692307 0.0625 0.052884615384615384
0 0.7259615384615384 0.09495192307692307 0.04807692307692308 0.06490384615384616
0 0.9867788461538461 0.859375 0.026442307692307692 0.021634615384615384
0 0.9663461538461539 0.875 0.02403846153846154 0.028846153846153848