0 0.171875 0.3401442307692308 0.026442307692307692 0.021634615384615384
0 0.12620192307692307 0.34975961538461536 0.036057692307692304 0.03125
0 0.17307692307692307 0.36658653846153844 0.028846153846153848 0.021634615384615384
0 0.08173076923076923 0.3762019230769231 0.038461538461538464 0.036057692307692304
0 0.1622596153846154 0.5096153846153846 0.03125 0.019230769230769232
0 0.08173076923076923 0.5492788461538461 0.02403846153846154 0.021634615384615384
0 0.46153846153846156 0.46274038461538464 0.038461538461538464 0.036057692307692304
0 0.3954326923076923 0.22596153846153846 0.06009615384615385 0.052884615384615384
0 0.6574519230769231 0.3425480769230769 0.04567307692307692 0.040865384615384616
0 0.25 0.8100961538461539 0.038461538461538464 0.03365384615384615
0 0.2644230769230769 0.8365384615384616 0.03365384615384615 0.028846153846153848
0 0.23677884615384615 0.8545673076923077 0.03125 0.021634615384615384
0 0.21394230769230768 0.8810096153846154 0.03365384615384615 0.03125
0 0.28725961538461536 0.9230769230769231 0.021634615384615384 0.028846153846153848