0 0.23317307692307693 0.203125 0.028846153846153848 0.03125
0 0.3798076923076923 0.2247596153846154 0.03365384615384615 0.03125
0 0.35216346153846156 0.23677884615384615 0.026442307692307692 0.036057692307692304
0 0.20552884615384615 0.2403846153846154 0.021634615384615384 0.028846153846153848
0 0.3629807692307692 0.41947115384615385 0.03365384615384615 0.03125
0 0.30649038461538464 0.46153846153846156 0.026442307692307692 0.03365384615384615
0 0.3401442307692308 0.4723557692307692 0.03125 0.01201923076923077
0 0.59375 0.2512019230769231 0.04326923076923077 0.040865384615384616
0 0.39903846153846156 0.9735576923076923 0.028846153846153848 0.04807692307692308
0 0.5132211538461539 0.9747596153846154 0.01201923076923077 0.03125
0 0.390625 0.578125 0.04567307692307692 0.05048076923076923
0 0.7692307692307693 0.5733173076923077 0.028846153846153848 0.026442307692307692
0 0.5228365384615384 0.8377403846153846 0.007211538461538462 0.03125