0 0.5012019230769231 0.11057692307692307 0.040865384615384616 0.038461538461538464
0 0.5793269230769231 0.20552884615384615 0.028846153846153848 0.03125
0 0.19230769230769232 0.5228365384615384 0.1346153846153846 0.04567307692307692
0 0.03245192307692308 0.5625 0.055288461538461536 0.038461538461538464
0 0.038461538461538464 0.6418269230769231 0.07692307692307693 0.1201923076923077
0 0.22235576923076922 0.8173076923076923 0.04567307692307692 0.038461538461538464
0 0.22235576923076922 0.9567307692307693 0.04567307692307692 0.038461538461538464
0 0.5576923076923077 0.5721153846153846 0.0673076923076923 0.052884615384615384
0 0.5 0.6370192307692307 0.038461538461538464 0.052884615384615384
0 0.47836538461538464 0.6610576923076923 0.052884615384615384 0.052884615384615384
0 0.3762019230769231 0.6911057692307693 0.055288461538461536 0.0889423076923077