0 0.46033653846153844 0.03365384615384615 0.055288461538461536 0.0673076923076923
0 0.1466346153846154 0.04567307692307692 0.0625 0.07211538461538461
0 0.3173076923076923 0.24639423076923078 0.0625 0.07451923076923077
0 0.23677884615384615 0.42788461538461536 0.06971153846153846 0.0673076923076923
0 0.7572115384615384 0.4170673076923077 0.04326923076923077 0.04567307692307692
0 0.6177884615384616 0.4170673076923077 0.038461538461538464 0.040865384615384616
0 0.7427884615384616 0.45913461538461536 0.04326923076923077 0.038461538461538464
0 0.8978365384615384 0.5 0.03125 0.03365384615384615
0 0.7331730769230769 0.5084134615384616 0.028846153846153848 0.036057692307692304
0 0.8329326923076923 0.5360576923076923 0.036057692307692304 0.03365384615384615
0 0.09375 0.8713942307692307 0.0673076923076923 0.05048076923076923
0 0.1310096153846154 0.9663461538461539 0.07932692307692307 0.057692307692307696
0 0.8533653846153846 0.8521634615384616 0.057692307692307696 0.05048076923076923
0 0.7487980769230769 0.8990384615384616 0.06009615384615385 0.038461538461538464
0 0.7740384615384616 0.9423076923076923 0.0625 0.052884615384615384
0 0.8533653846153846 0.6574519230769231 0.057692307692307696 0.036057692307692304