0 0.8185096153846154 0.1141826923076923 0.08413461538461539 0.06971153846153846
0 0.9747596153846154 0.13341346153846154 0.040865384615384616 0.04567307692307692
0 0.6237980769230769 0.17908653846153846 0.040865384615384616 0.040865384615384616
0 0.7319711538461539 0.18509615384615385 0.036057692307692304 0.028846153846153848
0 0.7487980769230769 0.24278846153846154 0.05048076923076923 0.038461538461538464
0 0.8497596153846154 0.26802884615384615 0.06009615384615385 0.06490384615384616
0 0.9867788461538461 0.27283653846153844 0.026442307692307692 0.06009615384615385
0 0.6069711538461539 0.34975961538461536 0.05048076923076923 0.040865384615384616
0 0.7379807692307693 0.3557692307692308 0.04326923076923077 0.03365384615384615
0 0.2247596153846154 0.6237980769230769 0.07451923076923077 0.06971153846153846
0 0.41346153846153844 0.6971153846153846 0.028846153846153848 0.0673076923076923
0 0.32572115384615385 0.7175480769230769 0.06490384615384616 0.06009615384615385
0 0.2704326923076923 0.7716346153846154 0.04567307692307692 0.052884615384615384
0 0.37740384615384615 0.8052884615384616 0.04807692307692308 0.04807692307692308
0 0.31490384615384615 0.9014423076923077 0.04807692307692308 0.0625
0 0.18028846153846154 0.9627403846153846 0.052884615384615384 0.055288461538461536