0 0.33653846153846156 0.037259615384615384 0.04807692307692308 0.04567307692307692
0 0.19110576923076922 0.08774038461538461 0.036057692307692304 0.036057692307692304
0 0.2403846153846154 0.12620192307692307 0.038461538461538464 0.040865384615384616
0 0.2800480769230769 0.1466346153846154 0.036057692307692304 0.038461538461538464
0 0.16346153846153846 0.15264423076923078 0.04326923076923077 0.040865384615384616
0 0.23918269230769232 0.18629807692307693 0.036057692307692304 0.036057692307692304
0 0.09615384615384616 0.1935096153846154 0.03365384615384615 0.03125
0 0.2668269230769231 0.20072115384615385 0.03365384615384615 0.03125
0 0.9735576923076923 0.34975961538461536 0.038461538461538464 0.03125
0 0.8689903846153846 0.4074519230769231 0.036057692307692304 0.040865384615384616
0 0.8401442307692307 0.4110576923076923 0.026442307692307692 0.03365384615384615
0 0.42908653846153844 0.9723557692307693 0.036057692307692304 0.03125