0 0.11057692307692307 0.07932692307692307 0.03365384615384615 0.038461538461538464
0 0.06850961538461539 0.23798076923076922 0.04567307692307692 0.04807692307692308
0 0.19471153846153846 0.25600961538461536 0.04326923076923077 0.036057692307692304
0 0.1814903846153846 0.29447115384615385 0.05048076923076923 0.055288461538461536
0 0.11899038461538461 0.36658653846153844 0.04567307692307692 0.03125
0 0.08533653846153846 0.4579326923076923 0.04567307692307692 0.021634615384615384
0 0.9543269230769231 0.17307692307692307 0.03365384615384615 0.03365384615384615
0 0.9759615384615384 0.18990384615384615 0.028846153846153848 0.03365384615384615
0 0.9146634615384616 0.19951923076923078 0.03125 0.028846153846153848
0 0.9723557692307693 0.2247596153846154 0.040865384615384616 0.026442307692307692
0 0.8942307692307693 0.2283653846153846 0.03365384615384615 0.028846153846153848
0 0.9362980769230769 0.23317307692307693 0.036057692307692304 0.03365384615384615
0 0.640625 0.3545673076923077 0.03125 0.036057692307692304
0 0.9579326923076923 0.4266826923076923 0.040865384615384616 0.03125
0 0.8305288461538461 0.43509615384615385 0.05048076923076923 0.04326923076923077
0 0.9867788461538461 0.453125 0.026442307692307692 0.03125
0 0.8954326923076923 0.06610576923076923 0.04567307692307692 0.040865384615384616
0 0.008413461538461538 0.5 0.016826923076923076 0.03365384615384615
0 0.17668269230769232 0.9783653846153846 0.06009615384615385 0.04326923076923077
0 0.8497596153846154 0.9867788461538461 0.040865384615384616 0.026442307692307692
0 0.9206730769230769 0.9831730769230769 0.052884615384615384 0.03365384615384615