0 0.6730769230769231 0.11298076923076923 0.052884615384615384 0.052884615384615384
0 0.4795673076923077 0.12620192307692307 0.06971153846153846 0.06009615384615385
0 0.8365384615384616 0.1310096153846154 0.07692307692307693 0.07451923076923077
0 0.921875 0.1346153846153846 0.04567307692307692 0.0625
0 0.8076923076923077 0.19951923076923078 0.052884615384615384 0.0673076923076923
0 0.7151442307692307 0.203125 0.06971153846153846 0.06009615384615385
0 0.8834134615384616 0.20793269230769232 0.06009615384615385 0.05048076923076923
0 0.6262019230769231 0.25 0.06009615384615385 0.038461538461538464
0 0.3762019230769231 0.25841346153846156 0.05048076923076923 0.04567307692307692
0 0.5372596153846154 0.2608173076923077 0.04567307692307692 0.06009615384615385
0 0.4411057692307692 0.265625 0.06009615384615385 0.06971153846153846
0 0.6430288461538461 0.30288461538461536 0.04567307692307692 0.04326923076923077
0 0.8305288461538461 0.3088942307692308 0.036057692307692304 0.06009615384615385
0 0.33533653846153844 0.3269230769230769 0.055288461538461536 0.052884615384615384
0 0.7367788461538461 0.3293269230769231 0.06971153846153846 0.04326923076923077
0 0.5024038461538461 0.4266826923076923 0.052884615384615384 0.036057692307692304
0 0.3233173076923077 0.4375 0.03125 0.0673076923076923
0 0.8377403846153846 0.4579326923076923 0.06971153846153846 0.06009615384615385
0 0.6622596153846154 0.01201923076923077 0.05048076923076923 0.02403846153846154
0 0.5492788461538461 0.04326923076923077 0.05048076923076923 0.0673076923076923
0 0.49278846153846156 0.04807692307692308 0.04326923076923077 0.04326923076923077
0 0.3473557692307692 0.7211538461538461 0.07932692307692307 0.07692307692307693
0 0.4423076923076923 0.7331730769230769 0.09134615384615384 0.08173076923076923
0 0.59375 0.78125 0.07692307692307693 0.0673076923076923
0 0.5649038461538461 0.8990384615384616 0.0625 0.04807692307692308
0 0.47596153846153844 0.5709134615384616 0.07692307692307693 0.026442307692307692
0 0.7235576923076923 0.5793269230769231 0.0625 0.04326923076923077
0 0.9026442307692307 0.5865384615384616 0.06490384615384616 0.057692307692307696
0 0.8064903846153846 0.5961538461538461 0.09375 0.07692307692307693
0 0.5649038461538461 0.9711538461538461 0.0625 0.04807692307692308