0 0.5288461538461539 0.4675480769230769 0.038461538461538464 0.040865384615384616
0 0.5324519230769231 0.5600961538461539 0.036057692307692304 0.03365384615384615
0 0.640625 0.2608173076923077 0.036057692307692304 0.03125
0 0.5396634615384616 0.28725961538461536 0.03125 0.03125
0 0.5456730769230769 0.31009615384615385 0.038461538461538464 0.02403846153846154
0 0.5841346153846154 0.3485576923076923 0.028846153846153848 0.038461538461538464
0 0.5300480769230769 0.36899038461538464 0.036057692307692304 0.03125
0 0.5288461538461539 0.4050480769230769 0.038461538461538464 0.03125
0 0.640625 0.078125 0.036057692307692304 0.03125
0 0.5396634615384616 0.051682692307692304 0.03125 0.03125
0 0.5456730769230769 0.026442307692307692 0.038461538461538464 0.02403846153846154
0 0.5853365384615384 0.004807692307692308 0.03125 0.009615384615384616