0 0.23918269230769232 0.21394230769230768 0.08413461538461539 0.052884615384615384
0 0.1346153846153846 0.4110576923076923 0.04807692307692308 0.038461538461538464
0 0.36177884615384615 0.4375 0.04567307692307692 0.052884615384615384
0 0.28725961538461536 0.4387019230769231 0.08413461538461539 0.07451923076923077
0 0.33052884615384615 0.47115384615384615 0.15144230769230768 0.03365384615384615
0 0.47475961538461536 0.09014423076923077 0.04567307692307692 0.06490384615384616
0 0.9074519230769231 0.01201923076923077 0.055288461538461536 0.02403846153846154
0 0.11177884615384616 0.9927884615384616 0.03125 0.014423076923076924
0 0.3918269230769231 0.49399038461538464 0.04326923076923077 0.01201923076923077
0 0.019230769230769232 0.4987980769230769 0.038461538461538464 0.021634615384615384
0 0.37259615384615385 0.49399038461538464 0.03365384615384615 0.01201923076923077
0 0.1502403846153846 0.5 0.040865384615384616 0.02403846153846154
0 0.10697115384615384 0.5072115384615384 0.036057692307692304 0.038461538461538464
0 0.32572115384615385 0.5060096153846154 0.04567307692307692 0.036057692307692304
0 0.4519230769230769 0.5084134615384616 0.038461538461538464 0.040865384615384616
0 0.4831730769230769 0.5180288461538461 0.028846153846153848 0.05048076923076923
0 0.24278846153846154 0.5216346153846154 0.04326923076923077 0.04807692307692308
0 0.4362980769230769 0.5240384615384616 0.040865384615384616 0.057692307692307696
0 0.1346153846153846 0.5300480769230769 0.04807692307692308 0.05048076923076923
0 0.21995192307692307 0.53125 0.05048076923076923 0.038461538461538464
0 0.010817307692307692 0.53125 0.021634615384615384 0.057692307692307696
0 0.04326923076923077 0.5432692307692307 0.052884615384615384 0.038461538461538464
0 0.35697115384615385 0.5504807692307693 0.04567307692307692 0.04807692307692308
0 0.1875 0.5528846153846154 0.04807692307692308 0.038461538461538464
0 0.3112980769230769 0.5564903846153846 0.04567307692307692 0.036057692307692304
0 0.2512019230769231 0.5588942307692307 0.040865384615384616 0.036057692307692304
0 0.0829326923076923 0.5625 0.055288461538461536 0.04326923076923077
0 0.17548076923076922 0.5697115384615384 0.03365384615384615 0.03365384615384615
0 0.5432692307692307 0.5709134615384616 0.009615384615384616 0.036057692307692304
0 0.125 0.5793269230769231 0.038461538461538464 0.04326923076923077
0 0.21995192307692307 0.5805288461538461 0.036057692307692304 0.026442307692307692
0 0.4387019230769231 0.5913461538461539 0.05048076923076923 0.03365384615384615
0 0.47596153846153844 0.5949519230769231 0.04807692307692308 0.036057692307692304
0 0.009615384615384616 0.5961538461538461 0.019230769230769232 0.0625
0 0.3317307692307692 0.5997596153846154 0.04326923076923077 0.026442307692307692
0 0.16346153846153846 0.6057692307692307 0.04807692307692308 0.03365384615384615
0 0.5120192307692307 0.6045673076923077 0.04326923076923077 0.036057692307692304
0 0.39903846153846156 0.6081730769230769 0.04326923076923077 0.03365384615384615
0 0.29447115384615385 0.6081730769230769 0.04567307692307692 0.038461538461538464
0 0.2283653846153846 0.6117788461538461 0.038461538461538464 0.040865384615384616
0 0.057692307692307696 0.6141826923076923 0.04326923076923077 0.05048076923076923
0 0.25841346153846156 0.6322115384615384 0.04567307692307692 0.03365384615384615
0 0.08413461538461539 0.6334134615384616 0.038461538461538464 0.03125
0 0.4206730769230769 0.6538461538461539 0.04807692307692308 0.04807692307692308
0 0.12259615384615384 0.6574519230769231 0.028846153846153848 0.026442307692307692
0 0.35336538461538464 0.6634615384615384 0.04807692307692308 0.03365384615384615
0 0.390625 0.6694711538461539 0.05048076923076923 0.036057692307692304
0 0.019230769230769232 0.6706730769230769 0.038461538461538464 0.038461538461538464
0 0.18629807692307693 0.6706730769230769 0.05048076923076923 0.04326923076923077
0 0.09254807692307693 0.6730769230769231 0.04567307692307692 0.038461538461538464
0 0.44711538461538464 0.6766826923076923 0.028846153846153848 0.03125
0 0.1201923076923077 0.6850961538461539 0.03365384615384615 0.03365384615384615
0 0.26802884615384615 0.6887019230769231 0.040865384615384616 0.036057692307692304
0 0.04927884615384615 0.6947115384615384 0.03125 0.028846153846153848
0 0.22355769230769232 0.7019230769230769 0.038461538461538464 0.028846153846153848
0 0.40024038461538464 0.7043269230769231 0.055288461538461536 0.04807692307692308
0 0.4795673076923077 0.7043269230769231 0.026442307692307692 0.028846153846153848
0 0.328125 0.7067307692307693 0.03125 0.03365384615384615
0 0.34975961538461536 0.7175480769230769 0.03125 0.040865384615384616
0 0.10336538461538461 0.7259615384615384 0.04326923076923077 0.04326923076923077
0 0.4375 0.7271634615384616 0.03365384615384615 0.03125
0 0.3786057692307692 0.7355769230769231 0.040865384615384616 0.03365384615384615
0 0.25 0.7379807692307693 0.038461538461538464 0.02403846153846154
0 0.47836538461538464 0.7391826923076923 0.057692307692307696 0.04567307692307692
0 0.20673076923076922 0.75 0.04807692307692308 0.028846153846153848
0 0.1658653846153846 0.7536057692307693 0.04807692307692308 0.040865384615384616
0 0.06850961538461539 0.7572115384615384 0.03125 0.03365384615384615
0 0.10697115384615384 0.7668269230769231 0.040865384615384616 0.04326923076923077
0 0.34975961538461536 0.7824519230769231 0.040865384615384616 0.04567307692307692
0 0.13701923076923078 0.796875 0.04807692307692308 0.05048076923076923
0 0.27283653846153844 0.8076923076923077 0.040865384615384616 0.028846153846153848
0 0.17307692307692307 0.8125 0.052884615384615384 0.038461538461538464
0 0.39783653846153844 0.8125 0.036057692307692304 0.028846153846153848
0 0.3629807692307692 0.8209134615384616 0.04807692307692308 0.04567307692307692
0 0.45552884615384615 0.8305288461538461 0.040865384615384616 0.055288461538461536
0 0.14903846153846154 0.8389423076923077 0.04807692307692308 0.028846153846153848
0 0.40384615384615385 0.8485576923076923 0.028846153846153848 0.04326923076923077
0 0.3088942307692308 0.8521634615384616 0.026442307692307692 0.03125
0 0.07692307692307693 0.8533653846153846 0.04326923076923077 0.028846153846153848
0 0.2776442307692308 0.8605769230769231 0.040865384615384616 0.04807692307692308
0 0.11057692307692307 0.8725961538461539 0.038461538461538464 0.028846153846153848
0 0.35336538461538464 0.8774038461538461 0.052884615384615384 0.04326923076923077
0 0.44591346153846156 0.8798076923076923 0.05048076923076923 0.038461538461538464
0 0.32211538461538464 0.8918269230769231 0.03365384615384615 0.038461538461538464
0 0.10576923076923077 0.8978365384615384 0.028846153846153848 0.026442307692307692
0 0.3401442307692308 0.9158653846153846 0.040865384615384616 0.03365384615384615
0 0.26322115384615385 0.9543269230769231 0.026442307692307692 0.02403846153846154
0 0.35096153846153844 0.9603365384615384 0.04326923076923077 0.03125
0 0.3161057692307692 0.9639423076923077 0.03125 0.028846153846153848
0 0.24158653846153846 0.96875 0.05048076923076923 0.03365384615384615
0 0.1201923076923077 0.9711538461538461 0.04326923076923077 0.038461538461538464
0 0.7151442307692307 0.5348557692307693 0.10817307692307693 0.08413461538461539
0 0.7992788461538461 0.7079326923076923 0.0985576923076923 0.10336538461538461
0 0.8329326923076923 0.8305288461538461 0.04567307692307692 0.040865384615384616