0 0.4050480769230769 0.14783653846153846 0.036057692307692304 0.03125
0 0.3762019230769231 0.4699519230769231 0.04567307692307692 0.04567307692307692
0 0.203125 0.007211538461538462 0.040865384615384616 0.014423076923076924
0 0.125 0.09014423076923077 0.028846153846153848 0.03125
0 0.6237980769230769 0.16105769230769232 0.03125 0.038461538461538464
0 0.6550480769230769 0.24519230769230768 0.09375 0.1201923076923077
0 0.4651442307692308 0.9338942307692307 0.03125 0.026442307692307692
0 0.8040865384615384 0.7584134615384616 0.026442307692307692 0.03125
0 0.8064903846153846 0.8365384615384616 0.036057692307692304 0.038461538461538464
0 0.7860576923076923 0.8966346153846154 0.02403846153846154 0.028846153846153848
0 0.703125 0.7139423076923077 0.036057692307692304 0.03365384615384615