0 0.41466346153846156 0.49038461538461536 0.040865384615384616 0.04326923076923077
0 0.4855769230769231 0.4951923076923077 0.052884615384615384 0.0673076923076923
0 0.14182692307692307 0.5204326923076923 0.02403846153846154 0.03125
0 0.4026442307692308 0.5264423076923077 0.040865384615384616 0.03365384615384615
0 0.9182692307692307 0.19230769230769232 0.028846153846153848 0.038461538461538464
0 0.7740384615384616 0.2704326923076923 0.04807692307692308 0.04567307692307692
0 0.17908653846153846 0.6153846153846154 0.040865384615384616 0.028846153846153848
0 0.2247596153846154 0.6802884615384616 0.055288461538461536 0.0625
0 0.578125 0.6899038461538461 0.021634615384615384 0.052884615384615384
0 0.3173076923076923 0.8629807692307693 0.028846153846153848 0.03365384615384615
0 0.2512019230769231 0.8966346153846154 0.021634615384615384 0.028846153846153848
0 0.3125 0.9567307692307693 0.03365384615384615 0.03365384615384615
0 0.3329326923076923 0.9855769230769231 0.03125 0.028846153846153848
0 0.1935096153846154 0.9867788461538461 0.05048076923076923 0.026442307692307692
0 0.38461538461538464 0.9903846153846154 0.052884615384615384 0.019230769230769232