0 0.06009615384615385 0.021634615384615384 0.04326923076923077 0.04326923076923077
0 0.010817307692307692 0.021634615384615384 0.021634615384615384 0.04326923076923077
0 0.14182692307692307 0.027644230769230768 0.019230769230769232 0.016826923076923076
0 0.2956730769230769 0.12139423076923077 0.052884615384615384 0.04567307692307692
0 0.38221153846153844 0.14543269230769232 0.10576923076923077 0.09375
0 0.08653846153846154 0.15625 0.052884615384615384 0.038461538461538464
0 0.21634615384615385 0.19951923076923078 0.0625 0.03365384615384615
0 0.2127403846153846 0.22596153846153846 0.026442307692307692 0.019230769230769232
0 0.09014423076923077 0.2536057692307692 0.03125 0.026442307692307692
0 0.06009615384615385 0.2548076923076923 0.028846153846153848 0.028846153846153848
0 0.125 0.2860576923076923 0.019230769230769232 0.019230769230769232
0 0.03125 0.28966346153846156 0.04326923076923077 0.036057692307692304
0 0.05889423076923077 0.29086538461538464 0.016826923076923076 0.019230769230769232
0 0.2776442307692308 0.2980769230769231 0.026442307692307692 0.03365384615384615
0 0.3942307692307692 0.2980769230769231 0.03365384615384615 0.02403846153846154
0 0.0829326923076923 0.30408653846153844 0.03125 0.021634615384615384
0 0.23317307692307693 0.3485576923076923 0.019230769230769232 0.019230769230769232
0 0.21634615384615385 0.36177884615384615 0.014423076923076924 0.016826923076923076
0 0.12620192307692307 0.4879807692307692 0.04567307692307692 0.019230769230769232
0 0.0673076923076923 0.5456730769230769 0.057692307692307696 0.04807692307692308
0 0.04567307692307692 0.5913461538461539 0.04807692307692308 0.04326923076923077
0 0.06850961538461539 0.6262019230769231 0.04567307692307692 0.03125
0 0.04447115384615385 0.6334134615384616 0.04567307692307692 0.036057692307692304
0 0.04567307692307692 0.6598557692307693 0.038461538461538464 0.036057692307692304
0 0.24639423076923078 0.7211538461538461 0.07932692307692307 0.0625
0 0.02283653846153846 0.8052884615384616 0.04567307692307692 0.038461538461538464
0 0.9939903846153846 0.8990384615384616 0.01201923076923077 0.038461538461538464