0 0.5540865384615384 0.3473557692307692 0.03125 0.03125
0 0.2764423076923077 0.5877403846153846 0.028846153846153848 0.026442307692307692
0 0.7632211538461539 0.11658653846153846 0.040865384615384616 0.026442307692307692
0 0.7908653846153846 0.13942307692307693 0.028846153846153848 0.028846153846153848
0 0.7019230769230769 0.17307692307692307 0.038461538461538464 0.028846153846153848
0 0.671875 0.3401442307692308 0.04567307692307692 0.04567307692307692
0 0.7680288461538461 0.42908653846153844 0.036057692307692304 0.040865384615384616
0 0.7283653846153846 0.4495192307692308 0.03365384615384615 0.038461538461538464
0 0.8473557692307693 0.45072115384615385 0.040865384615384616 0.040865384615384616
0 0.7692307692307693 0.4891826923076923 0.03365384615384615 0.036057692307692304
0 0.9122596153846154 0.4963942307692308 0.03125 0.03125
0 0.7415865384615384 0.5036057692307693 0.03125 0.03125
0 0.6045673076923077 0.8401442307692307 0.06971153846153846 0.11298076923076923
0 0.6862980769230769 0.8798076923076923 0.06009615384615385 0.052884615384615384
0 0.6995192307692307 0.9807692307692307 0.0673076923076923 0.038461538461538464