0 0.6923076923076923 0.24639423076923078 0.09134615384615384 0.0985576923076923
0 0.5817307692307693 0.31971153846153844 0.057692307692307696 0.052884615384615384
0 0.6730769230769231 0.33774038461538464 0.08653846153846154 0.0985576923076923
0 0.5649038461538461 0.41947115384615385 0.0625 0.06009615384615385
0 0.6105769230769231 0.5372596153846154 0.07692307692307693 0.06009615384615385
0 0.46634615384615385 0.5985576923076923 0.07692307692307693 0.057692307692307696
0 0.7824519230769231 0.6021634615384616 0.07451923076923077 0.07932692307692307
0 0.6622596153846154 0.6177884615384616 0.06009615384615385 0.0673076923076923
0 0.7932692307692307 0.6778846153846154 0.0625 0.07692307692307693
0 0.49278846153846156 0.6971153846153846 0.0673076923076923 0.057692307692307696
0 0.5504807692307693 0.7331730769230769 0.052884615384615384 0.057692307692307696
0 0.6237980769230769 0.8725961538461539 0.055288461538461536 0.04807692307692308
0 0.9615384615384616 0.6009615384615384 0.07211538461538461 0.08173076923076923
0 0.9519230769230769 0.6778846153846154 0.0625 0.07692307692307693