0 0.36177884615384615 0.3425480769230769 0.06971153846153846 0.07932692307692307
0 0.10336538461538461 0.49399038461538464 0.04326923076923077 0.01201923076923077
0 0.14903846153846154 0.5480769230769231 0.038461538461538464 0.038461538461538464
0 0.057692307692307696 0.5709134615384616 0.0673076923076923 0.04567307692307692
0 0.09615384615384616 0.5877403846153846 0.03365384615384615 0.040865384615384616
0 0.234375 0.5973557692307693 0.06009615384615385 0.07451923076923077
0 0.018028846153846152 0.625 0.036057692307692304 0.04326923076923077
0 0.20793269230769232 0.6971153846153846 0.036057692307692304 0.04807692307692308
0 0.3161057692307692 0.6983173076923077 0.08413461538461539 0.07932692307692307
0 0.1814903846153846 0.7163461538461539 0.05048076923076923 0.052884615384615384
0 0.29927884615384615 0.8137019230769231 0.026442307692307692 0.026442307692307692
0 0.014423076923076924 0.8161057692307693 0.028846153846153848 0.040865384615384616
0 0.23076923076923078 0.8449519230769231 0.07211538461538461 0.06490384615384616
0 0.6730769230769231 0.5961538461538461 0.009615384615384616 0.07692307692307693
0 0.6189903846153846 0.6983173076923077 0.08413461538461539 0.07932692307692307
0 0.6358173076923077 0.8137019230769231 0.026442307692307692 0.026442307692307692
0 0.671875 0.84375 0.01201923076923077 0.0673076923076923
0 0.8425480769230769 0.7007211538461539 0.05048076923076923 0.04567307692307692
0 0.9699519230769231 0.9555288461538461 0.05048076923076923 0.05048076923076923