0 0.21514423076923078 0.13581730769230768 0.036057692307692304 0.03125
0 0.036057692307692304 0.15865384615384615 0.028846153846153848 0.038461538461538464
0 0.39302884615384615 0.19471153846153846 0.026442307692307692 0.028846153846153848
0 0.36899038461538464 0.2512019230769231 0.026442307692307692 0.026442307692307692
0 0.3425480769230769 0.27283653846153844 0.021634615384615384 0.026442307692307692
0 0.27163461538461536 0.46875 0.019230769230769232 0.014423076923076924
0 0.28125 0.48677884615384615 0.02403846153846154 0.021634615384615384
0 0.4807692307692308 0.7259615384615384 0.052884615384615384 0.04807692307692308
0 0.32572115384615385 0.7463942307692307 0.06971153846153846 0.06490384615384616
0 0.46153846153846156 0.9206730769230769 0.08173076923076923 0.057692307692307696
0 0.5072115384615384 0.9783653846153846 0.04326923076923077 0.04326923076923077