0 0.4074519230769231 0.25721153846153844 0.03125 0.02403846153846154
0 0.27403846153846156 0.33413461538461536 0.057692307692307696 0.04326923076923077
0 0.25240384615384615 0.36538461538461536 0.03365384615384615 0.038461538461538464
0 0.4495192307692308 0.2403846153846154 0.019230769230769232 0.052884615384615384
0 0.4050480769230769 0.765625 0.06009615384615385 0.04567307692307692
0 0.02403846153846154 0.8653846153846154 0.03365384615384615 0.038461538461538464
0 0.10697115384615384 0.9350961538461539 0.04567307692307692 0.038461538461538464
0 0.16826923076923078 0.9507211538461539 0.03365384615384615 0.03125
0 0.21634615384615385 0.9543269230769231 0.038461538461538464 0.038461538461538464
0 0.0673076923076923 0.9915865384615384 0.038461538461538464 0.016826923076923076
0 0.7259615384615384 0.8233173076923077 0.04326923076923077 0.04567307692307692
0 0.5240384615384616 0.6899038461538461 0.052884615384615384 0.04326923076923077