0 0.18028846153846154 0.2608173076923077 0.038461538461538464 0.036057692307692304
0 0.5661057692307693 0.10096153846153846 0.03125 0.03365384615384615
0 0.6334134615384616 0.2980769230769231 0.026442307692307692 0.038461538461538464
0 0.41346153846153844 0.3389423076923077 0.019230769230769232 0.038461538461538464
0 0.5420673076923077 0.45552884615384615 0.026442307692307692 0.03125
0 0.5144230769230769 0.5192307692307693 0.028846153846153848 0.04326923076923077
0 0.2932692307692308 0.6634615384615384 0.057692307692307696 0.057692307692307696
0 0.13221153846153846 0.8557692307692307 0.04807692307692308 0.04807692307692308
0 0.1310096153846154 0.9158653846153846 0.036057692307692304 0.03365384615384615
0 0.5805288461538461 0.6394230769230769 0.03125 0.028846153846153848
0 0.6298076923076923 0.6983173076923077 0.028846153846153848 0.03125