0 0.010817307692307692 0.3004807692307692 0.021634615384615384 0.057692307692307696
0 0.1971153846153846 0.35216346153846156 0.1346153846153846 0.16105769230769232
0 0.359375 0.4495192307692308 0.055288461538461536 0.038461538461538464
0 0.37740384615384615 0.49158653846153844 0.14423076923076922 0.036057692307692304
0 0.31490384615384615 0.1658653846153846 0.0625 0.057692307692307696
0 0.24158653846153846 0.23076923076923078 0.13701923076923078 0.13942307692307693
0 0.5673076923076923 0.125 0.04326923076923077 0.03365384615384615
0 0.4831730769230769 0.3076923076923077 0.009615384615384616 0.052884615384615384
0 0.20793269230769232 0.7235576923076923 0.040865384615384616 0.03365384615384615
0 0.4182692307692308 0.734375 0.038461538461538464 0.036057692307692304
0 0.2824519230769231 0.7620192307692307 0.040865384615384616 0.028846153846153848
0 0.46274038461538464 0.7668269230769231 0.03125 0.02403846153846154
0 0.39783653846153844 0.8990384615384616 0.04567307692307692 0.04326923076923077
0 0.42427884615384615 0.9711538461538461 0.03125 0.028846153846153848
0 0.3473557692307692 0.9879807692307693 0.040865384615384616 0.02403846153846154
0 0.7283653846153846 0.6237980769230769 0.028846153846153848 0.040865384615384616