0 0.3389423076923077 0.2091346153846154 0.052884615384615384 0.04807692307692308
0 0.28966346153846156 0.25240384615384615 0.04567307692307692 0.038461538461538464
0 0.23076923076923078 0.31971153846153844 0.057692307692307696 0.04807692307692308
0 0.2091346153846154 0.36538461538461536 0.04807692307692308 0.04326923076923077
0 0.23197115384615385 0.40024038461538464 0.04567307692307692 0.03125
0 0.20793269230769232 0.4074519230769231 0.04567307692307692 0.036057692307692304
0 0.2091346153846154 0.4338942307692308 0.038461538461538464 0.036057692307692304
0 0.4098557692307692 0.4951923076923077 0.07932692307692307 0.0625
0 0.18269230769230768 0.5793269230769231 0.052884615384615384 0.038461538461538464
0 0.14543269230769232 0.6069711538461539 0.04567307692307692 0.04567307692307692
0 0.140625 0.7475961538461539 0.055288461538461536 0.04326923076923077
0 0.7800480769230769 0.09254807692307693 0.040865384615384616 0.03125
0 0.8713942307692307 0.7139423076923077 0.036057692307692304 0.03365384615384615