0 0.30649038461538464 0.3918269230769231 0.055288461538461536 0.014423076923076924
0 0.20072115384615385 0.04326923076923077 0.06490384615384616 0.04807692307692308
0 0.3161057692307692 0.078125 0.0889423076923077 0.06971153846153846
0 0.3245192307692308 0.14182692307692307 0.057692307692307696 0.057692307692307696
0 0.47836538461538464 0.17908653846153846 0.04807692307692308 0.06490384615384616
0 0.8064903846153846 0.3112980769230769 0.05048076923076923 0.04567307692307692
0 0.11177884615384616 0.40625 0.04567307692307692 0.014423076923076924
0 0.06610576923076923 0.4110576923076923 0.03125 0.02403846153846154
0 0.6670673076923077 0.7367788461538461 0.06009615384615385 0.06971153846153846
0 0.6081730769230769 0.7487980769230769 0.03365384615384615 0.021634615384615384
0 0.5769230769230769 0.8353365384615384 0.04326923076923077 0.040865384615384616
0 0.6598557692307693 0.8401442307692307 0.05048076923076923 0.04567307692307692
0 0.5649038461538461 0.9242788461538461 0.052884615384615384 0.040865384615384616