0 0.39663461538461536 0.17307692307692307 0.03365384615384615 0.028846153846153848
0 0.4423076923076923 0.19471153846153846 0.038461538461538464 0.028846153846153848
0 0.38822115384615385 0.20072115384615385 0.036057692307692304 0.026442307692307692
0 0.5829326923076923 0.19951923076923078 0.040865384615384616 0.03365384615384615
0 0.4579326923076923 0.2439903846153846 0.036057692307692304 0.03125
0 0.484375 0.24639423076923078 0.03125 0.036057692307692304
0 0.5600961538461539 0.24879807692307693 0.02403846153846154 0.03125
0 0.3004807692307692 0.28725961538461536 0.028846153846153848 0.03125
0 0.4675480769230769 0.29086538461538464 0.03125 0.03365384615384615
0 0.36538461538461536 0.31971153846153844 0.03365384615384615 0.03365384615384615
0 0.4375 0.42908653846153844 0.028846153846153848 0.026442307692307692
0 0.23076923076923078 0.5 0.028846153846153848 0.019230769230769232
0 0.8125 0.007211538461538462 0.0673076923076923 0.014423076923076924
0 0.9122596153846154 0.052884615384615384 0.06009615384615385 0.0673076923076923
0 0.10576923076923077 0.6838942307692307 0.028846153846153848 0.026442307692307692
0 0.31490384615384615 0.8305288461538461 0.03365384615384615 0.036057692307692304
0 0.7644230769230769 0.6358173076923077 0.028846153846153848 0.04567307692307692
0 0.8365384615384616 0.7752403846153846 0.057692307692307696 0.06971153846153846