0 0.828125 0.14182692307692307 0.05048076923076923 0.04326923076923077
0 0.7319711538461539 0.3004807692307692 0.05048076923076923 0.038461538461538464
0 0.7067307692307693 0.3389423076923077 0.04326923076923077 0.04326923076923077
0 0.23557692307692307 0.46033653846153844 0.028846153846153848 0.021634615384615384
0 0.32211538461538464 0.48197115384615385 0.019230769230769232 0.021634615384615384
0 0.25961538461538464 0.5769230769230769 0.03365384615384615 0.02403846153846154
0 0.37740384615384615 0.5901442307692307 0.028846153846153848 0.021634615384615384
0 0.4050480769230769 0.6490384615384616 0.016826923076923076 0.019230769230769232
0 0.43509615384615385 0.6947115384615384 0.02403846153846154 0.02403846153846154
0 0.32572115384615385 0.6995192307692307 0.021634615384615384 0.038461538461538464
0 0.18389423076923078 0.703125 0.026442307692307692 0.021634615384615384
0 0.055288461538461536 0.75 0.028846153846153848 0.019230769230769232
0 0.3629807692307692 0.8064903846153846 0.019230769230769232 0.021634615384615384
0 0.13341346153846154 0.43028846153846156 0.021634615384615384 0.019230769230769232
0 0.7800480769230769 0.46634615384615385 0.06490384615384616 0.057692307692307696
0 0.9411057692307693 0.4963942307692308 0.040865384615384616 0.036057692307692304
0 0.9411057692307693 0.4963942307692308 0.036057692307692304 0.03125