0 0.28365384615384615 0.055288461538461536 0.038461538461538464 0.038461538461538464
0 0.10576923076923077 0.09495192307692307 0.052884615384615384 0.04567307692307692
0 0.29927884615384615 0.35336538461538464 0.03125 0.038461538461538464
0 0.15144230769230768 0.4735576923076923 0.038461538461538464 0.03365384615384615
0 0.20072115384615385 0.5420673076923077 0.04567307692307692 0.03125
0 0.07572115384615384 0.02283653846153846 0.06971153846153846 0.04567307692307692
0 0.24759615384615385 0.015625 0.052884615384615384 0.03125
0 0.17427884615384615 0.015625 0.04567307692307692 0.03125
0 0.12860576923076922 0.040865384615384616 0.04567307692307692 0.04326923076923077
0 0.9314903846153846 0.36899038461538464 0.04567307692307692 0.06009615384615385
0 0.5961538461538461 0.4074519230769231 0.03365384615384615 0.04567307692307692
0 0.15144230769230768 0.828125 0.04326923076923077 0.036057692307692304
0 0.140625 0.8629807692307693 0.040865384615384616 0.03365384615384615