0 0.23076923076923078 0.3269230769230769 0.03365384615384615 0.028846153846153848
0 0.15865384615384615 0.35096153846153844 0.02403846153846154 0.019230769230769232
0 0.1875 0.35096153846153844 0.02403846153846154 0.02403846153846154
0 0.12740384615384615 0.35697115384615385 0.019230769230769232 0.021634615384615384
0 0.1346153846153846 0.40384615384615385 0.03365384615384615 0.028846153846153848
0 0.2824519230769231 0.5625 0.026442307692307692 0.02403846153846154
0 0.31850961538461536 0.5733173076923077 0.036057692307692304 0.040865384615384616
0 0.31850961538461536 0.5721153846153846 0.03125 0.02403846153846154
0 0.3425480769230769 0.6189903846153846 0.021634615384615384 0.026442307692307692
0 0.7391826923076923 0.13822115384615385 0.040865384615384616 0.040865384615384616
0 0.8088942307692307 0.24879807692307693 0.036057692307692304 0.040865384615384616
0 0.8557692307692307 0.33052884615384615 0.038461538461538464 0.026442307692307692
0 0.5264423076923077 0.5444711538461539 0.03365384615384615 0.040865384615384616
0 0.171875 0.7439903846153846 0.0985576923076923 0.06490384615384616
0 0.040865384615384616 0.7692307692307693 0.04326923076923077 0.057692307692307696
0 0.08653846153846154 0.8461538461538461 0.038461538461538464 0.038461538461538464
0 0.014423076923076924 0.8689903846153846 0.028846153846153848 0.04567307692307692
0 0.03365384615384615 0.8858173076923077 0.03365384615384615 0.040865384615384616
0 0.171875 0.8954326923076923 0.06009615384615385 0.07451923076923077
0 0.14543269230769232 0.9855769230769231 0.036057692307692304 0.028846153846153848
0 0.2536057692307692 0.9783653846153846 0.08413461538461539 0.04326923076923077
0 0.11899038461538461 0.9939903846153846 0.05048076923076923 0.01201923076923077
0 0.8125 0.8521634615384616 0.08173076923076923 0.06971153846153846