0 0.008413461538461538 0.10216346153846154 0.016826923076923076 0.03125
0 0.13822115384615385 0.14182692307692307 0.036057692307692304 0.04807692307692308
0 0.018028846153846152 0.41225961538461536 0.036057692307692304 0.040865384615384616
0 0.9555288461538461 0.42427884615384615 0.03125 0.026442307692307692
0 0.1778846153846154 0.6742788461538461 0.038461538461538464 0.026442307692307692
0 0.23918269230769232 0.6778846153846154 0.021634615384615384 0.019230769230769232
0 0.5024038461538461 0.703125 0.014423076923076924 0.026442307692307692
0 0.39663461538461536 0.7355769230769231 0.028846153846153848 0.028846153846153848
0 0.36899038461538464 0.7379807692307693 0.036057692307692304 0.03365384615384615
0 0.12740384615384615 0.7644230769230769 0.03365384615384615 0.028846153846153848
0 0.4651442307692308 0.7824519230769231 0.026442307692307692 0.021634615384615384
0 0.4963942307692308 0.796875 0.026442307692307692 0.016826923076923076
0 0.49759615384615385 0.8137019230769231 0.02403846153846154 0.016826923076923076
0 0.43149038461538464 0.8161057692307693 0.026442307692307692 0.016826923076923076
0 0.42908653846153844 0.8377403846153846 0.021634615384615384 0.016826923076923076
0 0.2536057692307692 0.84375 0.026442307692307692 0.03365384615384615
0 0.390625 0.8822115384615384 0.026442307692307692 0.019230769230769232
0 0.10216346153846154 0.8978365384615384 0.026442307692307692 0.021634615384615384
0 0.40865384615384615 0.921875 0.028846153846153848 0.021634615384615384
0 0.21995192307692307 0.9459134615384616 0.026442307692307692 0.016826923076923076
0 0.3798076923076923 0.9459134615384616 0.019230769230769232 0.021634615384615384
0 0.35697115384615385 0.9495192307692307 0.026442307692307692 0.019230769230769232
0 0.26322115384615385 0.9579326923076923 0.021634615384615384 0.016826923076923076
0 0.25961538461538464 0.9699519230769231 0.019230769230769232 0.016826923076923076
0 0.16706730769230768 0.9783653846153846 0.026442307692307692 0.019230769230769232
0 0.38822115384615385 0.9783653846153846 0.021634615384615384 0.019230769230769232
0 0.2439903846153846 0.9915865384615384 0.026442307692307692 0.016826923076923076
0 0.33653846153846156 0.9915865384615384 0.028846153846153848 0.016826923076923076