0 0.5853365384615384 0.4050480769230769 0.026442307692307692 0.016826923076923076
0 0.5336538461538461 0.4362980769230769 0.04326923076923077 0.040865384615384616
0 0.578125 0.44350961538461536 0.03125 0.026442307692307692
0 0.5012019230769231 0.44591346153846156 0.021634615384615384 0.021634615384615384
0 0.49399038461538464 0.46033653846153844 0.03125 0.021634615384615384
0 0.5288461538461539 0.5036057692307693 0.03365384615384615 0.03125
0 0.6778846153846154 0.5528846153846154 0.028846153846153848 0.02403846153846154
0 0.7175480769230769 0.5673076923076923 0.021634615384615384 0.019230769230769232
0 0.6442307692307693 0.6033653846153846 0.028846153846153848 0.02403846153846154
0 0.7079326923076923 0.6466346153846154 0.026442307692307692 0.02403846153846154
0 0.9855769230769231 0.9170673076923077 0.028846153846153848 0.04567307692307692