0 0.19951923076923078 0.009615384615384616 0.038461538461538464 0.019230769230769232
0 0.8930288461538461 0.015625 0.036057692307692304 0.03125
0 0.5096153846153846 0.6286057692307693 0.019230769230769232 0.06971153846153846
0 0.47596153846153844 0.6959134615384616 0.08653846153846154 0.07451923076923077
0 0.6045673076923077 0.6622596153846154 0.036057692307692304 0.03125
0 0.6490384615384616 0.6947115384615384 0.038461538461538464 0.038461538461538464
0 0.8221153846153846 0.7391826923076923 0.04326923076923077 0.04567307692307692
0 0.7668269230769231 0.8004807692307693 0.04807692307692308 0.04326923076923077
0 0.5901442307692307 0.8209134615384616 0.026442307692307692 0.026442307692307692
0 0.8233173076923077 0.8233173076923077 0.040865384615384616 0.05048076923076923
0 0.6911057692307693 0.8245192307692307 0.036057692307692304 0.03365384615384615
0 0.7259615384615384 0.8329326923076923 0.03365384615384615 0.036057692307692304