0 0.3786057692307692 0.234375 0.04567307692307692 0.040865384615384616
0 0.6670673076923077 0.39663461538461536 0.03125 0.02403846153846154
0 0.5829326923076923 0.41466346153846156 0.040865384615384616 0.026442307692307692
0 0.7692307692307693 0.41346153846153844 0.04807692307692308 0.02403846153846154
0 0.8870192307692307 0.006009615384615385 0.04326923076923077 0.01201923076923077
0 0.71875 0.010817307692307692 0.04807692307692308 0.021634615384615384
0 0.9543269230769231 0.01201923076923077 0.04326923076923077 0.02403846153846154
0 0.8497596153846154 0.013221153846153846 0.04567307692307692 0.026442307692307692
0 0.7836538461538461 0.015625 0.038461538461538464 0.03125
0 0.6129807692307693 0.019230769230769232 0.04326923076923077 0.038461538461538464
0 0.8137019230769231 0.03125 0.04567307692307692 0.03365384615384615
0 0.6394230769230769 0.03245192307692308 0.038461538461538464 0.03125
0 0.9759615384615384 0.052884615384615384 0.04807692307692308 0.04807692307692308
0 0.6778846153846154 0.056490384615384616 0.028846153846153848 0.026442307692307692
0 0.9086538461538461 0.0625 0.04807692307692308 0.03365384615384615
0 0.9459134615384616 0.06850961538461539 0.05048076923076923 0.036057692307692304
0 0.5757211538461539 0.06971153846153846 0.036057692307692304 0.038461538461538464
0 0.7415865384615384 0.06971153846153846 0.05048076923076923 0.04326923076923077
0 0.6478365384615384 0.07211538461538461 0.04567307692307692 0.038461538461538464
0 0.9939903846153846 0.07572115384615384 0.01201923076923077 0.03125
0 0.6754807692307693 0.08413461538461539 0.03365384615384615 0.03365384615384615
0 0.8233173076923077 0.08774038461538461 0.040865384615384616 0.036057692307692304
0 0.6045673076923077 0.09375 0.03125 0.028846153846153848
0 0.7788461538461539 0.10096153846153846 0.038461538461538464 0.028846153846153848
0 0.9555288461538461 0.10336538461538461 0.055288461538461536 0.04807692307692308
0 0.8834134615384616 0.10576923076923077 0.03125 0.03365384615384615
0 0.9050480769230769 0.11658653846153846 0.03125 0.040865384615384616
0 0.6586538461538461 0.125 0.04326923076923077 0.04326923076923077
0 0.9879807692307693 0.12620192307692307 0.02403846153846154 0.03125
0 0.9338942307692307 0.1346153846153846 0.040865384615384616 0.03365384615384615
0 0.8052884615384616 0.13701923076923078 0.038461538461538464 0.02403846153846154
0 0.7620192307692307 0.14903846153846154 0.04807692307692308 0.028846153846153848
0 0.7211538461538461 0.15264423076923078 0.04807692307692308 0.040865384615384616
0 0.6237980769230769 0.15625 0.03125 0.03365384615384615
0 0.6622596153846154 0.1658653846153846 0.040865384615384616 0.04326923076923077
0 0.9050480769230769 0.1814903846153846 0.040865384615384616 0.04567307692307692
0 0.6923076923076923 0.19591346153846154 0.04807692307692308 0.05048076923076923
0 0.828125 0.20673076923076922 0.040865384615384616 0.028846153846153848
0 0.7283653846153846 0.21153846153846154 0.052884615384615384 0.038461538461538464
0 0.953125 0.21153846153846154 0.036057692307692304 0.028846153846153848
0 0.9182692307692307 0.21995192307692307 0.04807692307692308 0.04567307692307692
0 0.9951923076923077 0.22956730769230768 0.009615384615384616 0.055288461538461536
0 0.7043269230769231 0.23798076923076922 0.04807692307692308 0.028846153846153848
0 0.9591346153846154 0.24759615384615385 0.028846153846153848 0.04326923076923077
0 0.8641826923076923 0.2512019230769231 0.026442307692307692 0.03125
0 0.6322115384615384 0.25240384615384615 0.04326923076923077 0.028846153846153848
0 0.8329326923076923 0.25961538461538464 0.040865384615384616 0.04807692307692308
0 0.6658653846153846 0.27163461538461536 0.038461538461538464 0.028846153846153848
0 0.9086538461538461 0.2764423076923077 0.052884615384615384 0.04326923076923077
0 0.9879807692307693 0.27884615384615385 0.02403846153846154 0.038461538461538464
0 0.8774038461538461 0.29086538461538464 0.03365384615384615 0.038461538461538464
0 0.6610576923076923 0.296875 0.028846153846153848 0.026442307692307692
0 0.8954326923076923 0.31490384615384615 0.040865384615384616 0.03365384615384615
0 0.8185096153846154 0.35336538461538464 0.026442307692307692 0.02403846153846154
0 0.90625 0.359375 0.04326923076923077 0.03125
0 0.8713942307692307 0.3629807692307692 0.03125 0.028846153846153848
0 0.796875 0.36778846153846156 0.05048076923076923 0.03365384615384615
0 0.6754807692307693 0.3701923076923077 0.04326923076923077 0.038461538461538464
0 0.014423076923076924 0.6262019230769231 0.028846153846153848 0.10817307692307693
0 0.9026442307692307 0.45552884615384615 0.026442307692307692 0.03125