0 0.2704326923076923 0.03365384615384615 0.06490384615384616 0.052884615384615384
0 0.22716346153846154 0.12620192307692307 0.036057692307692304 0.04567307692307692
0 0.6153846153846154 0.21634615384615385 0.04326923076923077 0.03365384615384615
0 0.8209134615384616 0.2403846153846154 0.06971153846153846 0.057692307692307696
0 0.578125 0.2620192307692308 0.040865384615384616 0.038461538461538464
0 0.7379807692307693 0.265625 0.04807692307692308 0.04567307692307692
0 0.5721153846153846 0.29927884615384615 0.04807692307692308 0.016826923076923076
0 0.7295673076923077 0.29927884615384615 0.05048076923076923 0.016826923076923076
0 0.8762019230769231 0.14302884615384615 0.05048076923076923 0.036057692307692304
0 0.40865384615384615 0.8918269230769231 0.052884615384615384 0.04326923076923077
0 0.3329326923076923 0.44350961538461536 0.07932692307692307 0.08413461538461539
0 0.09014423076923077 0.5072115384615384 0.06009615384615385 0.0625
0 0.8798076923076923 0.6586538461538461 0.028846153846153848 0.028846153846153848
0 0.7319711538461539 0.7451923076923077 0.036057692307692304 0.03365384615384615