0 0.5012019230769231 0.25841346153846156 0.026442307692307692 0.026442307692307692
0 0.4831730769230769 0.3389423076923077 0.038461538461538464 0.03365384615384615
0 0.6478365384615384 0.6334134615384616 0.036057692307692304 0.03125
0 0.6021634615384616 0.6634615384615384 0.036057692307692304 0.03365384615384615
0 0.4795673076923077 0.6706730769230769 0.040865384615384616 0.03365384615384615
0 0.5216346153846154 0.7019230769230769 0.028846153846153848 0.02403846153846154
0 0.42788461538461536 0.7103365384615384 0.04326923076923077 0.04567307692307692
0 0.4831730769230769 0.7716346153846154 0.04807692307692308 0.04326923076923077
0 0.42908653846153844 0.7944711538461539 0.040865384615384616 0.05048076923076923
0 0.5612980769230769 0.7956730769230769 0.036057692307692304 0.03365384615384615
0 0.5240384615384616 0.8040865384615384 0.03365384615384615 0.036057692307692304