0 0.4639423076923077 0.2920673076923077 0.02403846153846154 0.021634615384615384
0 0.4567307692307692 0.3125 0.02403846153846154 0.02403846153846154
0 0.08173076923076923 0.8629807692307693 0.019230769230769232 0.028846153846153848
0 0.16706730769230768 0.8641826923076923 0.026442307692307692 0.05048076923076923
0 0.0733173076923077 0.9927884615384616 0.026442307692307692 0.014423076923076924
0 0.12740384615384615 0.9939903846153846 0.028846153846153848 0.01201923076923077
0 0.6466346153846154 0.703125 0.04326923076923077 0.040865384615384616
0 0.7644230769230769 0.7487980769230769 0.03365384615384615 0.03125
0 0.8233173076923077 0.7548076923076923 0.036057692307692304 0.03365384615384615
0 0.6694711538461539 0.8221153846153846 0.026442307692307692 0.03365384615384615
0 0.7848557692307693 0.8365384615384616 0.03125 0.03365384615384615