0 0.8389423076923077 0.009615384615384616 0.03365384615384615 0.019230769230769232
0 0.8605769230769231 0.019230769230769232 0.028846153846153848 0.03365384615384615
0 0.7992788461538461 0.028846153846153848 0.03125 0.028846153846153848
0 0.8569711538461539 0.054086538461538464 0.040865384615384616 0.026442307692307692
0 0.7788461538461539 0.057692307692307696 0.03365384615384615 0.028846153846153848
0 0.8209134615384616 0.0625 0.036057692307692304 0.03365384615384615
0 0.5300480769230769 0.18389423076923078 0.021634615384615384 0.036057692307692304
0 0.8425480769230769 0.25600961538461536 0.040865384615384616 0.03125
0 0.7151442307692307 0.2644230769230769 0.05048076923076923 0.04326923076923077
0 0.8762019230769231 0.2848557692307692 0.036057692307692304 0.036057692307692304
0 0.6418269230769231 0.31971153846153844 0.03365384615384615 0.04326923076923077
0 0.6478365384615384 0.3942307692307692 0.040865384615384616 0.038461538461538464
0 0.27163461538461536 0.7992788461538461 0.04326923076923077 0.03125