0 0.3137019230769231 0.04927884615384615 0.06490384615384616 0.0889423076923077
0 0.8557692307692307 0.3786057692307692 0.07211538461538461 0.055288461538461536
0 0.9362980769230769 0.5024038461538461 0.05048076923076923 0.052884615384615384
0 0.9939903846153846 0.5588942307692307 0.01201923076923077 0.04567307692307692
0 0.9278846153846154 0.5685096153846154 0.052884615384615384 0.06490384615384616
0 0.7475961538461539 0.5709134615384616 0.0625 0.06490384615384616
0 0.5372596153846154 0.10336538461538461 0.055288461538461536 0.14423076923076922
0 0.8401442307692307 0.7944711538461539 0.06490384615384616 0.03125
0 0.9927884615384616 0.8040865384615384 0.014423076923076924 0.05048076923076923
0 0.9747596153846154 0.8293269230769231 0.05048076923076923 0.038461538461538464
0 0.8088942307692307 0.8425480769230769 0.04567307692307692 0.040865384615384616
0 0.9507211538461539 0.8473557692307693 0.040865384615384616 0.036057692307692304