0 0.3798076923076923 0.0829326923076923 0.04807692307692308 0.036057692307692304
0 0.5709134615384616 0.1971153846153846 0.036057692307692304 0.038461538461538464
0 0.46033653846153844 0.28966346153846156 0.040865384615384616 0.06490384615384616
0 0.6081730769230769 0.34134615384615385 0.028846153846153848 0.028846153846153848
0 0.1658653846153846 0.49278846153846156 0.04807692307692308 0.028846153846153848
0 0.27884615384615385 0.49399038461538464 0.04326923076923077 0.03125
0 0.2403846153846154 0.5132211538461539 0.04326923076923077 0.03125
0 0.3545673076923077 0.515625 0.055288461538461536 0.036057692307692304
0 0.28125 0.5264423076923077 0.038461538461538464 0.028846153846153848
0 0.19471153846153846 0.5408653846153846 0.038461538461538464 0.02403846153846154
0 0.22115384615384615 0.5673076923076923 0.03365384615384615 0.03365384615384615
0 0.056490384615384616 0.5685096153846154 0.036057692307692304 0.03125
0 0.15264423076923078 0.578125 0.04567307692307692 0.036057692307692304