0 0.2620192307692308 0.0625 0.0625 0.0625
0 0.19230769230769232 0.078125 0.04807692307692308 0.04567307692307692
0 0.1141826923076923 0.12139423076923077 0.04567307692307692 0.04567307692307692
0 0.3076923076923077 0.20793269230769232 0.052884615384615384 0.05048076923076923
0 0.8701923076923077 0.037259615384615384 0.038461538461538464 0.026442307692307692
0 0.8088942307692307 0.18269230769230768 0.04567307692307692 0.028846153846153848
0 0.7992788461538461 0.29927884615384615 0.026442307692307692 0.026442307692307692
0 0.7836538461538461 0.3329326923076923 0.038461538461538464 0.040865384615384616
0 0.59375 0.5913461538461539 0.028846153846153848 0.02403846153846154
0 0.4987980769230769 0.5997596153846154 0.03125 0.021634615384615384
0 0.5625 0.6009615384615384 0.028846153846153848 0.019230769230769232
0 0.5228365384615384 0.6177884615384616 0.026442307692307692 0.02403846153846154
0 0.25721153846153844 0.625 0.052884615384615384 0.057692307692307696
0 0.6141826923076923 0.6682692307692307 0.007211538461538462 0.03365384615384615
0 0.2548076923076923 0.6838942307692307 0.04326923076923077 0.036057692307692304
0 0.47475961538461536 0.8990384615384616 0.04567307692307692 0.04807692307692308
0 0.4831730769230769 0.9639423076923077 0.03365384615384615 0.038461538461538464
0 0.9915865384615384 0.9807692307692307 0.016826923076923076 0.028846153846153848
0 0.9831730769230769 0.9939903846153846 0.03365384615384615 0.01201923076923077