0 0.5060096153846154 0.29086538461538464 0.06490384615384616 0.04807692307692308
0 0.2644230769230769 0.5733173076923077 0.04326923076923077 0.040865384615384616
0 0.30528846153846156 0.5769230769230769 0.0673076923076923 0.04326923076923077
0 0.390625 0.640625 0.036057692307692304 0.026442307692307692
0 0.3137019230769231 0.65625 0.04567307692307692 0.038461538461538464
0 0.5228365384615384 0.6634615384615384 0.05048076923076923 0.038461538461538464
0 0.47475961538461536 0.6730769230769231 0.03125 0.028846153846153848
0 0.3870192307692308 0.7439903846153846 0.04807692307692308 0.040865384615384616
0 0.515625 0.7536057692307693 0.03125 0.026442307692307692
0 0.44471153846153844 0.7584134615384616 0.03365384615384615 0.036057692307692304
0 0.4362980769230769 0.8329326923076923 0.04567307692307692 0.040865384615384616
0 0.5372596153846154 0.9350961538461539 0.03125 0.028846153846153848
0 0.5661057692307693 0.20432692307692307 0.036057692307692304 0.03365384615384615