0 0.2668269230769231 0.2247596153846154 0.0625 0.040865384615384616
0 0.33052884615384615 0.5240384615384616 0.03125 0.009615384615384616
0 0.7043269230769231 0.28125 0.052884615384615384 0.052884615384615384
0 0.9002403846153846 0.29447115384615385 0.06971153846153846 0.06009615384615385
0 0.5408653846153846 0.29927884615384615 0.07692307692307693 0.07451923076923077
0 0.4651442307692308 0.30288461538461536 0.03125 0.0625
0 0.5697115384615384 0.36778846153846156 0.052884615384615384 0.0673076923076923
0 0.6646634615384616 0.3713942307692308 0.06971153846153846 0.06009615384615385
0 0.4963942307692308 0.3762019230769231 0.06009615384615385 0.05048076923076923
0 0.7536057692307693 0.4182692307692308 0.06009615384615385 0.038461538461538464
0 0.9891826923076923 0.4266826923076923 0.021634615384615384 0.04567307692307692
0 0.8425480769230769 0.42908653846153844 0.04567307692307692 0.06009615384615385
0 0.9387019230769231 0.4338942307692308 0.06009615384615385 0.06971153846153846
0 0.7367788461538461 0.47115384615384615 0.04567307692307692 0.04326923076923077
0 0.5492788461538461 0.47716346153846156 0.036057692307692304 0.06009615384615385
0 0.6430288461538461 0.49759615384615385 0.06971153846153846 0.04326923076923077
0 0.8221153846153846 0.13701923076923078 0.0625 0.0625
0 0.7175480769230769 0.16346153846153846 0.05048076923076923 0.0625
0 0.8305288461538461 0.21394230769230768 0.05048076923076923 0.0673076923076923
0 0.8846153846153846 0.21875 0.04326923076923077 0.04326923076923077
0 0.8653846153846154 0.039663461538461536 0.0625 0.04567307692307692
0 0.8653846153846154 0.009615384615384616 0.0625 0.019230769230769232