0 0.013221153846153846 0.01201923076923077 0.026442307692307692 0.02403846153846154
0 0.2860576923076923 0.07091346153846154 0.028846153846153848 0.026442307692307692
0 0.11177884615384616 0.3701923076923077 0.036057692307692304 0.03365384615384615
0 0.23798076923076922 0.49158653846153844 0.04326923076923077 0.016826923076923076
0 0.7475961538461539 0.2932692307692308 0.04807692307692308 0.03365384615384615
0 0.8305288461538461 0.3233173076923077 0.06971153846153846 0.06009615384615385
0 0.43028846153846156 0.5120192307692307 0.028846153846153848 0.02403846153846154
0 0.4483173076923077 0.6225961538461539 0.040865384615384616 0.03365384615384615
0 0.8293269230769231 0.6346153846153846 0.057692307692307696 0.057692307692307696
0 0.6682692307692307 0.8269230769230769 0.04807692307692308 0.04807692307692308
0 0.6670673076923077 0.8870192307692307 0.036057692307692304 0.03365384615384615