0 0.5528846153846154 0.4014423076923077 0.04807692307692308 0.014423076923076924
0 0.5685096153846154 0.08533653846153846 0.06490384615384616 0.036057692307692304
0 0.5793269230769231 0.13221153846153846 0.057692307692307696 0.04326923076923077
0 0.6875 0.14182692307692307 0.057692307692307696 0.0625
0 0.6466346153846154 0.2247596153846154 0.052884615384615384 0.05048076923076923
0 0.5300480769230769 0.2620192307692308 0.06490384615384616 0.057692307692307696
0 0.7548076923076923 0.31490384615384615 0.04807692307692308 0.038461538461538464
0 0.8677884615384616 0.3161057692307692 0.07211538461538461 0.06971153846153846
0 0.5516826923076923 0.3581730769230769 0.04567307692307692 0.04326923076923077
0 0.7716346153846154 0.3641826923076923 0.038461538461538464 0.03125
0 0.6105769230769231 0.3858173076923077 0.057692307692307696 0.04567307692307692
0 0.42908653846153844 0.6370192307692307 0.040865384615384616 0.057692307692307696
0 0.027644230769230768 0.7223557692307693 0.055288461538461536 0.13221153846153846
0 0.3076923076923077 0.8365384615384616 0.0673076923076923 0.057692307692307696
0 0.3088942307692308 0.9158653846153846 0.12259615384615384 0.08173076923076923
0 0.0829326923076923 0.9411057692307693 0.0985576923076923 0.06009615384615385
0 0.3894230769230769 0.9783653846153846 0.1201923076923077 0.04326923076923077
0 0.24519230769230768 0.9867788461538461 0.15384615384615385 0.026442307692307692
0 0.8461538461538461 0.6935096153846154 0.052884615384615384 0.036057692307692304
0 0.6574519230769231 0.7163461538461539 0.04567307692307692 0.04326923076923077
0 0.9134615384615384 0.7199519230769231 0.03365384615384615 0.036057692307692304
0 0.7716346153846154 0.7475961538461539 0.038461538461538464 0.038461538461538464
0 0.9891826923076923 0.7560096153846154 0.021634615384615384 0.036057692307692304
0 0.9771634615384616 0.9447115384615384 0.036057692307692304 0.028846153846153848
0 0.7728365384615384 0.5012019230769231 0.026442307692307692 0.036057692307692304
0 0.8185096153846154 0.5168269230769231 0.036057692307692304 0.03365384615384615
0 0.6658653846153846 0.5192307692307693 0.04326923076923077 0.038461538461538464
0 0.7379807692307693 0.5360576923076923 0.038461538461538464 0.03365384615384615
0 0.6778846153846154 0.5625 0.038461538461538464 0.028846153846153848
0 0.8305288461538461 0.5649038461538461 0.04567307692307692 0.038461538461538464
0 0.8137019230769231 0.46274038461538464 0.04567307692307692 0.026442307692307692
0 0.9951923076923077 0.5757211538461539 0.009615384615384616 0.04567307692307692
0 0.9230769230769231 0.6117788461538461 0.052884615384615384 0.04567307692307692
0 0.7728365384615384 0.41346153846153844 0.026442307692307692 0.009615384615384616
0 0.8137019230769231 0.4387019230769231 0.04567307692307692 0.026442307692307692