0 0.15985576923076922 0.35336538461538464 0.040865384615384616 0.03365384615384615
0 0.20673076923076922 0.3641826923076923 0.028846153846153848 0.03125
0 0.20072115384615385 0.43149038461538464 0.040865384615384616 0.04567307692307692
0 0.5853365384615384 0.1935096153846154 0.021634615384615384 0.021634615384615384
0 0.5420673076923077 0.2668269230769231 0.026442307692307692 0.02403846153846154
0 0.1502403846153846 0.49038461538461536 0.09375 0.0625
0 0.28725961538461536 0.7391826923076923 0.06009615384615385 0.06971153846153846
0 0.34134615384615385 0.7680288461538461 0.07692307692307693 0.06971153846153846
0 0.22235576923076922 0.8557692307692307 0.10817307692307693 0.057692307692307696
0 0.22235576923076922 0.9567307692307693 0.10817307692307693 0.057692307692307696
0 0.6322115384615384 0.47475961538461536 0.052884615384615384 0.03125
0 0.7355769230769231 0.49038461538461536 0.0673076923076923 0.052884615384615384
0 0.6298076923076923 0.49759615384615385 0.0625 0.038461538461538464
0 0.5048076923076923 0.5096153846153846 0.09134615384615384 0.09615384615384616
0 0.7283653846153846 0.5264423076923077 0.052884615384615384 0.04326923076923077
0 0.5745192307692307 0.5288461538461539 0.038461538461538464 0.04326923076923077
0 0.6935096153846154 0.5745192307692307 0.05048076923076923 0.038461538461538464
0 0.8473557692307693 0.6274038461538461 0.04567307692307692 0.038461538461538464
0 0.53125 0.6394230769230769 0.0625 0.04326923076923077
0 0.8533653846153846 0.6682692307692307 0.052884615384615384 0.038461538461538464
0 0.5709134615384616 0.6694711538461539 0.036057692307692304 0.05048076923076923
0 0.5432692307692307 0.6814903846153846 0.04326923076923077 0.04567307692307692
0 0.8413461538461539 0.7175480769230769 0.038461538461538464 0.026442307692307692
0 0.5036057692307693 0.7223557692307693 0.05048076923076923 0.036057692307692304
0 0.9266826923076923 0.7512019230769231 0.04567307692307692 0.04567307692307692
0 0.5180288461538461 0.7680288461538461 0.04567307692307692 0.06009615384615385