0 0.44711538461538464 0.08653846153846154 0.03365384615384615 0.038461538461538464
0 0.4050480769230769 0.24519230769230768 0.04567307692307692 0.04807692307692308
0 0.53125 0.26322115384615385 0.04326923076923077 0.036057692307692304
0 0.5180288461538461 0.3016826923076923 0.05048076923076923 0.055288461538461536
0 0.45552884615384615 0.3737980769230769 0.04567307692307692 0.03125
0 0.421875 0.47475961538461536 0.04567307692307692 0.040865384615384616
0 0.12139423076923077 0.6911057692307693 0.026442307692307692 0.026442307692307692
0 0.16826923076923078 0.7908653846153846 0.028846153846153848 0.028846153846153848
0 0.2512019230769231 0.8401442307692307 0.026442307692307692 0.03125
0 0.1658653846153846 0.8449519230769231 0.028846153846153848 0.026442307692307692
0 0.5841346153846154 0.7175480769230769 0.03365384615384615 0.04567307692307692