0 0.5288461538461539 0.1466346153846154 0.038461538461538464 0.038461538461538464
0 0.9783653846153846 0.1971153846153846 0.04326923076923077 0.052884615384615384
0 0.9242788461538461 0.25961538461538464 0.06971153846153846 0.057692307692307696
0 0.84375 0.2800480769230769 0.052884615384615384 0.05048076923076923
0 0.7103365384615384 0.36658653846153844 0.05048076923076923 0.04567307692307692
0 0.9807692307692307 0.051682692307692304 0.038461538461538464 0.06971153846153846
0 0.9230769230769231 0.08173076923076923 0.052884615384615384 0.052884615384615384
0 0.4699519230769231 0.11298076923076923 0.021634615384615384 0.038461538461538464
0 0.4483173076923077 0.7944711538461539 0.021634615384615384 0.055288461538461536
0 0.703125 0.47475961538461536 0.040865384615384616 0.01201923076923077
0 0.7644230769230769 0.6622596153846154 0.038461538461538464 0.040865384615384616
0 0.48197115384615385 0.9170673076923077 0.026442307692307692 0.026442307692307692
0 0.484375 0.9362980769230769 0.03125 0.026442307692307692
0 0.5889423076923077 0.9447115384615384 0.038461538461538464 0.038461538461538464
0 0.49278846153846156 0.9771634615384616 0.03365384615384615 0.03125