0 0.42908653846153844 0.02283653846153846 0.04567307692307692 0.04567307692307692
0 0.2247596153846154 0.040865384615384616 0.04567307692307692 0.04807692307692308
0 0.19831730769230768 0.09134615384615384 0.05048076923076923 0.04326923076923077
0 0.35697115384615385 0.10697115384615384 0.04567307692307692 0.03125
0 0.2536057692307692 0.11298076923076923 0.040865384615384616 0.038461538461538464
0 0.33533653846153844 0.1814903846153846 0.040865384615384616 0.040865384615384616
0 0.26802884615384615 0.1971153846153846 0.036057692307692304 0.03365384615384615
0 0.23677884615384615 0.3076923076923077 0.03125 0.028846153846153848
0 0.5072115384615384 0.4495192307692308 0.038461538461538464 0.038461538461538464
0 0.3293269230769231 0.4891826923076923 0.052884615384615384 0.04567307692307692
0 0.5228365384615384 0.7475961538461539 0.03125 0.038461538461538464
0 0.06009615384615385 0.8377403846153846 0.038461538461538464 0.05048076923076923
0 0.08413461538461539 0.8617788461538461 0.038461538461538464 0.036057692307692304
0 0.375 0.8677884615384616 0.038461538461538464 0.03365384615384615
0 0.42427884615384615 0.9459134615384616 0.04567307692307692 0.05048076923076923
0 0.29927884615384615 0.41947115384615385 0.06971153846153846 0.040865384615384616
0 0.47115384615384615 0.41225961538461536 0.052884615384615384 0.026442307692307692
0 0.39783653846153844 0.41225961538461536 0.04567307692307692 0.026442307692307692
0 0.35216346153846156 0.43509615384615385 0.04567307692307692 0.04326923076923077
0 0.8713942307692307 0.859375 0.036057692307692304 0.04567307692307692
0 0.953125 0.9651442307692307 0.06971153846153846 0.06490384615384616
0 0.765625 0.9759615384615384 0.06009615384615385 0.04807692307692308