0 0.008413461538461538 0.006009615384615385 0.016826923076923076 0.01201923076923077
0 0.8882211538461539 0.13942307692307693 0.040865384615384616 0.02403846153846154
0 0.9459134615384616 0.14423076923076922 0.036057692307692304 0.02403846153846154
0 0.6899038461538461 0.4074519230769231 0.02403846153846154 0.026442307692307692
0 0.8882211538461539 0.09134615384615384 0.040865384615384616 0.02403846153846154
0 0.9459134615384616 0.08653846153846154 0.036057692307692304 0.02403846153846154
0 0.4182692307692308 0.6298076923076923 0.04807692307692308 0.038461538461538464
0 0.3269230769230769 0.7067307692307693 0.038461538461538464 0.028846153846153848
0 0.44350961538461536 0.7163461538461539 0.03125 0.04326923076923077
0 0.41586538461538464 0.7896634615384616 0.03365384615384615 0.040865384615384616
0 0.44591346153846156 0.875 0.036057692307692304 0.028846153846153848