0 0.28846153846153844 0.08533653846153846 0.052884615384615384 0.04567307692307692
0 0.47716346153846156 0.22956730769230768 0.04567307692307692 0.055288461538461536
0 0.3942307692307692 0.23317307692307693 0.0625 0.057692307692307696
0 0.9579326923076923 0.16706730769230768 0.036057692307692304 0.03125
0 0.9651442307692307 0.19591346153846154 0.026442307692307692 0.026442307692307692
0 0.3004807692307692 0.5805288461538461 0.038461538461538464 0.040865384615384616
0 0.018028846153846152 0.8353365384615384 0.026442307692307692 0.026442307692307692
0 0.020432692307692308 0.8545673076923077 0.03125 0.026442307692307692
0 0.125 0.8629807692307693 0.038461538461538464 0.038461538461538464
0 0.028846153846153848 0.8954326923076923 0.03365384615384615 0.03125
0 0.7175480769230769 0.75 0.021634615384615384 0.02403846153846154