0 0.6838942307692307 0.30649038461538464 0.040865384615384616 0.036057692307692304
0 0.7512019230769231 0.33533653846153844 0.036057692307692304 0.021634615384615384
0 0.6490384615384616 0.36658653846153844 0.038461538461538464 0.036057692307692304
0 0.6947115384615384 0.3737980769230769 0.028846153846153848 0.036057692307692304
0 0.7692307692307693 0.390625 0.03365384615384615 0.03125
0 0.7512019230769231 0.4675480769230769 0.03125 0.026442307692307692
0 0.5024038461538461 0.6298076923076923 0.038461538461538464 0.03365384615384615
0 0.5168269230769231 0.65625 0.03365384615384615 0.028846153846153848
0 0.4891826923076923 0.6742788461538461 0.03125 0.021634615384615384
0 0.6021634615384616 0.6899038461538461 0.03125 0.02403846153846154
0 0.46634615384615385 0.7007211538461539 0.03365384615384615 0.03125
0 0.6598557692307693 0.7427884615384616 0.06009615384615385 0.057692307692307696
0 0.5420673076923077 0.7427884615384616 0.026442307692307692 0.028846153846153848
0 0.5661057692307693 0.7716346153846154 0.03125 0.028846153846153848