0 0.3605769230769231 0.33653846153846156 0.04326923076923077 0.03365384615384615
0 0.4014423076923077 0.5144230769230769 0.038461538461538464 0.038461538461538464
0 0.45072115384615385 0.3545673076923077 0.021634615384615384 0.021634615384615384
0 0.6959134615384616 0.7151442307692307 0.03125 0.026442307692307692
0 0.6658653846153846 0.028846153846153848 0.038461538461538464 0.03365384615384615
0 0.11177884615384616 0.7620192307692307 0.07932692307692307 0.04807692307692308
0 0.42427884615384615 0.8509615384615384 0.03125 0.10096153846153846
0 0.8125 0.7584134615384616 0.03365384615384615 0.040865384615384616
0 0.5132211538461539 0.7800480769230769 0.07451923076923077 0.06971153846153846
0 0.6826923076923077 0.8016826923076923 0.09134615384615384 0.07932692307692307
0 0.8269230769230769 0.8581730769230769 0.04807692307692308 0.03365384615384615
0 0.6478365384615384 0.9362980769230769 0.07932692307692307 0.06971153846153846