0 0.042067307692307696 0.5132211538461539 0.08413461538461539 0.11298076923076923
0 0.7896634615384616 0.006009615384615385 0.021634615384615384 0.01201923076923077
0 0.8497596153846154 0.010817307692307692 0.040865384615384616 0.021634615384615384
0 0.9026442307692307 0.010817307692307692 0.03125 0.021634615384615384
0 0.9855769230769231 0.4098557692307692 0.028846153846153848 0.05048076923076923
0 0.5985576923076923 0.421875 0.03365384615384615 0.040865384615384616
0 0.8653846153846154 0.5036057692307693 0.03365384615384615 0.03125
0 0.6622596153846154 0.5817307692307693 0.036057692307692304 0.014423076923076924
0 0.39783653846153844 0.7992788461538461 0.06009615384615385 0.08413461538461539
0 0.3581730769230769 0.9050480769230769 0.038461538461538464 0.03125
0 0.41346153846153844 0.9735576923076923 0.028846153846153848 0.02403846153846154
0 0.33413461538461536 0.9903846153846154 0.03365384615384615 0.019230769230769232
0 0.40865384615384615 0.9927884615384616 0.038461538461538464 0.014423076923076924
0 0.5805288461538461 0.6057692307692307 0.04567307692307692 0.03365384615384615
0 0.7740384615384616 0.6862980769230769 0.052884615384615384 0.05048076923076923