0 0.6129807692307693 0.040865384615384616 0.052884615384615384 0.04807692307692308
0 0.3894230769230769 0.7067307692307693 0.07692307692307693 0.057692307692307696
0 0.3317307692307692 0.8161057692307693 0.11057692307692307 0.07932692307692307
0 0.25961538461538464 0.5877403846153846 0.07211538461538461 0.06009615384615385
0 0.6189903846153846 0.7620192307692307 0.04567307692307692 0.04326923076923077
0 0.7379807692307693 0.8269230769230769 0.057692307692307696 0.057692307692307696
0 0.4987980769230769 0.8353365384615384 0.05048076923076923 0.026442307692307692
0 0.8305288461538461 0.8569711538461539 0.06490384615384616 0.04567307692307692
0 0.6742788461538461 0.8798076923076923 0.09375 0.0625
0 0.5432692307692307 0.9002403846153846 0.038461538461538464 0.05048076923076923
0 0.8076923076923077 0.9014423076923077 0.04807692307692308 0.03365384615384615
0 0.6153846153846154 0.9495192307692307 0.07211538461538461 0.052884615384615384
0 0.5192307692307693 0.9699519230769231 0.057692307692307696 0.04567307692307692
0 0.7584134615384616 0.5649038461538461 0.06009615384615385 0.052884615384615384
0 0.8040865384615384 0.5709134615384616 0.06490384615384616 0.06490384615384616