0 0.09495192307692307 0.007211538461538462 0.055288461538461536 0.014423076923076924
0 0.12860576923076922 0.09615384615384616 0.040865384615384616 0.03365384615384615
0 0.08653846153846154 0.13581730769230768 0.04807692307692308 0.04567307692307692
0 0.11899038461538461 0.20072115384615385 0.06971153846153846 0.06490384615384616
0 0.14423076923076922 0.24879807692307693 0.04807692307692308 0.040865384615384616
0 0.8040865384615384 0.14903846153846154 0.036057692307692304 0.038461538461538464
0 0.8485576923076923 0.17067307692307693 0.02403846153846154 0.03365384615384615
0 0.8689903846153846 0.20552884615384615 0.036057692307692304 0.036057692307692304
0 0.0985576923076923 0.3389423076923077 0.03365384615384615 0.028846153846153848
0 0.046875 0.44350961538461536 0.026442307692307692 0.03125
0 0.7367788461538461 0.6887019230769231 0.04567307692307692 0.040865384615384616
0 0.6778846153846154 0.7331730769230769 0.04326923076923077 0.03365384615384615
0 0.71875 0.8774038461538461 0.03365384615384615 0.038461538461538464
0 0.7163461538461539 0.9867788461538461 0.052884615384615384 0.026442307692307692