0 0.3762019230769231 0.171875 0.07451923076923077 0.055288461538461536
0 0.03485576923076923 0.19951923076923078 0.06971153846153846 0.057692307692307696
0 0.0625 0.25600961538461536 0.07211538461538461 0.05048076923076923
0 0.19471153846153846 0.36538461538461536 0.0625 0.052884615384615384
0 0.06370192307692307 0.3870192307692308 0.06490384615384616 0.04326923076923077
0 0.24519230769230768 0.44350961538461536 0.052884615384615384 0.040865384615384616
0 0.47596153846153844 0.46274038461538464 0.04326923076923077 0.036057692307692304
0 0.43149038461538464 0.5108173076923077 0.06009615384615385 0.06009615384615385
0 0.171875 0.020432692307692308 0.055288461538461536 0.040865384615384616
0 0.8942307692307693 0.4387019230769231 0.03365384615384615 0.036057692307692304
0 0.8100961538461539 0.5264423076923077 0.04326923076923077 0.04326923076923077
0 0.23197115384615385 0.7139423076923077 0.05048076923076923 0.04326923076923077
0 0.13822115384615385 0.7824519230769231 0.08413461538461539 0.07451923076923077
0 0.359375 0.8677884615384616 0.07932692307692307 0.0673076923076923
0 0.31971153846153844 0.9399038461538461 0.028846153846153848 0.028846153846153848
0 0.24519230769230768 0.9675480769230769 0.04326923076923077 0.04567307692307692
0 0.875 0.5913461538461539 0.052884615384615384 0.04807692307692308
0 0.8257211538461539 0.6346153846153846 0.04567307692307692 0.038461538461538464
0 0.7668269230769231 0.7019230769230769 0.057692307692307696 0.04807692307692308
0 0.7451923076923077 0.7475961538461539 0.04807692307692308 0.04326923076923077
0 0.7680288461538461 0.7824519230769231 0.04567307692307692 0.03125
0 0.7439903846153846 0.7896634615384616 0.04567307692307692 0.036057692307692304
0 0.7451923076923077 0.8161057692307693 0.038461538461538464 0.036057692307692304
0 0.9459134615384616 0.8774038461538461 0.07932692307692307 0.0625
0 0.71875 0.9615384615384616 0.052884615384615384 0.038461538461538464
0 0.6814903846153846 0.9831730769230769 0.04567307692307692 0.03365384615384615