0 0.15504807692307693 0.48677884615384615 0.04567307692307692 0.040865384615384616
0 0.6923076923076923 0.4519230769230769 0.028846153846153848 0.038461538461538464
0 0.5252403846153846 0.15264423076923078 0.04567307692307692 0.036057692307692304
0 0.8413461538461539 0.19110576923076922 0.0625 0.04567307692307692
0 0.5841346153846154 0.25600961538461536 0.057692307692307696 0.026442307692307692
0 0.5612980769230769 0.32091346153846156 0.08413461538461539 0.07451923076923077
0 0.9014423076923077 0.3317307692307692 0.052884615384615384 0.04326923076923077
0 0.6466346153846154 0.36658653846153844 0.038461538461538464 0.036057692307692304
0 0.7247596153846154 0.39903846153846156 0.036057692307692304 0.028846153846153848
0 0.5252403846153846 0.07572115384615384 0.04567307692307692 0.036057692307692304
0 0.8413461538461539 0.037259615384615384 0.0625 0.04567307692307692
0 0.39663461538461536 0.875 0.04807692307692308 0.052884615384615384
0 0.08533653846153846 0.8834134615384616 0.04567307692307692 0.04567307692307692
0 0.014423076923076924 0.8846153846153846 0.028846153846153848 0.057692307692307696
0 0.28966346153846156 0.9074519230769231 0.040865384615384616 0.04567307692307692
0 0.33413461538461536 0.921875 0.03365384615384615 0.040865384615384616
0 0.38341346153846156 0.5384615384615384 0.06490384615384616 0.038461538461538464
0 0.3701923076923077 0.5853365384615384 0.057692307692307696 0.04567307692307692
0 0.2620192307692308 0.5949519230769231 0.057692307692307696 0.06490384615384616
0 0.30288461538461536 0.6778846153846154 0.052884615384615384 0.052884615384615384
0 0.421875 0.7175480769230769 0.06490384615384616 0.06009615384615385
0 0.19471153846153846 0.7704326923076923 0.04807692307692308 0.040865384615384616
0 0.08173076923076923 0.7692307692307693 0.07211538461538461 0.07211538461538461
0 0.40024038461538464 0.8137019230769231 0.04567307692307692 0.04567307692307692
0 0.1778846153846154 0.8173076923076923 0.038461538461538464 0.03365384615384615
0 0.3389423076923077 0.8389423076923077 0.057692307692307696 0.04807692307692308
0 0.8858173076923077 0.6935096153846154 0.06009615384615385 0.040865384615384616
0 0.9507211538461539 0.7163461538461539 0.04567307692307692 0.07211538461538461
0 0.65625 0.7536057692307693 0.08653846153846154 0.06009615384615385
0 0.71875 0.7860576923076923 0.057692307692307696 0.0673076923076923
0 0.9471153846153846 0.8305288461538461 0.057692307692307696 0.06490384615384616
0 0.7355769230769231 0.9411057692307693 0.08653846153846154 0.0889423076923077
0 0.9278846153846154 0.9723557692307693 0.057692307692307696 0.05048076923076923
0 0.546875 0.5540865384615384 0.06971153846153846 0.06490384615384616
0 0.6778846153846154 0.59375 0.04326923076923077 0.04326923076923077
0 0.6165865384615384 0.6117788461538461 0.05048076923076923 0.05048076923076923
0 0.6875 0.6394230769230769 0.052884615384615384 0.03365384615384615