0 0.1875 0.3233173076923077 0.04807692307692308 0.036057692307692304
0 0.11778846153846154 0.3425480769230769 0.038461538461538464 0.03125
0 0.8112980769230769 0.21514423076923078 0.0985576923076923 0.06490384615384616
0 0.6802884615384616 0.2403846153846154 0.04326923076923077 0.057692307692307696
0 0.7259615384615384 0.3173076923076923 0.038461538461538464 0.038461538461538464
0 0.6346153846153846 0.33774038461538464 0.0673076923076923 0.040865384615384616
0 0.6730769230769231 0.3473557692307692 0.03365384615384615 0.021634615384615384
0 0.8112980769230769 0.34375 0.06009615384615385 0.028846153846153848
0 0.8882211538461539 0.7788461538461539 0.04567307692307692 0.04326923076923077
0 0.8233173076923077 0.8016826923076923 0.021634615384615384 0.021634615384615384
0 0.7776442307692307 0.8028846153846154 0.036057692307692304 0.028846153846153848
0 0.7475961538461539 0.8245192307692307 0.04807692307692308 0.04807692307692308
0 0.8774038461538461 0.8293269230769231 0.07692307692307693 0.0673076923076923
0 0.828125 0.8425480769230769 0.040865384615384616 0.040865384615384616
0 0.7920673076923077 0.8473557692307693 0.03125 0.03125
0 0.7451923076923077 0.8569711538461539 0.038461538461538464 0.03125
0 0.7151442307692307 0.8569711538461539 0.04567307692307692 0.040865384615384616
0 0.9122596153846154 0.8870192307692307 0.03125 0.03365384615384615
0 0.7439903846153846 0.4567307692307692 0.04567307692307692 0.04326923076923077
0 0.6490384615384616 0.45913461538461536 0.07211538461538461 0.057692307692307696