0 0.7824519230769231 0.037259615384615384 0.04567307692307692 0.04567307692307692
0 0.12259615384615384 0.47115384615384615 0.038461538461538464 0.038461538461538464
0 0.03245192307692308 0.49399038461538464 0.06490384615384616 0.04567307692307692
0 0.06971153846153846 0.5108173076923077 0.03365384615384615 0.040865384615384616
0 0.20793269230769232 0.5204326923076923 0.06009615384615385 0.07451923076923077
0 0.004807692307692308 0.5480769230769231 0.009615384615384616 0.04326923076923077
0 0.1814903846153846 0.6201923076923077 0.036057692307692304 0.04807692307692308
0 0.28966346153846156 0.6213942307692307 0.08413461538461539 0.07932692307692307
0 0.15504807692307693 0.6394230769230769 0.05048076923076923 0.052884615384615384
0 0.27283653846153844 0.7367788461538461 0.026442307692307692 0.026442307692307692
0 0.20432692307692307 0.7680288461538461 0.07211538461538461 0.06490384615384616
0 0.7475961538461539 0.5985576923076923 0.038461538461538464 0.038461538461538464
0 0.734375 0.875 0.05048076923076923 0.038461538461538464
0 0.7223557692307693 0.9387019230769231 0.040865384615384616 0.03125