0 0.125 0.020432692307692308 0.03365384615384615 0.03125
0 0.23076923076923078 0.1814903846153846 0.028846153846153848 0.021634615384615384
0 0.9026442307692307 0.0829326923076923 0.05048076923076923 0.04567307692307692
0 0.09495192307692307 0.49038461538461536 0.040865384615384616 0.03365384615384615
0 0.41225961538461536 0.8509615384615384 0.040865384615384616 0.04326923076923077
0 0.3545673076923077 0.8557692307692307 0.036057692307692304 0.038461538461538464
0 0.13822115384615385 0.9783653846153846 0.036057692307692304 0.038461538461538464
0 0.0673076923076923 0.9939903846153846 0.03365384615384615 0.01201923076923077
0 0.9579326923076923 0.5588942307692307 0.08413461538461539 0.06971153846153846
0 0.6790865384615384 0.9675480769230769 0.09375 0.06490384615384616
0 0.8100961538461539 0.9831730769230769 0.08653846153846154 0.03365384615384615
0 0.7091346153846154 0.4699519230769231 0.10096153846153846 0.07451923076923077