0 0.4110576923076923 0.12860576923076922 0.04807692307692308 0.040865384615384616
0 0.5060096153846154 0.30649038461538464 0.021634615384615384 0.016826923076923076
0 0.4963942307692308 0.31850961538461536 0.03125 0.026442307692307692
0 0.47716346153846156 0.32572115384615385 0.026442307692307692 0.026442307692307692
0 0.125 0.6274038461538461 0.038461538461538464 0.052884615384615384
0 0.9326923076923077 0.6574519230769231 0.04326923076923077 0.03125
0 0.9747596153846154 0.7776442307692307 0.040865384615384616 0.036057692307692304
0 0.9807692307692307 0.8245192307692307 0.03365384615384615 0.028846153846153848
0 0.9038461538461539 0.8449519230769231 0.04326923076923077 0.04567307692307692
0 0.7764423076923077 0.8689903846153846 0.028846153846153848 0.04567307692307692
0 0.8305288461538461 0.9735576923076923 0.06009615384615385 0.052884615384615384