0 0.22235576923076922 0.014423076923076924 0.07451923076923077 0.028846153846153848
0 0.35336538461538464 0.10096153846153846 0.052884615384615384 0.04326923076923077
0 0.11538461538461539 0.20192307692307693 0.0625 0.08653846153846154
0 0.27163461538461536 0.2283653846153846 0.0673076923076923 0.0625
0 0.0673076923076923 0.32572115384615385 0.0625 0.06971153846153846
0 0.23918269230769232 0.34975961538461536 0.05048076923076923 0.05048076923076923
0 0.019230769230769232 0.3245192307692308 0.038461538461538464 0.07211538461538461
0 0.021634615384615384 0.5528846153846154 0.038461538461538464 0.038461538461538464
0 0.3473557692307692 0.7379807692307693 0.03125 0.03365384615384615
0 0.7427884615384616 0.47115384615384615 0.028846153846153848 0.028846153846153848
0 0.8257211538461539 0.9302884615384616 0.040865384615384616 0.028846153846153848