0 0.22115384615384615 0.05048076923076923 0.028846153846153848 0.03365384615384615
0 0.15985576923076922 0.11057692307692307 0.05048076923076923 0.057692307692307696
0 0.22956730769230768 0.16346153846153846 0.036057692307692304 0.03365384615384615
0 0.10817307692307693 0.3088942307692308 0.04807692307692308 0.04567307692307692
0 0.21875 0.006009615384615385 0.038461538461538464 0.01201923076923077
0 0.23798076923076922 0.03125 0.03365384615384615 0.03365384615384615
0 0.7536057692307693 0.4098557692307692 0.036057692307692304 0.036057692307692304
0 0.7896634615384616 0.4483173076923077 0.055288461538461536 0.036057692307692304
0 0.33533653846153844 0.7980769230769231 0.040865384615384616 0.03365384615384615
0 0.5048076923076923 0.7980769230769231 0.052884615384615384 0.04807692307692308
0 0.43149038461538464 0.8545673076923077 0.09375 0.0985576923076923
0 0.2091346153846154 0.953125 0.04807692307692308 0.05048076923076923
0 0.4495192307692308 0.9855769230769231 0.04807692307692308 0.028846153846153848
0 0.9350961538461539 0.9038461538461539 0.04326923076923077 0.03365384615384615
0 0.96875 0.8064903846153846 0.057692307692307696 0.026442307692307692
0 0.921875 0.8497596153846154 0.036057692307692304 0.055288461538461536
0 0.9699519230769231 0.8858173076923077 0.036057692307692304 0.03125