0 0.2247596153846154 0.46153846153846156 0.021634615384615384 0.014423076923076924
0 0.8521634615384616 0.1201923076923077 0.04567307692307692 0.057692307692307696
0 0.23677884615384615 0.5180288461538461 0.036057692307692304 0.03125
0 0.010817307692307692 0.5456730769230769 0.021634615384615384 0.03365384615384615
0 0.15745192307692307 0.5841346153846154 0.04567307692307692 0.038461538461538464
0 0.04807692307692308 0.6009615384615384 0.038461538461538464 0.038461538461538464
0 0.09975961538461539 0.6033653846153846 0.04567307692307692 0.03365384615384615
0 0.18990384615384615 0.6466346153846154 0.038461538461538464 0.038461538461538464
0 0.32091346153846156 0.48197115384615385 0.05048076923076923 0.026442307692307692
0 0.6622596153846154 0.5336538461538461 0.15144230769230768 0.10576923076923077
0 0.8810096153846154 0.9591346153846154 0.07932692307692307 0.07211538461538461