0 0.7115384615384616 0.008413461538461538 0.038461538461538464 0.016826923076923076
0 0.19110576923076922 0.6899038461538461 0.016826923076923076 0.028846153846153848
0 0.3786057692307692 0.4987980769230769 0.04567307692307692 0.040865384615384616
0 0.5408653846153846 0.5540865384615384 0.03365384615384615 0.036057692307692304
0 0.5612980769230769 0.5925480769230769 0.040865384615384616 0.036057692307692304
0 0.41225961538461536 0.6418269230769231 0.036057692307692304 0.028846153846153848
0 0.4326923076923077 0.6550480769230769 0.02403846153846154 0.026442307692307692
0 0.6682692307692307 0.7043269230769231 0.038461538461538464 0.04807692307692308
0 0.39663461538461536 0.7055288461538461 0.04326923076923077 0.040865384615384616
0 0.8473557692307693 0.7211538461538461 0.036057692307692304 0.03365384615384615
0 0.7548076923076923 0.7644230769230769 0.038461538461538464 0.04326923076923077
0 0.5745192307692307 0.765625 0.03365384615384615 0.03125
0 0.5204326923076923 0.7692307692307693 0.040865384615384616 0.038461538461538464
0 0.3293269230769231 0.7836538461538461 0.03365384615384615 0.038461538461538464
0 0.6286057692307693 0.7884615384615384 0.036057692307692304 0.03365384615384615
0 0.8774038461538461 0.8004807692307693 0.04326923076923077 0.038461538461538464
0 0.5420673076923077 0.8810096153846154 0.03125 0.036057692307692304
0 0.6346153846153846 0.8954326923076923 0.028846153846153848 0.026442307692307692
0 0.5673076923076923 0.9002403846153846 0.03365384615384615 0.03125
0 0.9903846153846154 0.8004807692307693 0.019230769230769232 0.038461538461538464