0 0.4026442307692308 0.24759615384615385 0.01201923076923077 0.04807692307692308
0 0.43028846153846156 0.12740384615384615 0.04326923076923077 0.04326923076923077
0 0.49158653846153844 0.14543269230769232 0.06009615384615385 0.06009615384615385
0 0.7391826923076923 0.22355769230769232 0.06009615384615385 0.0625
0 0.4543269230769231 0.22596153846153846 0.04326923076923077 0.04326923076923077
0 0.9459134615384616 0.38822115384615385 0.0985576923076923 0.06009615384615385
0 0.7319711538461539 0.5228365384615384 0.06009615384615385 0.04567307692307692
0 0.6322115384615384 0.05048076923076923 0.0673076923076923 0.0625
0 0.6262019230769231 0.052884615384615384 0.04567307692307692 0.04326923076923077
0 0.010817307692307692 0.6826923076923077 0.021634615384615384 0.04326923076923077
0 0.1045673076923077 0.9903846153846154 0.021634615384615384 0.019230769230769232