0 0.21394230769230768 0.4375 0.038461538461538464 0.03365384615384615
0 0.6634615384615384 0.2932692307692308 0.038461538461538464 0.04326923076923077
0 0.8533653846153846 0.2956730769230769 0.052884615384615384 0.038461538461538464
0 0.734375 0.32211538461538464 0.040865384615384616 0.057692307692307696
0 0.6213942307692307 0.33653846153846156 0.026442307692307692 0.02403846153846154
0 0.6286057692307693 0.359375 0.040865384615384616 0.026442307692307692
0 0.7944711538461539 0.3762019230769231 0.03125 0.04567307692307692
0 0.6971153846153846 0.38461538461538464 0.04326923076923077 0.04326923076923077
0 0.6622596153846154 0.4411057692307692 0.021634615384615384 0.021634615384615384
0 0.640625 0.4543269230769231 0.026442307692307692 0.028846153846153848
0 0.015625 0.5480769230769231 0.03125 0.03365384615384615
0 0.06850961538461539 0.5600961538461539 0.03125 0.028846153846153848
0 0.3762019230769231 0.6105769230769231 0.036057692307692304 0.038461538461538464
0 0.125 0.6526442307692307 0.04326923076923077 0.040865384615384616
0 0.14543269230769232 0.8425480769230769 0.036057692307692304 0.040865384615384616
0 0.19591346153846154 0.8942307692307693 0.036057692307692304 0.028846153846153848
0 0.5240384615384616 0.6189903846153846 0.04807692307692308 0.05048076923076923
0 0.9507211538461539 0.9134615384615384 0.026442307692307692 0.028846153846153848
0 0.8173076923076923 0.9579326923076923 0.028846153846153848 0.03125