0 0.3245192307692308 0.4387019230769231 0.08653846153846154 0.12259615384615384
0 0.03125 0.5973557692307693 0.0625 0.07451923076923077
0 0.13822115384615385 0.6454326923076923 0.08413461538461539 0.07451923076923077
0 0.5204326923076923 0.3449519230769231 0.036057692307692304 0.036057692307692304
0 0.8173076923076923 0.35697115384615385 0.057692307692307696 0.06009615384615385
0 0.7584134615384616 0.09615384615384616 0.06009615384615385 0.04807692307692308
0 0.9146634615384616 0.14302884615384615 0.036057692307692304 0.04567307692307692
0 0.6502403846153846 0.1658653846153846 0.036057692307692304 0.03365384615384615
0 0.703125 0.18990384615384615 0.07932692307692307 0.04326923076923077
0 0.9302884615384616 0.22956730769230768 0.04326923076923077 0.040865384615384616
0 0.6766826923076923 0.23557692307692307 0.05048076923076923 0.03365384615384615
0 0.828125 0.06370192307692307 0.04567307692307692 0.03125
0 0.7584134615384616 0.004807692307692308 0.06009615384615385 0.009615384615384616
0 0.828125 0.020432692307692308 0.04567307692307692 0.03125
0 0.9314903846153846 0.9026442307692307 0.07932692307692307 0.07932692307692307