0 0.45072115384615385 0.0889423076923077 0.03125 0.03365384615384615
0 0.2848557692307692 0.09615384615384616 0.03125 0.03365384615384615
0 0.234375 0.10697115384615384 0.03125 0.026442307692307692
0 0.46634615384615385 0.203125 0.038461538461538464 0.036057692307692304
0 0.6334134615384616 0.16826923076923078 0.036057692307692304 0.038461538461538464
0 0.8557692307692307 0.40024038461538464 0.04326923076923077 0.04567307692307692
0 0.9471153846153846 0.4098557692307692 0.04807692307692308 0.05048076923076923
0 0.9110576923076923 0.4326923076923077 0.052884615384615384 0.04807692307692308
0 0.2932692307692308 0.6862980769230769 0.04807692307692308 0.04567307692307692
0 0.2247596153846154 0.7151442307692307 0.03125 0.036057692307692304
0 0.16947115384615385 0.8305288461538461 0.03125 0.040865384615384616
0 0.2776442307692308 0.8329326923076923 0.04567307692307692 0.04567307692307692
0 0.6442307692307693 0.5697115384615384 0.09615384615384616 0.0673076923076923
0 0.5721153846153846 0.7247596153846154 0.02403846153846154 0.03125