0 0.36538461538461536 0.06610576923076923 0.038461538461538464 0.040865384615384616
0 0.5372596153846154 0.06009615384615385 0.05048076923076923 0.04326923076923077
0 0.6358173076923077 0.08052884615384616 0.05048076923076923 0.040865384615384616
0 0.796875 0.15384615384615385 0.05048076923076923 0.04807692307692308
0 0.10697115384615384 0.5420673076923077 0.06971153846153846 0.06009615384615385
0 0.1466346153846154 0.5444711538461539 0.0625 0.06009615384615385
0 0.007211538461538462 0.5697115384615384 0.014423076923076924 0.04326923076923077
0 0.010817307692307692 0.5973557692307693 0.021634615384615384 0.026442307692307692
0 0.24278846153846154 0.6322115384615384 0.0625 0.04807692307692308
0 0.016826923076923076 0.640625 0.03365384615384615 0.03125
0 0.10576923076923077 0.6586538461538461 0.057692307692307696 0.03365384615384615
0 0.06370192307692307 0.6899038461538461 0.04567307692307692 0.04326923076923077
0 0.3076923076923077 0.7151442307692307 0.052884615384615384 0.05048076923076923
0 0.33413461538461536 0.7740384615384616 0.0673076923076923 0.04807692307692308
0 0.19110576923076922 0.48197115384615385 0.06971153846153846 0.06490384615384616
0 0.875 0.8161057692307693 0.04326923076923077 0.040865384615384616
0 0.9867788461538461 0.9783653846153846 0.026442307692307692 0.04326923076923077