0 0.4483173076923077 0.1201923076923077 0.06490384615384616 0.04807692307692308
0 0.20673076923076922 0.4026442307692308 0.04326923076923077 0.040865384615384616
0 0.24759615384615385 0.40625 0.0673076923076923 0.04326923076923077
0 0.3329326923076923 0.4699519230769231 0.036057692307692304 0.026442307692307692
0 0.25600961538461536 0.4855769230769231 0.04567307692307692 0.038461538461538464
0 0.4639423076923077 0.49278846153846156 0.04807692307692308 0.038461538461538464
0 0.4170673076923077 0.5024038461538461 0.03125 0.028846153846153848
0 0.3293269230769231 0.5733173076923077 0.04807692307692308 0.040865384615384616
0 0.4579326923076923 0.5829326923076923 0.03125 0.026442307692307692
0 0.3870192307692308 0.5877403846153846 0.03365384615384615 0.036057692307692304
0 0.3786057692307692 0.6622596153846154 0.04567307692307692 0.040865384615384616
0 0.47596153846153844 0.7644230769230769 0.02403846153846154 0.028846153846153848
0 0.5913461538461539 0.051682692307692304 0.028846153846153848 0.03125