0 0.19591346153846154 0.5769230769230769 0.04567307692307692 0.038461538461538464
0 0.9362980769230769 0.25600961538461536 0.12740384615384615 0.13221153846153846
0 0.010817307692307692 0.7788461538461539 0.021634615384615384 0.028846153846153848
0 0.020432692307692308 0.8665865384615384 0.040865384615384616 0.03125
0 0.8641826923076923 0.734375 0.04567307692307692 0.03125
0 0.8245192307692307 0.7920673076923077 0.0673076923076923 0.06009615384615385
0 0.7524038461538461 0.8341346153846154 0.04326923076923077 0.04326923076923077
0 0.7776442307692307 0.859375 0.036057692307692304 0.021634615384615384
0 0.5913461538461539 0.9074519230769231 0.0625 0.036057692307692304
0 0.6959134615384616 0.9663461538461539 0.04567307692307692 0.038461538461538464
0 0.8076923076923077 0.9747596153846154 0.052884615384615384 0.05048076923076923