0 0.04927884615384615 0.2668269230769231 0.08413461538461539 0.07211538461538461
0 0.15625 0.2860576923076923 0.0625 0.052884615384615384
0 0.30528846153846156 0.31009615384615385 0.0625 0.057692307692307696
0 0.006009615384615385 0.08653846153846154 0.01201923076923077 0.04807692307692308
0 0.12740384615384615 0.23677884615384615 0.057692307692307696 0.055288461538461536
0 0.9507211538461539 0.16826923076923078 0.036057692307692304 0.04807692307692308
0 0.7127403846153846 0.38341346153846156 0.036057692307692304 0.040865384615384616
0 0.8713942307692307 0.4206730769230769 0.03125 0.028846153846153848
0 0.20552884615384615 0.7572115384615384 0.07451923076923077 0.0625
0 0.34975961538461536 0.7668269230769231 0.06009615384615385 0.057692307692307696
0 0.36658653846153844 0.9170673076923077 0.05048076923076923 0.05048076923076923