0 0.013221153846153846 0.36658653846153844 0.026442307692307692 0.05048076923076923
0 0.11658653846153846 0.45552884615384615 0.04567307692307692 0.055288461538461536
0 0.3870192307692308 0.6358173076923077 0.03365384615384615 0.03125
0 0.34975961538461536 0.6538461538461539 0.036057692307692304 0.038461538461538464
0 0.24879807692307693 0.6646634615384616 0.07932692307692307 0.05048076923076923
0 0.6574519230769231 0.24639423076923078 0.03125 0.026442307692307692
0 0.6370192307692307 0.25961538461538464 0.038461538461538464 0.03365384615384615
0 0.6117788461538461 0.3161057692307692 0.09375 0.08413461538461539
0 0.5552884615384616 0.421875 0.038461538461538464 0.03125
0 0.671875 0.4543269230769231 0.040865384615384616 0.03365384615384615
0 0.6165865384615384 0.49038461538461536 0.040865384615384616 0.02403846153846154
0 0.5384615384615384 0.5108173076923077 0.019230769230769232 0.026442307692307692
0 0.6105769230769231 0.5144230769230769 0.04807692307692308 0.02403846153846154
0 0.5324519230769231 0.5372596153846154 0.007211538461538462 0.026442307692307692
0 0.5853365384615384 0.5384615384615384 0.036057692307692304 0.028846153846153848
0 0.6105769230769231 0.5588942307692307 0.057692307692307696 0.04567307692307692
0 0.7235576923076923 0.2247596153846154 0.028846153846153848 0.03125
0 0.10216346153846154 0.8605769230769231 0.03125 0.02403846153846154