0 0.4014423076923077 0.006009615384615385 0.02403846153846154 0.01201923076923077
0 0.7331730769230769 0.007211538461538462 0.028846153846153848 0.014423076923076924
0 0.5576923076923077 0.006009615384615385 0.04326923076923077 0.01201923076923077
0 0.7632211538461539 0.030048076923076924 0.036057692307692304 0.036057692307692304
0 0.4014423076923077 0.055288461538461536 0.02403846153846154 0.03365384615384615
0 0.7115384615384616 0.06129807692307692 0.028846153846153848 0.026442307692307692
0 0.8557692307692307 0.09375 0.028846153846153848 0.028846153846153848
0 0.27163461538461536 0.7836538461538461 0.03365384615384615 0.028846153846153848
0 0.06971153846153846 0.7860576923076923 0.04326923076923077 0.04326923076923077
0 0.17908653846153846 0.796875 0.03125 0.03125
0 0.1141826923076923 0.8533653846153846 0.021634615384615384 0.02403846153846154
0 0.24278846153846154 0.8798076923076923 0.028846153846153848 0.028846153846153848
0 0.29447115384615385 0.8990384615384616 0.040865384615384616 0.03365384615384615
0 0.15745192307692307 0.9098557692307693 0.03125 0.036057692307692304
0 0.078125 0.9134615384615384 0.040865384615384616 0.03365384615384615
0 0.14182692307692307 0.7199519230769231 0.038461538461538464 0.036057692307692304
0 0.5204326923076923 0.5600961538461539 0.03125 0.03365384615384615
0 0.6610576923076923 0.9038461538461539 0.038461538461538464 0.038461538461538464