0 0.7944711538461539 0.3870192307692308 0.026442307692307692 0.019230769230769232
0 0.8846153846153846 0.41225961538461536 0.03365384615384615 0.021634615384615384
0 0.7139423076923077 0.42788461538461536 0.04326923076923077 0.03365384615384615
0 0.6358173076923077 0.45072115384615385 0.036057692307692304 0.036057692307692304
0 0.8052884615384616 0.47836538461538464 0.038461538461538464 0.03365384615384615
0 0.8870192307692307 0.4795673076923077 0.028846153846153848 0.026442307692307692
0 0.6346153846153846 0.48197115384615385 0.028846153846153848 0.026442307692307692
0 0.6730769230769231 0.5048076923076923 0.028846153846153848 0.019230769230769232
0 0.7235576923076923 0.5168269230769231 0.03365384615384615 0.028846153846153848
0 0.9038461538461539 0.5168269230769231 0.052884615384615384 0.04326923076923077
0 0.7668269230769231 0.5300480769230769 0.038461538461538464 0.026442307692307692
0 0.9675480769230769 0.5396634615384616 0.036057692307692304 0.021634615384615384
0 0.8353365384615384 0.5564903846153846 0.05048076923076923 0.036057692307692304
0 0.7572115384615384 0.5637019230769231 0.038461538461538464 0.026442307692307692
0 0.7403846153846154 0.6550480769230769 0.04326923076923077 0.026442307692307692
0 0.921875 0.30288461538461536 0.036057692307692304 0.03365384615384615
0 0.7091346153846154 0.34615384615384615 0.03365384615384615 0.028846153846153848
0 0.78125 0.3545673076923077 0.038461538461538464 0.026442307692307692