0 0.019230769230769232 0.20793269230769232 0.038461538461538464 0.04567307692307692
0 0.25 0.41586538461538464 0.03365384615384615 0.02403846153846154
0 0.234375 0.4483173076923077 0.036057692307692304 0.05048076923076923
0 0.3112980769230769 0.4651442307692308 0.040865384615384616 0.036057692307692304
0 0.4519230769230769 0.5120192307692307 0.04326923076923077 0.02403846153846154
0 0.2776442307692308 0.6670673076923077 0.04567307692307692 0.04567307692307692
0 0.44471153846153844 0.7403846153846154 0.038461538461538464 0.04326923076923077
0 0.49158653846153844 0.7872596153846154 0.03125 0.04567307692307692
0 0.1201923076923077 0.7980769230769231 0.038461538461538464 0.038461538461538464
0 0.35336538461538464 0.8365384615384616 0.03365384615384615 0.038461538461538464
0 0.6875 0.7247596153846154 0.038461538461538464 0.040865384615384616