0 0.6177884615384616 0.24519230769230768 0.07692307692307693 0.07692307692307693
0 0.6875 0.2956730769230769 0.07692307692307693 0.07692307692307693
0 0.32211538461538464 0.3317307692307692 0.07692307692307693 0.0673076923076923
0 0.39783653846153844 0.39903846153846156 0.08413461538461539 0.08173076923076923
0 0.49038461538461536 0.4326923076923077 0.10096153846153846 0.08653846153846154
0 0.47115384615384615 0.578125 0.052884615384615384 0.04567307692307692
0 0.3088942307692308 0.6730769230769231 0.09375 0.09134615384615384
0 0.12620192307692307 0.6754807692307693 0.07932692307692307 0.08173076923076923
0 0.6754807692307693 0.0733173076923077 0.057692307692307696 0.04567307692307692
0 0.6670673076923077 0.13701923076923078 0.055288461538461536 0.04326923076923077
0 0.4495192307692308 0.17908653846153846 0.08173076923076923 0.06971153846153846
0 0.7223557692307693 0.22716346153846154 0.09375 0.0889423076923077