0 0.30649038461538464 0.19591346153846154 0.04567307692307692 0.036057692307692304
0 0.3485576923076923 0.6959134615384616 0.019230769230769232 0.021634615384615384
0 0.44471153846153844 0.8485576923076923 0.028846153846153848 0.03365384615384615
0 0.27283653846153844 0.9110576923076923 0.026442307692307692 0.03365384615384615
0 0.6225961538461539 0.7379807692307693 0.11538461538461539 0.11057692307692307
0 0.7560096153846154 0.7548076923076923 0.07932692307692307 0.07692307692307693
0 0.8509615384615384 0.7668269230769231 0.09134615384615384 0.08173076923076923
0 0.9819711538461539 0.8149038461538461 0.036057692307692304 0.0673076923076923
0 0.9711538461538461 0.9326923076923077 0.057692307692307696 0.04807692307692308
0 0.5552884615384616 0.4483173076923077 0.03365384615384615 0.05048076923076923
0 0.8233173076923077 0.546875 0.05048076923076923 0.036057692307692304
0 0.5973557692307693 0.5456730769230769 0.07932692307692307 0.08173076923076923
0 0.6959134615384616 0.5456730769230769 0.07932692307692307 0.0673076923076923
0 0.8846153846153846 0.5877403846153846 0.07692307692307693 0.06009615384615385
0 0.9711538461538461 0.9903846153846154 0.057692307692307696 0.019230769230769232