0 0.04927884615384615 0.1814903846153846 0.040865384615384616 0.04567307692307692
0 0.6622596153846154 0.35216346153846156 0.03125 0.026442307692307692
0 0.6418269230769231 0.3641826923076923 0.038461538461538464 0.03125
0 0.7283653846153846 0.33052884615384615 0.028846153846153848 0.03125
0 0.3918269230769231 0.7283653846153846 0.02403846153846154 0.019230769230769232
0 0.48197115384615385 0.7788461538461539 0.01201923076923077 0.03365384615384615
0 0.6045673076923077 0.7103365384615384 0.026442307692307692 0.016826923076923076
0 0.828125 0.7199519230769231 0.03125 0.03125
0 0.6069711538461539 0.7247596153846154 0.026442307692307692 0.021634615384615384
0 0.6947115384615384 0.7271634615384616 0.03365384615384615 0.026442307692307692
0 0.6466346153846154 0.7307692307692307 0.03365384615384615 0.028846153846153848
0 0.9795673076923077 0.7427884615384616 0.03125 0.02403846153846154
0 0.6454326923076923 0.7524038461538461 0.03125 0.028846153846153848
0 0.7103365384615384 0.7548076923076923 0.026442307692307692 0.02403846153846154
0 0.8822115384615384 0.765625 0.03365384615384615 0.021634615384615384
0 0.5132211538461539 0.7692307692307693 0.026442307692307692 0.028846153846153848
0 0.6754807692307693 0.7728365384615384 0.028846153846153848 0.026442307692307692
0 0.8125 0.8040865384615384 0.038461538461538464 0.026442307692307692
0 0.8858173076923077 0.8353365384615384 0.03125 0.036057692307692304
0 0.9639423076923077 0.8365384615384616 0.038461538461538464 0.03365384615384615
0 0.6742788461538461 0.8533653846153846 0.026442307692307692 0.02403846153846154
0 0.6550480769230769 0.90625 0.03125 0.028846153846153848
0 0.6153846153846154 0.9266826923076923 0.03365384615384615 0.03125
0 0.5204326923076923 0.9362980769230769 0.026442307692307692 0.021634615384615384
0 0.578125 0.9435096153846154 0.021634615384615384 0.021634615384615384
0 0.6442307692307693 0.5276442307692307 0.03365384615384615 0.036057692307692304
0 0.6766826923076923 0.5637019230769231 0.01201923076923077 0.021634615384615384
0 0.6911057692307693 0.5769230769230769 0.026442307692307692 0.028846153846153848
0 0.8810096153846154 0.5841346153846154 0.036057692307692304 0.02403846153846154
0 0.6237980769230769 0.5853365384615384 0.036057692307692304 0.026442307692307692
0 0.6478365384615384 0.6009615384615384 0.021634615384615384 0.02403846153846154
0 0.7043269230769231 0.6262019230769231 0.028846153846153848 0.026442307692307692
0 0.8161057692307693 0.6310096153846154 0.03125 0.021634615384615384
0 0.6454326923076923 0.6358173076923077 0.021634615384615384 0.026442307692307692
0 0.7307692307692307 0.6526442307692307 0.02403846153846154 0.016826923076923076
0 0.6634615384615384 0.6622596153846154 0.03365384615384615 0.021634615384615384
0 0.6850961538461539 0.6802884615384616 0.014423076923076924 0.02403846153846154
0 0.8401442307692307 0.6802884615384616 0.036057692307692304 0.028846153846153848
0 0.890625 0.6814903846153846 0.026442307692307692 0.03125
0 0.734375 0.6838942307692307 0.021634615384615384 0.021634615384615384
0 0.6358173076923077 0.6935096153846154 0.016826923076923076 0.021634615384615384
0 0.5709134615384616 0.6995192307692307 0.03125 0.02403846153846154
0 0.9146634615384616 0.7055288461538461 0.03125 0.03125
0 0.8641826923076923 0.7103365384615384 0.03125 0.021634615384615384
0 0.6442307692307693 0.41225961538461536 0.03365384615384615 0.036057692307692304
0 0.6766826923076923 0.38341346153846156 0.01201923076923077 0.007211538461538462