0 0.27884615384615385 0.10336538461538461 0.028846153846153848 0.028846153846153848
0 0.2956730769230769 0.17548076923076922 0.03365384615384615 0.03365384615384615
0 0.609375 0.18028846153846154 0.04567307692307692 0.04807692307692308
0 0.6442307692307693 0.18509615384615385 0.04807692307692308 0.052884615384615384
0 0.8737980769230769 0.2860576923076923 0.055288461538461536 0.057692307692307696
0 0.6298076923076923 0.052884615384615384 0.0673076923076923 0.057692307692307696
0 0.6346153846153846 0.109375 0.0625 0.05048076923076923
0 0.4098557692307692 0.6045673076923077 0.016826923076923076 0.07451923076923077
0 0.15985576923076922 0.6274038461538461 0.1466346153846154 0.12980769230769232
0 0.20673076923076922 0.8713942307692307 0.10576923076923077 0.0889423076923077
0 0.3389423076923077 0.48677884615384615 0.07692307692307693 0.06971153846153846
0 0.042067307692307696 0.49399038461538464 0.08413461538461539 0.07451923076923077
0 0.20673076923076922 0.9879807692307693 0.10576923076923077 0.02403846153846154
0 0.6009615384615384 0.8052884615384616 0.028846153846153848 0.02403846153846154
0 0.5673076923076923 0.828125 0.038461538461538464 0.03125
0 0.4891826923076923 0.9278846153846154 0.021634615384615384 0.02403846153846154
0 0.7824519230769231 0.37740384615384615 0.06009615384615385 0.019230769230769232