0 0.2548076923076923 0.08774038461538461 0.038461538461538464 0.036057692307692304
0 0.014423076923076924 0.23918269230769232 0.028846153846153848 0.036057692307692304
0 0.8389423076923077 0.03485576923076923 0.038461538461538464 0.036057692307692304
0 0.578125 0.23076923076923078 0.036057692307692304 0.038461538461538464
0 0.796875 0.23317307692307693 0.021634615384615384 0.03365384615384615
0 0.6225961538461539 0.25240384615384615 0.02403846153846154 0.03365384615384615
0 0.6430288461538461 0.28725961538461536 0.036057692307692304 0.036057692307692304
0 0.14182692307692307 0.8798076923076923 0.038461538461538464 0.03365384615384615
0 0.07091346153846154 0.9050480769230769 0.06009615384615385 0.04567307692307692
0 0.5769230769230769 0.4723557692307692 0.03365384615384615 0.036057692307692304
0 0.5817307692307693 0.5288461538461539 0.07692307692307693 0.0625
0 0.6502403846153846 0.6682692307692307 0.055288461538461536 0.03365384615384615
0 0.7079326923076923 0.71875 0.06009615384615385 0.04807692307692308
0 0.6021634615384616 0.7211538461538461 0.04567307692307692 0.052884615384615384