0 0.21754807692307693 0.328125 0.036057692307692304 0.026442307692307692
0 0.02403846153846154 0.3605769230769231 0.038461538461538464 0.028846153846153848
0 0.34134615384615385 0.4014423076923077 0.038461538461538464 0.028846153846153848
0 0.24759615384615385 0.4795673076923077 0.038461538461538464 0.040865384615384616
0 0.3137019230769231 0.8112980769230769 0.036057692307692304 0.03125
0 0.078125 0.8389423076923077 0.040865384615384616 0.03365384615384615
0 0.234375 0.8774038461538461 0.04567307692307692 0.038461538461538464
0 0.125 0.8942307692307693 0.038461538461538464 0.038461538461538464
0 0.17668269230769232 0.8966346153846154 0.04567307692307692 0.03365384615384615
0 0.2668269230769231 0.9399038461538461 0.038461538461538464 0.038461538461538464
0 0.3858173076923077 0.7716346153846154 0.026442307692307692 0.03365384615384615
0 0.5841346153846154 0.8509615384615384 0.04807692307692308 0.052884615384615384
0 0.6262019230769231 0.8701923076923077 0.036057692307692304 0.04807692307692308
0 0.484375 0.8786057692307693 0.03125 0.036057692307692304
0 0.6502403846153846 0.9170673076923077 0.03125 0.036057692307692304
0 0.5492788461538461 0.7536057692307693 0.040865384615384616 0.036057692307692304
0 0.6790865384615384 0.8353365384615384 0.040865384615384616 0.05048076923076923
0 0.5204326923076923 0.8389423076923077 0.040865384615384616 0.04326923076923077