0 0.19110576923076922 0.19110576923076922 0.040865384615384616 0.055288461538461536
0 0.9387019230769231 0.4362980769230769 0.03125 0.026442307692307692
0 0.2980769230769231 0.5685096153846154 0.04807692307692308 0.040865384615384616
0 0.3401442307692308 0.5817307692307693 0.036057692307692304 0.04807692307692308
0 0.19831730769230768 0.5901442307692307 0.03125 0.036057692307692304
0 0.3641826923076923 0.6286057692307693 0.03125 0.036057692307692304
0 0.21514423076923078 0.8846153846153846 0.03125 0.028846153846153848
0 0.31971153846153844 0.9675480769230769 0.028846153846153848 0.026442307692307692
0 0.234375 0.5600961538461539 0.040865384615384616 0.02403846153846154
0 0.5853365384615384 0.5913461538461539 0.15144230769230768 0.08653846153846154
0 0.8040865384615384 0.9855769230769231 0.07932692307692307 0.028846153846153848