0 0.234375 0.2608173076923077 0.055288461538461536 0.04567307692307692
0 0.24519230769230768 0.49399038461538464 0.04326923076923077 0.036057692307692304
0 0.6887019230769231 0.3137019230769231 0.06490384615384616 0.06490384615384616
0 0.9819711538461539 0.3245192307692308 0.036057692307692304 0.052884615384615384
0 0.4951923076923077 0.4050480769230769 0.07211538461538461 0.08413461538461539
0 0.7283653846153846 0.4675480769230769 0.07692307692307693 0.06490384615384616
0 0.5060096153846154 0.4951923076923077 0.06971153846153846 0.0625
0 0.5853365384615384 0.49759615384615385 0.07932692307692307 0.0625
0 0.5637019230769231 0.5697115384615384 0.055288461538461536 0.04807692307692308
0 0.7536057692307693 0.6225961538461539 0.06490384615384616 0.03365384615384615
0 0.9591346153846154 0.17548076923076922 0.04326923076923077 0.057692307692307696
0 0.6766826923076923 0.1778846153846154 0.055288461538461536 0.0625
0 0.20673076923076922 0.6766826923076923 0.019230769230769232 0.021634615384615384
0 0.4098557692307692 0.7644230769230769 0.03125 0.03365384615384615
0 0.4483173076923077 0.8485576923076923 0.021634615384615384 0.02403846153846154
0 0.4362980769230769 0.875 0.03125 0.02403846153846154
0 0.42427884615384615 0.8930288461538461 0.026442307692307692 0.021634615384615384
0 0.4543269230769231 0.9194711538461539 0.009615384615384616 0.026442307692307692
0 0.14903846153846154 0.9471153846153846 0.028846153846153848 0.03365384615384615
0 0.44471153846153844 0.9867788461538461 0.028846153846153848 0.026442307692307692
0 0.5168269230769231 0.6454326923076923 0.04326923076923077 0.01201923076923077