0 0.056490384615384616 0.08052884615384616 0.03125 0.021634615384615384
0 0.054086538461538464 0.11057692307692307 0.040865384615384616 0.02403846153846154
0 0.49158653846153844 0.22115384615384615 0.03125 0.04326923076923077
0 0.25240384615384615 0.5612980769230769 0.052884615384615384 0.036057692307692304
0 0.06370192307692307 0.5841346153846154 0.04567307692307692 0.04326923076923077
0 0.31971153846153844 0.5877403846153846 0.03365384615384615 0.036057692307692304
0 0.1778846153846154 0.6153846153846154 0.038461538461538464 0.038461538461538464
0 0.4026442307692308 0.6237980769230769 0.036057692307692304 0.036057692307692304
0 0.38341346153846156 0.8125 0.036057692307692304 0.028846153846153848
0 0.5769230769230769 0.8545673076923077 0.03365384615384615 0.021634615384615384
0 0.7740384615384616 0.9639423076923077 0.04326923076923077 0.028846153846153848