0 0.018028846153846152 0.03125 0.036057692307692304 0.03365384615384615
0 0.2848557692307692 0.1310096153846154 0.040865384615384616 0.04567307692307692
0 0.5685096153846154 0.19110576923076922 0.026442307692307692 0.021634615384615384
0 0.6526442307692307 0.3762019230769231 0.021634615384615384 0.021634615384615384
0 0.12259615384615384 0.6706730769230769 0.038461538461538464 0.03365384615384615
0 0.17908653846153846 0.6826923076923077 0.03125 0.028846153846153848
0 0.48677884615384615 0.7331730769230769 0.036057692307692304 0.038461538461538464
0 0.23557692307692307 0.7752403846153846 0.04326923076923077 0.040865384615384616
0 0.25600961538461536 0.9651442307692307 0.036057692307692304 0.040865384615384616
0 0.8028846153846154 0.90625 0.038461538461538464 0.03365384615384615
0 0.859375 0.9182692307692307 0.03125 0.028846153846153848
0 0.9158653846153846 0.9951923076923077 0.04326923076923077 0.009615384615384616
0 0.9627403846153846 0.5913461538461539 0.040865384615384616 0.028846153846153848