0 0.5697115384615384 0.19951923076923078 0.038461538461538464 0.028846153846153848
0 0.6225961538461539 0.20192307692307693 0.03365384615384615 0.02403846153846154
0 0.5709134615384616 0.234375 0.03125 0.03125
0 0.4567307692307692 0.34975961538461536 0.028846153846153848 0.026442307692307692
0 0.5769230769230769 0.3713942307692308 0.019230769230769232 0.021634615384615384
0 0.5504807692307693 0.38100961538461536 0.02403846153846154 0.026442307692307692
0 0.5012019230769231 0.38100961538461536 0.036057692307692304 0.03125
0 0.7632211538461539 0.33653846153846156 0.036057692307692304 0.03365384615384615
0 0.7019230769230769 0.35216346153846156 0.02403846153846154 0.021634615384615384
0 0.8052884615384616 0.6045673076923077 0.028846153846153848 0.007211538461538462
0 0.13581730769230768 0.9471153846153846 0.021634615384615384 0.02403846153846154