0 0.33413461538461536 0.028846153846153848 0.03365384615384615 0.028846153846153848
0 0.3112980769230769 0.25240384615384615 0.026442307692307692 0.02403846153846154
0 0.5240384615384616 0.25600961538461536 0.028846153846153848 0.026442307692307692
0 0.27163461538461536 0.2668269230769231 0.02403846153846154 0.028846153846153848
0 0.390625 0.3425480769230769 0.016826923076923076 0.021634615384615384
0 0.13942307692307693 0.34375 0.04807692307692308 0.03365384615384615
0 0.007211538461538462 0.3858173076923077 0.014423076923076924 0.04567307692307692
0 0.5384615384615384 0.4014423076923077 0.02403846153846154 0.019230769230769232
0 0.08173076923076923 0.4723557692307692 0.03365384615384615 0.040865384615384616
0 0.34615384615384615 0.48677884615384615 0.038461538461538464 0.036057692307692304
0 0.14182692307692307 0.6117788461538461 0.04326923076923077 0.007211538461538462
0 0.06370192307692307 0.6237980769230769 0.036057692307692304 0.03125
0 0.23317307692307693 0.6490384615384616 0.038461538461538464 0.03365384615384615
0 0.31490384615384615 0.6502403846153846 0.028846153846153848 0.026442307692307692
0 0.0625 0.6526442307692307 0.028846153846153848 0.026442307692307692
0 0.10096153846153846 0.6754807692307693 0.028846153846153848 0.019230769230769232
0 0.15144230769230768 0.6875 0.03365384615384615 0.028846153846153848
0 0.3317307692307692 0.6875 0.052884615384615384 0.04326923076923077
0 0.19471153846153846 0.7007211538461539 0.038461538461538464 0.026442307692307692
0 0.3954326923076923 0.7103365384615384 0.036057692307692304 0.021634615384615384
0 0.26322115384615385 0.7271634615384616 0.05048076923076923 0.036057692307692304
0 0.18509615384615385 0.734375 0.038461538461538464 0.026442307692307692
0 0.16826923076923078 0.8293269230769231 0.04326923076923077 0.03365384615384615
0 0.48197115384615385 0.8497596153846154 0.06009615384615385 0.036057692307692304
0 0.2848557692307692 0.8629807692307693 0.04567307692307692 0.038461538461538464