0 0.1502403846153846 0.09615384615384616 0.03125 0.028846153846153848
0 0.11538461538461539 0.16947115384615385 0.04807692307692308 0.040865384615384616
0 0.8870192307692307 0.03485576923076923 0.028846153846153848 0.026442307692307692
0 0.8942307692307693 0.2644230769230769 0.03365384615384615 0.028846153846153848
0 0.6298076923076923 0.3317307692307692 0.028846153846153848 0.03365384615384615
0 0.90625 0.3401442307692308 0.038461538461538464 0.04567307692307692
0 0.53125 0.34134615384615385 0.038461538461538464 0.038461538461538464
0 0.8786057692307693 0.4651442307692308 0.03125 0.036057692307692304
0 0.7824519230769231 0.4987980769230769 0.04567307692307692 0.040865384615384616
0 0.078125 0.6550480769230769 0.03125 0.03125
0 0.21754807692307693 0.6971153846153846 0.04567307692307692 0.04326923076923077
0 0.021634615384615384 0.7211538461538461 0.04326923076923077 0.04326923076923077
0 0.8197115384615384 0.8329326923076923 0.028846153846153848 0.026442307692307692
0 0.9423076923076923 0.9855769230769231 0.02403846153846154 0.028846153846153848