0 0.28846153846153844 0.04567307692307692 0.04326923076923077 0.04326923076923077
0 0.4050480769230769 0.09735576923076923 0.03125 0.040865384615384616
0 0.20673076923076922 0.5372596153846154 0.04807692307692308 0.03125
0 0.6346153846153846 0.08052884615384616 0.12980769230769232 0.12259615384615384
0 0.9026442307692307 0.10576923076923077 0.07932692307692307 0.0673076923076923
0 0.7704326923076923 0.21754807692307693 0.13221153846153846 0.11778846153846154
0 0.7043269230769231 0.27283653846153844 0.07692307692307693 0.07451923076923077
0 0.5985576923076923 0.43990384615384615 0.12980769230769232 0.11538461538461539
0 0.9639423076923077 0.44471153846153844 0.0625 0.057692307692307696
0 0.8028846153846154 0.45913461538461536 0.08173076923076923 0.057692307692307696
0 0.9350961538461539 0.49759615384615385 0.07692307692307693 0.0625
0 0.7764423076923077 0.546875 0.08173076923076923 0.08413461538461539
0 0.5745192307692307 0.6514423076923077 0.07692307692307693 0.03365384615384615
0 0.9675480769230769 0.7199519230769231 0.05048076923076923 0.04567307692307692
0 0.5829326923076923 0.7512019230769231 0.040865384615384616 0.04567307692307692
0 0.640625 0.8774038461538461 0.04567307692307692 0.038461538461538464