0 0.49158653846153844 0.13581730769230768 0.026442307692307692 0.06971153846153846
0 0.6201923076923077 0.41225961538461536 0.0625 0.055288461538461536
0 0.1346153846153846 0.5745192307692307 0.03365384615384615 0.03365384615384615
0 0.056490384615384616 0.7860576923076923 0.04567307692307692 0.03365384615384615
0 0.9675480769230769 0.47716346153846156 0.06490384615384616 0.07451923076923077
0 0.5228365384615384 0.5012019230769231 0.06490384615384616 0.06490384615384616
0 0.8569711538461539 0.515625 0.06009615384615385 0.06971153846153846
0 0.9927884615384616 0.5384615384615384 0.014423076923076924 0.0625
0 0.8365384615384616 0.5709134615384616 0.052884615384615384 0.05048076923076923
0 0.7271634615384616 0.5925480769230769 0.09375 0.08413461538461539
0 0.875 0.6069711538461539 0.0625 0.06009615384615385
0 0.4987980769230769 0.6550480769230769 0.040865384615384616 0.06490384615384616
0 0.8305288461538461 0.6586538461538461 0.09375 0.052884615384615384
0 0.7055288461538461 0.6826923076923077 0.06971153846153846 0.0625
0 0.6262019230769231 0.6850961538461539 0.07932692307692307 0.0625
0 0.84375 0.703125 0.04326923076923077 0.040865384615384616
0 0.6478365384615384 0.7572115384615384 0.055288461538461536 0.04807692307692308
0 0.5480769230769231 0.9014423076923077 0.0625 0.0625
0 0.5480769230769231 0.9759615384615384 0.0625 0.04807692307692308