0 0.5540865384615384 0.38341346153846156 0.03125 0.026442307692307692
0 0.5336538461538461 0.39663461538461536 0.038461538461538464 0.03365384615384615
0 0.5084134615384616 0.453125 0.09375 0.08413461538461539
0 0.4519230769230769 0.5588942307692307 0.038461538461538464 0.03125
0 0.5685096153846154 0.5913461538461539 0.040865384615384616 0.03365384615384615
0 0.5132211538461539 0.6274038461538461 0.040865384615384616 0.02403846153846154
0 0.42788461538461536 0.6478365384615384 0.03365384615384615 0.026442307692307692
0 0.5072115384615384 0.6514423076923077 0.04807692307692308 0.02403846153846154
0 0.41466346153846156 0.6742788461538461 0.036057692307692304 0.026442307692307692
0 0.48197115384615385 0.6754807692307693 0.036057692307692304 0.028846153846153848
0 0.5072115384615384 0.6959134615384616 0.057692307692307696 0.04567307692307692
0 0.6201923076923077 0.36177884615384615 0.028846153846153848 0.03125