0 0.2127403846153846 0.18629807692307693 0.04567307692307692 0.040865384615384616
0 0.020432692307692308 0.2127403846153846 0.040865384615384616 0.06971153846153846
0 0.2403846153846154 0.48197115384615385 0.052884615384615384 0.01201923076923077
0 0.6009615384615384 0.32572115384615385 0.04326923076923077 0.036057692307692304
0 0.9543269230769231 0.06370192307692307 0.028846153846153848 0.036057692307692304
0 0.38341346153846156 0.6201923076923077 0.05048076923076923 0.057692307692307696
0 0.008413461538461538 0.6274038461538461 0.016826923076923076 0.038461538461538464
0 0.359375 0.6490384615384616 0.040865384615384616 0.038461538461538464
0 0.3581730769230769 0.546875 0.04807692307692308 0.040865384615384616
0 0.19471153846153846 0.5829326923076923 0.04326923076923077 0.055288461538461536
0 0.7463942307692307 0.8774038461538461 0.040865384615384616 0.03365384615384615
0 0.6081730769230769 0.5685096153846154 0.038461538461538464 0.03125