0 0.21995192307692307 0.38461538461538464 0.06490384615384616 0.057692307692307696
0 0.42788461538461536 0.4362980769230769 0.1346153846153846 0.16105769230769232
0 0.5901442307692307 0.5336538461538461 0.055288461538461536 0.038461538461538464
0 0.16346153846153846 0.5456730769230769 0.052884615384615384 0.04807692307692308
0 0.1875 0.5769230769230769 0.04807692307692308 0.03365384615384615
0 0.6081730769230769 0.6177884615384616 0.14423076923076922 0.1201923076923077
0 0.40024038461538464 0.7896634615384616 0.04567307692307692 0.036057692307692304
0 0.5456730769230769 0.25 0.0625 0.057692307692307696
0 0.4723557692307692 0.31490384615384615 0.13701923076923078 0.13942307692307693
0 0.7379807692307693 0.3173076923076923 0.04807692307692308 0.04326923076923077
0 0.40024038461538464 0.9338942307692307 0.04567307692307692 0.036057692307692304
0 0.5456730769230769 0.028846153846153848 0.0625 0.057692307692307696
0 0.47115384615384615 0.018028846153846152 0.13942307692307693 0.036057692307692304