0 0.4831730769230769 0.5048076923076923 0.04326923076923077 0.03365384615384615
0 0.8798076923076923 0.3293269230769231 0.11538461538461539 0.07692307692307693
0 0.7487980769230769 0.4651442307692308 0.1466346153846154 0.13221153846153846
0 0.7391826923076923 0.625 0.06971153846153846 0.03365384615384615
0 0.8257211538461539 0.6730769230769231 0.04567307692307692 0.03365384615384615
0 0.6322115384615384 0.7115384615384616 0.052884615384615384 0.03365384615384615
0 0.96875 0.7524038461538461 0.052884615384615384 0.04807692307692308
0 0.7536057692307693 0.7644230769230769 0.05048076923076923 0.04807692307692308
0 0.5961538461538461 0.8112980769230769 0.03365384615384615 0.026442307692307692
0 0.7319711538461539 0.8665865384615384 0.04567307692307692 0.05048076923076923
0 0.6983173076923077 0.8954326923076923 0.05048076923076923 0.03125
0 0.6550480769230769 0.9086538461538461 0.036057692307692304 0.04807692307692308
0 0.9867788461538461 0.9350961538461539 0.026442307692307692 0.03365384615384615