0 0.5540865384615384 0.7331730769230769 0.05048076923076923 0.04807692307692308
0 0.39783653846153844 0.7355769230769231 0.036057692307692304 0.028846153846153848
0 0.47475961538461536 0.7632211538461539 0.04567307692307692 0.036057692307692304
0 0.5673076923076923 0.7752403846153846 0.04326923076923077 0.040865384615384616
0 0.42908653846153844 0.796875 0.04567307692307692 0.040865384615384616
0 0.5372596153846154 0.8161057692307693 0.04567307692307692 0.021634615384615384
0 0.4807692307692308 0.8617788461538461 0.038461538461538464 0.036057692307692304
0 0.4495192307692308 0.8798076923076923 0.0673076923076923 0.03365384615384615
0 0.2932692307692308 0.9423076923076923 0.0673076923076923 0.04326923076923077
0 0.36778846153846156 0.9591346153846154 0.04326923076923077 0.03365384615384615
0 0.4963942307692308 0.5709134615384616 0.04567307692307692 0.036057692307692304
0 0.5733173076923077 0.6310096153846154 0.06009615384615385 0.055288461538461536
0 0.4579326923076923 0.6478365384615384 0.05048076923076923 0.036057692307692304
0 0.4050480769230769 0.7043269230769231 0.05048076923076923 0.028846153846153848