0 0.4675480769230769 0.020432692307692308 0.05048076923076923 0.040865384615384616
0 0.26322115384615385 0.037259615384615384 0.04567307692307692 0.05048076923076923
0 0.6201923076923077 0.3112980769230769 0.03365384615384615 0.03125
0 0.7920673076923077 0.37259615384615385 0.036057692307692304 0.03365384615384615
0 0.8185096153846154 0.45913461538461536 0.03125 0.019230769230769232
0 0.6983173076923077 0.4651442307692308 0.03125 0.007211538461538462
0 0.46274038461538464 0.9206730769230769 0.036057692307692304 0.03365384615384615
0 0.6021634615384616 0.5637019230769231 0.06009615384615385 0.06971153846153846
0 0.734375 0.5673076923076923 0.05048076923076923 0.038461538461538464
0 0.8870192307692307 0.6346153846153846 0.07211538461538461 0.0673076923076923
0 0.5949519230769231 0.6514423076923077 0.04567307692307692 0.04807692307692308
0 0.9266826923076923 0.8689903846153846 0.06009615384615385 0.05048076923076923