0 0.44471153846153844 0.05889423076923077 0.0625 0.06009615384615385
0 0.49038461538461536 0.17668269230769232 0.07692307692307693 0.06009615384615385
0 0.34615384615384615 0.23798076923076922 0.07692307692307693 0.057692307692307696
0 0.5252403846153846 0.25721153846153844 0.026442307692307692 0.0673076923076923
0 0.37259615384615385 0.33653846153846156 0.0673076923076923 0.057692307692307696
0 0.43028846153846156 0.37259615384615385 0.052884615384615384 0.057692307692307696
0 0.5036057692307693 0.5120192307692307 0.055288461538461536 0.04807692307692308
0 0.6045673076923077 0.11658653846153846 0.07451923076923077 0.055288461538461536
0 0.7355769230769231 0.21634615384615385 0.052884615384615384 0.04326923076923077
0 0.6538461538461539 0.34375 0.0673076923076923 0.0625
0 0.6213942307692307 0.4651442307692308 0.05048076923076923 0.05048076923076923
0 0.037259615384615384 0.640625 0.05048076923076923 0.055288461538461536
0 0.019230769230769232 0.7163461538461539 0.038461538461538464 0.04326923076923077
0 0.14182692307692307 0.8389423076923077 0.038461538461538464 0.038461538461538464
0 0.21995192307692307 0.9555288461538461 0.05048076923076923 0.055288461538461536
0 0.65625 0.6646634615384616 0.052884615384615384 0.036057692307692304
0 0.6045673076923077 0.9543269230769231 0.04567307692307692 0.038461538461538464