0 0.1310096153846154 0.14543269230769232 0.036057692307692304 0.03125
0 0.1141826923076923 0.28125 0.03125 0.03365384615384615
0 0.14903846153846154 0.2824519230769231 0.028846153846153848 0.021634615384615384
0 0.8846153846153846 0.39903846153846156 0.057692307692307696 0.019230769230769232
0 0.057692307692307696 0.8617788461538461 0.0625 0.05048076923076923
0 0.007211538461538462 0.9663461538461539 0.014423076923076924 0.03365384615384615
0 0.025240384615384616 0.9855769230769231 0.036057692307692304 0.028846153846153848
0 0.7391826923076923 0.6742788461538461 0.040865384615384616 0.040865384615384616
0 0.9891826923076923 0.7728365384615384 0.021634615384615384 0.05048076923076923
0 0.8425480769230769 0.8112980769230769 0.05048076923076923 0.040865384615384616
0 0.9423076923076923 0.8149038461538461 0.04807692307692308 0.038461538461538464
0 0.9903846153846154 0.9158653846153846 0.019230769230769232 0.057692307692307696
0 0.9122596153846154 0.9435096153846154 0.07451923076923077 0.04567307692307692
0 0.9483173076923077 0.4579326923076923 0.040865384615384616 0.040865384615384616
0 0.9290865384615384 0.4963942307692308 0.04567307692307692 0.04567307692307692
0 0.9939903846153846 0.5396634615384616 0.01201923076923077 0.05048076923076923
0 0.890625 0.5889423076923077 0.06009615384615385 0.0673076923076923
0 0.6971153846153846 0.5889423076923077 0.04326923076923077 0.04326923076923077