0 0.20673076923076922 0.7043269230769231 0.057692307692307696 0.04807692307692308
0 0.21394230769230768 0.8269230769230769 0.052884615384615384 0.057692307692307696
0 0.43990384615384615 0.8894230769230769 0.03365384615384615 0.028846153846153848
0 0.48197115384615385 0.90625 0.03125 0.019230769230769232
0 0.46274038461538464 0.9326923076923077 0.021634615384615384 0.019230769230769232
0 0.3954326923076923 0.9338942307692307 0.040865384615384616 0.03125
0 0.23677884615384615 0.9795673076923077 0.04567307692307692 0.040865384615384616
0 0.028846153846153848 0.7043269230769231 0.057692307692307696 0.04807692307692308
0 0.02403846153846154 0.8269230769230769 0.04807692307692308 0.057692307692307696
0 0.01201923076923077 0.9795673076923077 0.02403846153846154 0.040865384615384616
0 0.6826923076923077 0.5552884615384616 0.03365384615384615 0.03365384615384615
0 0.9615384615384616 0.8894230769230769 0.038461538461538464 0.038461538461538464
0 0.9927884615384616 0.9387019230769231 0.014423076923076924 0.026442307692307692