0 0.18629807692307693 0.04326923076923077 0.026442307692307692 0.03365384615384615
0 0.030048076923076924 0.33774038461538464 0.036057692307692304 0.03125
0 0.07451923076923077 0.3701923076923077 0.038461538461538464 0.038461538461538464
0 0.18389423076923078 0.46634615384615385 0.03125 0.02403846153846154
0 0.6069711538461539 0.390625 0.03125 0.03125
0 0.6454326923076923 0.4026442307692308 0.040865384615384616 0.03125
0 0.7752403846153846 0.4338942307692308 0.04567307692307692 0.04567307692307692
0 0.009615384615384616 0.5889423076923077 0.019230769230769232 0.02403846153846154
0 0.04807692307692308 0.5925480769230769 0.04326923076923077 0.036057692307692304
0 0.10216346153846154 0.6117788461538461 0.03125 0.026442307692307692
0 0.484375 0.9050480769230769 0.04567307692307692 0.03125
0 0.9098557692307693 0.9795673076923077 0.06009615384615385 0.040865384615384616