0 0.09975961538461539 0.22355769230769232 0.06971153846153846 0.0673076923076923
0 0.20793269230769232 0.2439903846153846 0.06490384615384616 0.06009615384615385
0 0.26322115384615385 0.2980769230769231 0.04567307692307692 0.052884615384615384
0 0.15384615384615385 0.3317307692307692 0.04807692307692308 0.04807692307692308
0 0.21634615384615385 0.42788461538461536 0.04807692307692308 0.0625
0 0.35096153846153844 0.4807692307692308 0.052884615384615384 0.038461538461538464
0 0.3088942307692308 0.13581730769230768 0.07451923076923077 0.06971153846153846
0 0.5240384615384616 0.09975961538461539 0.0625 0.06490384615384616
0 0.8870192307692307 0.24639423076923078 0.03365384615384615 0.03125
0 0.7295673076923077 0.7764423076923077 0.10817307692307693 0.09134615384615384
0 0.7776442307692307 0.9903846153846154 0.0985576923076923 0.019230769230769232
0 0.7620192307692307 0.5228365384615384 0.057692307692307696 0.040865384615384616
0 0.7235576923076923 0.5673076923076923 0.03365384615384615 0.04807692307692308