0 0.7872596153846154 0.11899038461538461 0.05048076923076923 0.040865384615384616
0 0.8221153846153846 0.1201923076923077 0.028846153846153848 0.02403846153846154
0 0.6021634615384616 0.14302884615384615 0.06971153846153846 0.05048076923076923
0 0.7644230769230769 0.25240384615384615 0.057692307692307696 0.04326923076923077
0 0.8341346153846154 0.25841346153846156 0.04326923076923077 0.03125
0 0.8653846153846154 0.28846153846153844 0.04326923076923077 0.03365384615384615
0 0.7199519230769231 0.06610576923076923 0.05048076923076923 0.040865384615384616
0 0.7596153846153846 0.06490384615384616 0.028846153846153848 0.02403846153846154
0 0.6862980769230769 0.07091346153846154 0.036057692307692304 0.036057692307692304
0 0.5769230769230769 0.09495192307692307 0.038461538461538464 0.05048076923076923
0 0.6790865384615384 0.5649038461538461 0.24278846153846154 0.17307692307692307