0 0.11778846153846154 0.203125 0.03365384615384615 0.036057692307692304
0 0.13822115384615385 0.24158653846153846 0.040865384615384616 0.036057692307692304
0 0.003605769230769231 0.29086538461538464 0.007211538461538462 0.028846153846153848
0 0.010817307692307692 0.30408653846153844 0.021634615384615384 0.026442307692307692
0 0.24519230769230768 0.35336538461538464 0.038461538461538464 0.04807692307692308
0 0.42427884615384615 0.3701923076923077 0.036057692307692304 0.03365384615384615
0 0.3317307692307692 0.41346153846153844 0.038461538461538464 0.04326923076923077
0 0.15144230769230768 0.41466346153846156 0.03365384615384615 0.03125
0 0.09735576923076923 0.4182692307692308 0.040865384615384616 0.038461538461538464
0 0.20552884615384615 0.4375 0.036057692307692304 0.03365384615384615
0 0.4543269230769231 0.4495192307692308 0.04326923076923077 0.038461538461538464
0 0.11899038461538461 0.5300480769230769 0.03125 0.036057692307692304
0 0.21153846153846154 0.5444711538461539 0.028846153846153848 0.026442307692307692
0 0.14423076923076922 0.5492788461538461 0.03365384615384615 0.03125
0 0.20432692307692307 0.8293269230769231 0.038461538461538464 0.028846153846153848
0 0.38461538461538464 0.8701923076923077 0.038461538461538464 0.04326923076923077
0 0.19951923076923078 0.984375 0.04326923076923077 0.03125
0 0.3389423076923077 0.7896634615384616 0.04326923076923077 0.03125