0 0.4026442307692308 0.5108173076923077 0.05048076923076923 0.04567307692307692
0 0.43509615384615385 0.5348557692307693 0.04807692307692308 0.06009615384615385
0 0.8028846153846154 0.5420673076923077 0.04326923076923077 0.03125
0 0.484375 0.6237980769230769 0.05048076923076923 0.04567307692307692
0 0.8449519230769231 0.6622596153846154 0.040865384615384616 0.036057692307692304
0 0.8509615384615384 0.7091346153846154 0.03365384615384615 0.028846153846153848
0 0.7740384615384616 0.7295673076923077 0.04326923076923077 0.04567307692307692
0 0.6466346153846154 0.7536057692307693 0.028846153846153848 0.04567307692307692
0 0.7007211538461539 0.859375 0.06009615384615385 0.055288461538461536
0 0.5769230769230769 0.9050480769230769 0.03365384615384615 0.036057692307692304
0 0.7560096153846154 0.9194711538461539 0.036057692307692304 0.036057692307692304
0 0.43990384615384615 0.9242788461538461 0.057692307692307696 0.04567307692307692
0 0.546875 0.1971153846153846 0.055288461538461536 0.052884615384615384