0 0.38341346153846156 0.65625 0.05048076923076923 0.028846153846153848
0 0.41466346153846156 0.7115384615384616 0.07451923076923077 0.04326923076923077
0 0.020432692307692308 0.7331730769230769 0.040865384615384616 0.057692307692307696
0 0.45072115384615385 0.796875 0.08413461538461539 0.05048076923076923
0 0.38822115384615385 0.9759615384615384 0.06009615384615385 0.04807692307692308
0 0.21995192307692307 0.5096153846153846 0.036057692307692304 0.019230769230769232
0 0.4855769230769231 0.5480769230769231 0.052884615384615384 0.04326923076923077
0 0.65625 0.4651442307692308 0.04326923076923077 0.04567307692307692
0 0.8521634615384616 0.6514423076923077 0.03125 0.03365384615384615
0 0.8329326923076923 0.7211538461538461 0.03125 0.028846153846153848
0 0.7584134615384616 0.8125 0.036057692307692304 0.03365384615384615