0 0.33653846153846156 0.06971153846153846 0.004807692307692308 0.02403846153846154
0 0.8353365384615384 0.3161057692307692 0.06490384615384616 0.06009615384615385
0 0.7884615384615384 0.3581730769230769 0.0673076923076923 0.052884615384615384
0 0.4050480769230769 0.38100961538461536 0.05048076923076923 0.04567307692307692
0 0.4639423076923077 0.4050480769230769 0.057692307692307696 0.04567307692307692
0 0.8473557692307693 0.41947115384615385 0.036057692307692304 0.036057692307692304
0 0.9783653846153846 0.4254807692307692 0.04326923076923077 0.08653846153846154
0 0.41947115384615385 0.4831730769230769 0.06009615384615385 0.038461538461538464
0 0.48197115384615385 0.5228365384615384 0.021634615384615384 0.026442307692307692
0 0.7944711538461539 0.5252403846153846 0.06971153846153846 0.04567307692307692
0 0.6526442307692307 0.5216346153846154 0.06009615384615385 0.052884615384615384
0 0.7391826923076923 0.5300480769230769 0.06009615384615385 0.036057692307692304
0 0.3954326923076923 0.1201923076923077 0.04567307692307692 0.038461538461538464
0 0.5961538461538461 0.12860576923076922 0.04807692307692308 0.05048076923076923
0 0.9747596153846154 0.23317307692307693 0.05048076923076923 0.052884615384615384
0 0.6262019230769231 0.25 0.05048076923076923 0.038461538461538464
0 0.9927884615384616 0.2824519230769231 0.014423076923076924 0.04567307692307692
0 0.13341346153846154 0.9759615384615384 0.040865384615384616 0.038461538461538464
0 0.5240384615384616 0.578125 0.038461538461538464 0.036057692307692304
0 0.4891826923076923 0.8137019230769231 0.036057692307692304 0.04567307692307692
0 0.4567307692307692 0.8245192307692307 0.057692307692307696 0.04326923076923077