0 0.8125 0.1310096153846154 0.04326923076923077 0.05048076923076923
0 0.7548076923076923 0.16466346153846154 0.03365384615384615 0.036057692307692304
0 0.921875 0.17427884615384615 0.055288461538461536 0.040865384615384616
0 0.9879807692307693 0.18028846153846154 0.02403846153846154 0.052884615384615384
0 0.8569711538461539 0.24519230769230768 0.04567307692307692 0.057692307692307696
0 0.7932692307692307 0.2512019230769231 0.038461538461538464 0.04567307692307692
0 0.7307692307692307 0.2848557692307692 0.04326923076923077 0.036057692307692304
0 0.9314903846153846 0.3161057692307692 0.04567307692307692 0.04567307692307692
0 0.8858173076923077 0.41346153846153844 0.06971153846153846 0.07692307692307693
0 0.6899038461538461 0.6466346153846154 0.07692307692307693 0.07211538461538461
0 0.828125 0.7572115384615384 0.09375 0.07211538461538461