0 0.33052884615384615 0.2800480769230769 0.12259615384615384 0.06490384615384616
0 0.5721153846153846 0.3161057692307692 0.0625 0.06971153846153846
0 0.5060096153846154 0.3641826923076923 0.055288461538461536 0.04567307692307692
0 0.2824519230769231 0.3918269230769231 0.0889423076923077 0.08653846153846154
0 0.46634615384615385 0.41225961538461536 0.04326923076923077 0.05048076923076923
0 0.5240384615384616 0.42427884615384615 0.057692307692307696 0.07932692307692307
0 0.5829326923076923 0.4338942307692308 0.06009615384615385 0.07451923076923077
0 0.41586538461538464 0.44711538461538464 0.08653846153846154 0.0625
0 0.484375 0.46634615384615385 0.06490384615384616 0.052884615384615384
0 0.6165865384615384 0.4807692307692308 0.04567307692307692 0.04326923076923077
0 0.42788461538461536 0.5024038461538461 0.038461538461538464 0.04326923076923077
0 0.3798076923076923 0.5024038461538461 0.0625 0.052884615384615384
0 0.40625 0.5625 0.0673076923076923 0.057692307692307696
0 0.47475961538461536 0.5793269230769231 0.06971153846153846 0.057692307692307696
0 0.6141826923076923 0.5901442307692307 0.05048076923076923 0.06490384615384616
0 0.5336538461538461 0.6009615384615384 0.04326923076923077 0.03365384615384615
0 0.44591346153846156 0.6346153846153846 0.06009615384615385 0.057692307692307696
0 0.5288461538461539 0.6574519230769231 0.0673076923076923 0.055288461538461536
0 0.27163461538461536 0.7415865384615384 0.052884615384615384 0.040865384615384616
0 0.21634615384615385 0.7439903846153846 0.04807692307692308 0.040865384615384616
0 0.3942307692307692 0.7596153846153846 0.052884615384615384 0.0673076923076923
0 0.3173076923076923 0.8185096153846154 0.0625 0.07451923076923077
0 0.5024038461538461 0.08413461538461539 0.04807692307692308 0.03365384615384615
0 0.3918269230769231 0.8701923076923077 0.10096153846153846 0.07211538461538461
0 0.5288461538461539 0.15264423076923078 0.052884615384615384 0.055288461538461536
0 0.5865384615384616 0.16466346153846154 0.04326923076923077 0.036057692307692304
0 0.38341346153846156 0.20192307692307693 0.04567307692307692 0.052884615384615384
0 0.5516826923076923 0.22596153846153846 0.040865384615384616 0.03365384615384615
0 0.046875 0.27884615384615385 0.09375 0.0673076923076923
0 0.08052884615384616 0.3918269230769231 0.0889423076923077 0.08653846153846154
0 0.007211538461538462 0.5036057692307693 0.014423076923076924 0.055288461538461536
0 0.0889423076923077 0.7415865384615384 0.052884615384615384 0.040865384615384616
0 0.14423076923076922 0.7439903846153846 0.04807692307692308 0.040865384615384616
0 0.04326923076923077 0.8185096153846154 0.0625 0.07451923076923077
0 0.010817307692307692 0.8713942307692307 0.021634615384615384 0.07451923076923077