0 0.3449519230769231 0.3329326923076923 0.04567307692307692 0.040865384615384616
0 0.3737980769230769 0.5336538461538461 0.01201923076923077 0.04326923076923077
0 0.3076923076923077 0.5444711538461539 0.02403846153846154 0.03125
0 0.1622596153846154 0.6286057692307693 0.04567307692307692 0.021634615384615384
0 0.11298076923076923 0.05889423076923077 0.04326923076923077 0.036057692307692304
0 0.16826923076923078 0.07211538461538461 0.038461538461538464 0.03365384615384615
0 0.9266826923076923 0.5084134615384616 0.04567307692307692 0.036057692307692304
0 0.21995192307692307 0.6538461538461539 0.05048076923076923 0.028846153846153848
0 0.12740384615384615 0.6538461538461539 0.03365384615384615 0.028846153846153848
0 0.859375 0.9663461538461539 0.04567307692307692 0.04326923076923077
0 0.7944711538461539 0.9891826923076923 0.021634615384615384 0.021634615384615384
0 0.7487980769230769 0.9879807692307693 0.036057692307692304 0.02403846153846154
0 0.71875 0.9939903846153846 0.04807692307692308 0.01201923076923077
0 0.8485576923076923 0.9915865384615384 0.07692307692307693 0.016826923076923076
0 0.7151442307692307 0.6526442307692307 0.04567307692307692 0.026442307692307692
0 0.6201923076923077 0.6574519230769231 0.07211538461538461 0.036057692307692304