0 0.27524038461538464 0.16466346153846154 0.040865384615384616 0.04567307692307692
0 0.53125 0.25961538461538464 0.04326923076923077 0.03365384615384615
0 0.5925480769230769 0.2644230769230769 0.06009615384615385 0.038461538461538464
0 0.5300480769230769 0.3016826923076923 0.06971153846153846 0.05048076923076923
0 0.8161057692307693 0.32572115384615385 0.07451923076923077 0.06009615384615385
0 0.5889423076923077 0.33052884615384615 0.0625 0.06009615384615385
0 0.8737980769230769 0.34375 0.07932692307692307 0.07692307692307693
0 0.5264423076923077 0.3641826923076923 0.052884615384615384 0.05048076923076923
0 0.7560096153846154 0.41586538461538464 0.06009615384615385 0.0673076923076923
0 0.6899038461538461 0.47475961538461536 0.052884615384615384 0.04567307692307692
0 0.578125 0.006009615384615385 0.07451923076923077 0.01201923076923077
0 0.5709134615384616 0.03245192307692308 0.07932692307692307 0.036057692307692304
0 0.6778846153846154 0.07451923076923077 0.07692307692307693 0.07692307692307693
0 0.5673076923076923 0.09735576923076923 0.0673076923076923 0.06009615384615385
0 0.5072115384615384 0.13701923076923078 0.038461538461538464 0.0625
0 0.5997596153846154 0.16346153846153846 0.07932692307692307 0.057692307692307696
0 0.29086538461538464 0.9651442307692307 0.0625 0.055288461538461536
0 0.13701923076923078 0.7415865384615384 0.0625 0.040865384615384616
0 0.13822115384615385 0.5228365384615384 0.06490384615384616 0.007211538461538462