0 0.32091346153846156 0.007211538461538462 0.040865384615384616 0.014423076923076924
0 0.3858173076923077 0.019230769230769232 0.04567307692307692 0.038461538461538464
0 0.40384615384615385 0.22956730769230768 0.04807692307692308 0.040865384615384616
0 0.5612980769230769 0.23918269230769232 0.036057692307692304 0.021634615384615384
0 0.33052884615384615 0.23918269230769232 0.040865384615384616 0.021634615384615384
0 0.24519230769230768 0.41586538461538464 0.0625 0.052884615384615384
0 0.14903846153846154 0.46153846153846156 0.0673076923076923 0.052884615384615384
0 0.29927884615384615 0.4963942307692308 0.07451923076923077 0.06971153846153846
0 0.12379807692307693 0.5961538461538461 0.04567307692307692 0.04807692307692308
0 0.19831730769230768 0.6923076923076923 0.07932692307692307 0.057692307692307696
0 0.27884615384615385 0.6959134615384616 0.04807692307692308 0.06971153846153846
0 0.11658653846153846 0.7439903846153846 0.06490384615384616 0.06490384615384616
0 0.3701923076923077 0.7644230769230769 0.04807692307692308 0.057692307692307696
0 0.37259615384615385 0.7668269230769231 0.052884615384615384 0.04807692307692308
0 0.45552884615384615 0.8689903846153846 0.055288461538461536 0.06009615384615385
0 0.09735576923076923 0.8786057692307693 0.07451923076923077 0.06971153846153846
0 0.2764423076923077 0.8966346153846154 0.057692307692307696 0.057692307692307696
0 0.3954326923076923 0.2824519230769231 0.06971153846153846 0.06490384615384616
0 0.14543269230769232 0.3545673076923077 0.07932692307692307 0.07932692307692307
0 0.2764423076923077 0.3545673076923077 0.0625 0.055288461538461536