0 0.10576923076923077 0.25240384615384615 0.04807692307692308 0.038461538461538464
0 0.016826923076923076 0.3293269230769231 0.03365384615384615 0.028846153846153848
0 0.1310096153846154 0.3389423076923077 0.03125 0.04326923076923077
0 0.10336538461538461 0.41225961538461536 0.03365384615384615 0.040865384615384616
0 0.13341346153846154 0.49158653846153844 0.036057692307692304 0.016826923076923076
0 0.7896634615384616 0.34615384615384615 0.040865384615384616 0.028846153846153848
0 0.12620192307692307 0.6454326923076923 0.055288461538461536 0.06009615384615385
0 0.021634615384615384 0.6862980769230769 0.04326923076923077 0.055288461538461536
0 0.7680288461538461 0.6887019230769231 0.040865384615384616 0.036057692307692304
0 0.5228365384615384 0.7596153846153846 0.03125 0.03365384615384615
0 0.5456730769230769 0.8389423076923077 0.028846153846153848 0.03365384615384615
0 0.7415865384615384 0.9855769230769231 0.05048076923076923 0.028846153846153848
0 0.6610576923076923 0.5432692307692307 0.04326923076923077 0.03365384615384615