0 0.3317307692307692 0.03245192307692308 0.019230769230769232 0.021634615384615384
0 0.42788461538461536 0.18509615384615385 0.028846153846153848 0.03365384615384615
0 0.25600961538461536 0.24759615384615385 0.026442307692307692 0.03365384615384615
0 0.3425480769230769 0.35216346153846156 0.036057692307692304 0.026442307692307692
0 0.7524038461538461 0.04927884615384615 0.038461538461538464 0.055288461538461536
0 0.17067307692307693 0.7704326923076923 0.038461538461538464 0.026442307692307692
0 0.23197115384615385 0.7740384615384616 0.021634615384615384 0.019230769230769232
0 0.5048076923076923 0.7992788461538461 0.03365384615384615 0.026442307692307692
0 0.3894230769230769 0.8317307692307693 0.028846153846153848 0.028846153846153848
0 0.36177884615384615 0.8341346153846154 0.036057692307692304 0.03365384615384615
0 0.1201923076923077 0.8605769230769231 0.03365384615384615 0.028846153846153848
0 0.4579326923076923 0.8786057692307693 0.026442307692307692 0.021634615384615384
0 0.49038461538461536 0.8930288461538461 0.028846153846153848 0.016826923076923076
0 0.49158653846153844 0.9098557692307693 0.026442307692307692 0.016826923076923076
0 0.42427884615384615 0.9122596153846154 0.026442307692307692 0.016826923076923076
0 0.5564903846153846 0.9254807692307693 0.021634615384615384 0.019230769230769232
0 0.421875 0.9338942307692307 0.021634615384615384 0.016826923076923076
0 0.24639423076923078 0.9399038461538461 0.026442307692307692 0.03365384615384615
0 0.38341346153846156 0.9783653846153846 0.026442307692307692 0.019230769230769232
0 0.09495192307692307 0.9915865384615384 0.026442307692307692 0.016826923076923076
0 0.7247596153846154 0.9483173076923077 0.026442307692307692 0.026442307692307692
0 0.6538461538461539 0.9567307692307693 0.03365384615384615 0.02403846153846154