0 0.19831730769230768 0.421875 0.040865384615384616 0.04567307692307692
0 0.7463942307692307 0.26802884615384615 0.040865384615384616 0.04567307692307692
0 0.8689903846153846 0.3076923076923077 0.036057692307692304 0.03365384615384615
0 0.6514423076923077 0.36177884615384615 0.04326923076923077 0.04567307692307692
0 0.5817307692307693 0.4098557692307692 0.038461538461538464 0.026442307692307692
0 0.5805288461538461 0.45552884615384615 0.040865384615384616 0.026442307692307692
0 0.5516826923076923 0.5540865384615384 0.05048076923076923 0.03125
0 0.7235576923076923 0.03125 0.03365384615384615 0.038461538461538464
0 0.20192307692307693 0.8004807692307693 0.038461538461538464 0.052884615384615384
0 0.36778846153846156 0.8088942307692307 0.03365384615384615 0.04567307692307692
0 0.2860576923076923 0.8329326923076923 0.052884615384615384 0.06009615384615385
0 0.47836538461538464 0.7259615384615384 0.038461538461538464 0.07692307692307693
0 0.46634615384615385 0.8762019230769231 0.014423076923076924 0.09375
0 0.9735576923076923 0.8810096153846154 0.052884615384615384 0.06971153846153846
0 0.8870192307692307 0.8990384615384616 0.0673076923076923 0.04807692307692308
0 0.5348557692307693 0.9555288461538461 0.07451923076923077 0.0889423076923077
0 0.8389423076923077 0.6514423076923077 0.11057692307692307 0.07692307692307693