0 0.2824519230769231 0.015625 0.04567307692307692 0.03125
0 0.2403846153846154 0.02403846153846154 0.03365384615384615 0.04807692307692308
0 0.38221153846153844 0.03245192307692308 0.028846153846153848 0.036057692307692304
0 0.21634615384615385 0.07091346153846154 0.028846153846153848 0.036057692307692304
0 0.5264423076923077 0.12860576923076922 0.04326923076923077 0.040865384615384616
0 0.36899038461538464 0.3245192307692308 0.036057692307692304 0.03365384615384615
0 0.010817307692307692 0.40384615384615385 0.021634615384615384 0.04326923076923077
0 0.2608173076923077 0.4098557692307692 0.026442307692307692 0.026442307692307692
0 0.06370192307692307 0.44711538461538464 0.03125 0.028846153846153848
0 0.10336538461538461 0.44711538461538464 0.02403846153846154 0.028846153846153848
0 0.16466346153846154 0.4579326923076923 0.03125 0.03125
0 0.30288461538461536 0.4723557692307692 0.057692307692307696 0.03125
0 0.1875 0.007211538461538462 0.038461538461538464 0.014423076923076924
0 0.34615384615384615 0.007211538461538462 0.038461538461538464 0.014423076923076924
0 0.6370192307692307 0.953125 0.04807692307692308 0.040865384615384616
0 0.6165865384615384 0.9759615384615384 0.03125 0.02403846153846154