0 0.06490384615384616 0.03125 0.0625 0.0625
0 0.013221153846153846 0.07572115384615384 0.026442307692307692 0.04567307692307692
0 0.02283653846153846 0.13581730769230768 0.04567307692307692 0.07932692307692307
0 0.07572115384615384 0.14543269230769232 0.06009615384615385 0.07451923076923077
0 0.109375 0.19230769230769232 0.04567307692307692 0.04326923076923077
0 0.10697115384615384 0.3016826923076923 0.05048076923076923 0.06490384615384616
0 0.026442307692307692 0.3125 0.04326923076923077 0.03365384615384615
0 0.027644230769230768 0.36899038461538464 0.055288461538461536 0.055288461538461536
0 0.8401442307692307 0.23677884615384615 0.03125 0.03125
0 0.3473557692307692 0.7403846153846154 0.040865384615384616 0.03365384615384615
0 0.48677884615384615 0.8497596153846154 0.04567307692307692 0.036057692307692304
0 0.3389423076923077 0.8846153846153846 0.04326923076923077 0.057692307692307696
0 0.5180288461538461 0.984375 0.040865384615384616 0.03125