0 0.27524038461538464 0.3473557692307692 0.04567307692307692 0.04567307692307692
0 0.7548076923076923 0.10576923076923077 0.03365384615384615 0.04807692307692308
0 0.6033653846153846 0.6141826923076923 0.052884615384615384 0.036057692307692304
0 0.7019230769230769 0.6153846153846154 0.057692307692307696 0.057692307692307696
0 0.8221153846153846 0.6466346153846154 0.04807692307692308 0.03365384615384615
0 0.7307692307692307 0.6598557692307693 0.04807692307692308 0.04567307692307692
0 0.6201923076923077 0.6959134615384616 0.04326923076923077 0.04567307692307692
0 0.6658653846153846 0.7043269230769231 0.0625 0.04807692307692308
0 0.7355769230769231 0.703125 0.03365384615384615 0.026442307692307692
0 0.46274038461538464 0.7079326923076923 0.07932692307692307 0.06009615384615385
0 0.6899038461538461 0.7307692307692307 0.04326923076923077 0.04326923076923077
0 0.5889423076923077 0.7548076923076923 0.057692307692307696 0.03365384615384615
0 0.7379807692307693 0.44471153846153844 0.04326923076923077 0.03365384615384615
0 0.5625 0.8185096153846154 0.057692307692307696 0.040865384615384616
0 0.5432692307692307 0.47596153846153844 0.04326923076923077 0.038461538461538464
0 0.5997596153846154 0.4206730769230769 0.05048076923076923 0.02403846153846154
0 0.7319711538461539 0.5564903846153846 0.05048076923076923 0.04567307692307692
0 0.6586538461538461 0.5685096153846154 0.04807692307692308 0.036057692307692304
0 0.5997596153846154 0.40384615384615385 0.05048076923076923 0.009615384615384616