0 0.375 0.3786057692307692 0.057692307692307696 0.040865384615384616
0 0.3641826923076923 0.42908653846153844 0.04567307692307692 0.040865384615384616
0 0.41225961538461536 0.44350961538461536 0.03125 0.05048076923076923
0 0.3329326923076923 0.19831730769230768 0.05048076923076923 0.03125
0 0.6177884615384616 0.37740384615384615 0.04807692307692308 0.052884615384615384
0 0.6887019230769231 0.37740384615384615 0.036057692307692304 0.04326923076923077
0 0.7247596153846154 0.453125 0.040865384615384616 0.04567307692307692
0 0.6838942307692307 0.4651442307692308 0.06009615384615385 0.055288461538461536
0 0.8341346153846154 0.5264423076923077 0.07211538461538461 0.04807692307692308
0 0.6346153846153846 0.16105769230769232 0.0673076923076923 0.057692307692307696
0 0.5384615384615384 0.6358173076923077 0.0625 0.055288461538461536
0 0.6778846153846154 0.6574519230769231 0.04807692307692308 0.040865384615384616
0 0.5673076923076923 0.6766826923076923 0.04326923076923077 0.026442307692307692
0 0.8497596153846154 0.23798076923076922 0.055288461538461536 0.057692307692307696
0 0.6875 0.3173076923076923 0.057692307692307696 0.052884615384615384
0 0.9038461538461539 0.3245192307692308 0.0673076923076923 0.0625
0 0.6346153846153846 0.06971153846153846 0.0673076923076923 0.057692307692307696
0 0.8497596153846154 0.010817307692307692 0.055288461538461536 0.021634615384615384