0 0.23557692307692307 0.32091346153846156 0.03365384615384615 0.03125
0 0.35216346153846156 0.36658653846153844 0.05048076923076923 0.040865384615384616
0 0.4014423076923077 0.004807692307692308 0.038461538461538464 0.009615384615384616
0 0.5564903846153846 0.05889423076923077 0.026442307692307692 0.04567307692307692
0 0.7512019230769231 0.13221153846153846 0.03125 0.028846153846153848
0 0.8846153846153846 0.3112980769230769 0.03365384615384615 0.040865384615384616
0 0.17908653846153846 0.7055288461538461 0.05048076923076923 0.040865384615384616
0 0.4266826923076923 0.7367788461538461 0.06009615384615385 0.055288461538461536
0 0.1622596153846154 0.8064903846153846 0.055288461538461536 0.04567307692307692
0 0.23076923076923078 0.8413461538461539 0.052884615384615384 0.04326923076923077
0 0.31850961538461536 0.9507211538461539 0.036057692307692304 0.040865384615384616
0 0.020432692307692308 0.9675480769230769 0.040865384615384616 0.055288461538461536
0 0.8473557692307693 0.7896634615384616 0.040865384615384616 0.036057692307692304