0 0.2247596153846154 0.19110576923076922 0.03125 0.021634615384615384
0 0.1310096153846154 0.22716346153846154 0.026442307692307692 0.026442307692307692
0 0.9807692307692307 0.4723557692307692 0.028846153846153848 0.01201923076923077
0 0.12980769230769232 0.6454326923076923 0.057692307692307696 0.040865384615384616
0 0.11899038461538461 0.6959134615384616 0.04567307692307692 0.040865384615384616
0 0.17548076923076922 0.7103365384615384 0.04807692307692308 0.05048076923076923
0 0.5264423076923077 0.78125 0.04326923076923077 0.08173076923076923
0 0.38221153846153844 0.796875 0.04326923076923077 0.05048076923076923
0 0.5805288461538461 0.7451923076923077 0.06490384615384616 0.0673076923076923
0 0.6862980769230769 0.765625 0.06490384615384616 0.06009615384615385
0 0.7415865384615384 0.8197115384615384 0.04567307692307692 0.052884615384615384
0 0.6322115384615384 0.8533653846153846 0.04807692307692308 0.04807692307692308
0 0.6947115384615384 0.9495192307692307 0.04807692307692308 0.0625
0 0.8293269230769231 0.9915865384615384 0.052884615384615384 0.016826923076923076
0 0.7872596153846154 0.6574519230769231 0.07451923076923077 0.06971153846153846