0 0.013221153846153846 0.3641826923076923 0.026442307692307692 0.03125
0 0.13822115384615385 0.003605769230769231 0.026442307692307692 0.007211538461538462
0 0.030048076923076924 0.025240384615384616 0.026442307692307692 0.021634615384615384
0 0.14302884615384615 0.02403846153846154 0.021634615384615384 0.02403846153846154
0 0.008413461538461538 0.038461538461538464 0.016826923076923076 0.019230769230769232
0 0.6237980769230769 0.13822115384615385 0.036057692307692304 0.03125
0 0.4495192307692308 0.19951923076923078 0.038461538461538464 0.03365384615384615
0 0.4230769230769231 0.28846153846153844 0.03365384615384615 0.02403846153846154
0 0.5456730769230769 0.30408653846153844 0.03365384615384615 0.03125
0 0.4519230769230769 0.30528846153846156 0.028846153846153848 0.028846153846153848
0 0.20793269230769232 0.7824519230769231 0.040865384615384616 0.036057692307692304