0 0.4579326923076923 0.46875 0.055288461538461536 0.057692307692307696
0 0.39302884615384615 0.49038461538461536 0.05048076923076923 0.057692307692307696
0 0.49158653846153844 0.5432692307692307 0.055288461538461536 0.052884615384615384
0 0.28966346153846156 0.5600961538461539 0.055288461538461536 0.0625
0 0.1814903846153846 0.5985576923076923 0.04567307692307692 0.04326923076923077
0 0.20552884615384615 0.5997596153846154 0.03125 0.036057692307692304
0 0.2403846153846154 0.6153846153846154 0.03365384615384615 0.038461538461538464
0 0.4987980769230769 0.6790865384615384 0.06490384615384616 0.06009615384615385
0 0.26802884615384615 0.7728365384615384 0.06490384615384616 0.04567307692307692
0 0.4423076923076923 0.7884615384615384 0.057692307692307696 0.052884615384615384
0 0.40384615384615385 0.8149038461538461 0.052884615384615384 0.038461538461538464
0 0.23677884615384615 0.828125 0.04567307692307692 0.040865384615384616
0 0.3786057692307692 0.8329326923076923 0.040865384615384616 0.036057692307692304
0 0.3629807692307692 0.25721153846153844 0.057692307692307696 0.057692307692307696
0 0.2932692307692308 0.2644230769230769 0.052884615384615384 0.04326923076923077
0 0.3233173076923077 0.2956730769230769 0.036057692307692304 0.038461538461538464
0 0.4795673076923077 0.3233173076923077 0.04567307692307692 0.055288461538461536
0 0.7331730769230769 0.37740384615384615 0.0625 0.07211538461538461
0 0.9038461538461539 0.578125 0.0625 0.07451923076923077
0 0.8233173076923077 0.7596153846153846 0.06971153846153846 0.0673076923076923
0 0.8425480769230769 0.21754807692307693 0.06490384615384616 0.016826923076923076