0 0.5444711538461539 0.2512019230769231 0.03125 0.03125
0 0.3641826923076923 0.2920673076923077 0.036057692307692304 0.026442307692307692
0 0.5540865384615384 0.40865384615384615 0.03125 0.03365384615384615
0 0.13701923076923078 0.4495192307692308 0.03365384615384615 0.03365384615384615
0 0.20072115384615385 0.4567307692307692 0.040865384615384616 0.04326923076923077
0 0.2932692307692308 0.5853365384615384 0.04807692307692308 0.04567307692307692
0 0.25721153846153844 0.6586538461538461 0.04326923076923077 0.028846153846153848
0 0.3485576923076923 0.7199519230769231 0.028846153846153848 0.026442307692307692
0 0.390625 0.765625 0.036057692307692304 0.026442307692307692
0 0.453125 0.8713942307692307 0.040865384615384616 0.036057692307692304
0 0.40865384615384615 0.21033653846153846 0.04326923076923077 0.03125
0 0.4170673076923077 0.234375 0.036057692307692304 0.036057692307692304