0 0.3942307692307692 0.08052884615384616 0.04326923076923077 0.036057692307692304
0 0.25841346153846156 0.5396634615384616 0.026442307692307692 0.03125
0 0.2608173076923077 0.6177884615384616 0.036057692307692304 0.038461538461538464
0 0.2403846153846154 0.6778846153846154 0.02403846153846154 0.028846153846153848
0 0.15745192307692307 0.4951923076923077 0.036057692307692304 0.03365384615384615
0 0.7704326923076923 0.4891826923076923 0.0985576923076923 0.06490384615384616
0 0.6394230769230769 0.5144230769230769 0.04326923076923077 0.057692307692307696
0 0.6850961538461539 0.5913461538461539 0.038461538461538464 0.038461538461538464
0 0.59375 0.6141826923076923 0.0673076923076923 0.04567307692307692
0 0.6322115384615384 0.6310096153846154 0.03365384615384615 0.040865384615384616
0 0.7704326923076923 0.640625 0.06009615384615385 0.07451923076923077
0 0.5492788461538461 0.6682692307692307 0.04567307692307692 0.04326923076923077
0 0.7439903846153846 0.7403846153846154 0.036057692307692304 0.04807692307692308
0 0.8521634615384616 0.7415865384615384 0.08413461538461539 0.07932692307692307
0 0.7175480769230769 0.7596153846153846 0.05048076923076923 0.052884615384615384
0 0.8353365384615384 0.8569711538461539 0.026442307692307692 0.026442307692307692
0 0.5456730769230769 0.859375 0.038461538461538464 0.040865384615384616
0 0.7668269230769231 0.8882211538461539 0.07211538461538461 0.06490384615384616