0 0.3641826923076923 0.13341346153846154 0.026442307692307692 0.021634615384615384
0 0.2776442307692308 0.15504807692307693 0.016826923076923076 0.021634615384615384
0 0.3401442307692308 0.25 0.03125 0.02403846153846154
0 0.22235576923076922 0.26322115384615385 0.026442307692307692 0.021634615384615384
0 0.1971153846153846 0.32211538461538464 0.014423076923076924 0.019230769230769232
0 0.16466346153846154 0.36778846153846156 0.021634615384615384 0.02403846153846154
0 0.27403846153846156 0.37259615384615385 0.019230769230769232 0.038461538461538464
0 0.41586538461538464 0.3762019230769231 0.02403846153846154 0.021634615384615384
0 0.5384615384615384 0.4230769230769231 0.019230769230769232 0.019230769230769232
0 0.23677884615384615 0.4795673076923077 0.016826923076923076 0.021634615384615384
0 0.46634615384615385 0.10336538461538461 0.019230769230769232 0.019230769230769232
0 0.6033653846153846 0.25961538461538464 0.11057692307692307 0.057692307692307696
0 0.6430288461538461 0.5492788461538461 0.06971153846153846 0.05048076923076923