0 0.15745192307692307 0.45072115384615385 0.021634615384615384 0.021634615384615384
0 0.4254807692307692 0.47475961538461536 0.038461538461538464 0.036057692307692304
0 0.171875 0.5132211538461539 0.03125 0.021634615384615384
0 0.8966346153846154 0.5444711538461539 0.038461538461538464 0.036057692307692304
0 0.7271634615384616 0.5901442307692307 0.03125 0.03125
0 0.40625 0.6694711538461539 0.04807692307692308 0.04567307692307692
0 0.33774038461538464 0.6983173076923077 0.03125 0.036057692307692304
0 0.2824519230769231 0.8137019230769231 0.03125 0.040865384615384616
0 0.390625 0.8161057692307693 0.04567307692307692 0.04567307692307692
0 0.5865384615384616 0.7019230769230769 0.03365384615384615 0.038461538461538464
0 0.5444711538461539 0.8605769230769231 0.04567307692307692 0.04807692307692308
0 0.6706730769230769 0.8786057692307693 0.04326923076923077 0.036057692307692304
0 0.6574519230769231 0.9170673076923077 0.05048076923076923 0.055288461538461536
0 0.5949519230769231 0.9867788461538461 0.04567307692307692 0.026442307692307692