0 0.34615384615384615 0.37740384615384615 0.08173076923076923 0.02403846153846154
0 0.9831730769230769 0.014423076923076924 0.03365384615384615 0.028846153846153848
0 0.06850961538461539 0.5276442307692307 0.13701923076923078 0.13221153846153846
0 0.31971153846153844 0.6033653846153846 0.20673076923076922 0.27884615384615385
0 0.28846153846153844 0.4387019230769231 0.21634615384615385 0.0985576923076923
0 0.7632211538461539 0.5240384615384616 0.036057692307692304 0.04326923076923077
0 0.5805288461538461 0.5432692307692307 0.036057692307692304 0.02403846153846154
0 0.6286057692307693 0.8377403846153846 0.06009615384615385 0.055288461538461536
0 0.7776442307692307 0.8942307692307693 0.040865384615384616 0.038461538461538464
0 0.7139423076923077 0.9435096153846154 0.03365384615384615 0.03125
0 0.5324519230769231 0.40625 0.007211538461538462 0.03365384615384615