0 0.038461538461538464 0.021634615384615384 0.04326923076923077 0.04326923076923077
0 0.1201923076923077 0.027644230769230768 0.019230769230769232 0.016826923076923076
0 0.27403846153846156 0.12139423076923077 0.052884615384615384 0.04567307692307692
0 0.3605769230769231 0.14543269230769232 0.10576923076923077 0.09375
0 0.06490384615384616 0.15625 0.052884615384615384 0.038461538461538464
0 0.19471153846153846 0.19951923076923078 0.0625 0.03365384615384615
0 0.19110576923076922 0.22596153846153846 0.026442307692307692 0.019230769230769232
0 0.06850961538461539 0.2536057692307692 0.03125 0.026442307692307692
0 0.038461538461538464 0.2548076923076923 0.028846153846153848 0.028846153846153848
0 0.10336538461538461 0.2860576923076923 0.019230769230769232 0.019230769230769232
0 0.015625 0.28966346153846156 0.03125 0.036057692307692304
0 0.037259615384615384 0.29086538461538464 0.016826923076923076 0.019230769230769232
0 0.25600961538461536 0.2980769230769231 0.026442307692307692 0.03365384615384615
0 0.37259615384615385 0.2980769230769231 0.03365384615384615 0.02403846153846154
0 0.06129807692307692 0.30408653846153844 0.03125 0.021634615384615384
0 0.21153846153846154 0.3485576923076923 0.019230769230769232 0.019230769230769232
0 0.19471153846153846 0.36177884615384615 0.014423076923076924 0.016826923076923076
0 0.8485576923076923 0.3798076923076923 0.04326923076923077 0.019230769230769232
0 0.7560096153846154 0.037259615384615384 0.040865384615384616 0.036057692307692304
0 0.6153846153846154 0.11177884615384616 0.057692307692307696 0.04567307692307692
0 0.5733173076923077 0.7283653846153846 0.03125 0.02403846153846154
0 0.6057692307692307 0.9158653846153846 0.028846153846153848 0.038461538461538464
0 0.7668269230769231 0.9651442307692307 0.028846153846153848 0.026442307692307692
0 0.5540865384615384 0.9831730769230769 0.036057692307692304 0.03365384615384615
0 0.5805288461538461 0.984375 0.03125 0.03125
0 0.7620192307692307 0.9891826923076923 0.03365384615384615 0.021634615384615384