0 0.36538461538461536 0.22355769230769232 0.04326923076923077 0.03365384615384615
0 0.30288461538461536 0.23798076923076922 0.028846153846153848 0.03365384615384615
0 0.04807692307692308 0.31850961538461536 0.04326923076923077 0.040865384615384616
0 0.23798076923076922 0.34375 0.04326923076923077 0.03365384615384615
0 0.7752403846153846 0.030048076923076924 0.055288461538461536 0.040865384615384616
0 0.7872596153846154 0.1201923076923077 0.06009615384615385 0.07211538461538461
0 0.9495192307692307 0.21875 0.052884615384615384 0.0625
0 0.8269230769230769 0.2620192307692308 0.0625 0.0625
0 0.3233173076923077 0.7560096153846154 0.03125 0.036057692307692304
0 0.47475961538461536 0.8533653846153846 0.04567307692307692 0.038461538461538464
0 0.2932692307692308 0.9399038461538461 0.03365384615384615 0.03365384615384615
0 0.27884615384615385 0.9663461538461539 0.03365384615384615 0.028846153846153848
0 0.828125 0.5264423076923077 0.036057692307692304 0.038461538461538464