0 0.21754807692307693 0.2439903846153846 0.040865384615384616 0.026442307692307692
0 0.1502403846153846 0.3112980769230769 0.026442307692307692 0.021634615384615384
0 0.23557692307692307 0.421875 0.02403846153846154 0.01201923076923077
0 0.6947115384615384 0.12259615384615384 0.04326923076923077 0.04807692307692308
0 0.5889423076923077 0.3137019230769231 0.0673076923076923 0.06009615384615385
0 0.6502403846153846 0.3389423076923077 0.06490384615384616 0.057692307692307696
0 0.7439903846153846 0.3858173076923077 0.05048076923076923 0.04567307692307692
0 0.39302884615384615 0.4567307692307692 0.05048076923076923 0.038461538461538464
0 0.47115384615384615 0.48197115384615385 0.014423076923076924 0.06490384615384616
0 0.2512019230769231 0.5637019230769231 0.05048076923076923 0.040865384615384616
0 0.38221153846153844 0.5697115384615384 0.04326923076923077 0.03365384615384615
0 0.5252403846153846 0.5396634615384616 0.09375 0.06490384615384616
0 0.7524038461538461 0.5757211538461539 0.0625 0.06971153846153846
0 0.6862980769230769 0.6237980769230769 0.055288461538461536 0.04567307692307692
0 0.49278846153846156 0.6514423076923077 0.028846153846153848 0.08653846153846154
0 0.6466346153846154 0.671875 0.04326923076923077 0.05048076923076923
0 0.7043269230769231 0.6838942307692307 0.057692307692307696 0.07932692307692307
0 0.7632211538461539 0.6935096153846154 0.06009615384615385 0.07451923076923077
0 0.5961538461538461 0.7067307692307693 0.08653846153846154 0.0625
0 0.6646634615384616 0.7259615384615384 0.06490384615384616 0.052884615384615384
0 0.796875 0.7403846153846154 0.04567307692307692 0.04326923076923077
0 0.6081730769230769 0.7620192307692307 0.038461538461538464 0.04326923076923077
0 0.5600961538461539 0.7620192307692307 0.0625 0.052884615384615384
0 0.5865384615384616 0.8221153846153846 0.0673076923076923 0.057692307692307696
0 0.6550480769230769 0.8389423076923077 0.06971153846153846 0.057692307692307696
0 0.7944711538461539 0.8497596153846154 0.05048076923076923 0.06490384615384616
0 0.7139423076923077 0.8605769230769231 0.04326923076923077 0.03365384615384615
0 0.6262019230769231 0.8942307692307693 0.06009615384615385 0.057692307692307696
0 0.7091346153846154 0.9170673076923077 0.0673076923076923 0.055288461538461536
0 0.5745192307692307 0.9927884615384616 0.052884615384615384 0.014423076923076924
0 0.7091346153846154 0.4338942307692308 0.052884615384615384 0.01201923076923077
0 0.7668269230769231 0.43509615384615385 0.04326923076923077 0.014423076923076924
0 0.5637019230769231 0.46153846153846156 0.04567307692307692 0.052884615384615384
0 0.7319711538461539 0.4855769230769231 0.040865384615384616 0.03365384615384615