0 0.33533653846153844 0.25600961538461536 0.036057692307692304 0.036057692307692304
0 0.9711538461538461 0.051682692307692304 0.057692307692307696 0.05048076923076923
0 0.7091346153846154 0.15144230769230768 0.0625 0.057692307692307696
0 0.5480769230769231 0.1658653846153846 0.08173076923076923 0.057692307692307696
0 0.6802884615384616 0.20432692307692307 0.07692307692307693 0.0625
0 0.9783653846153846 0.24158653846153846 0.04326923076923077 0.040865384615384616
0 0.5216346153846154 0.2536057692307692 0.08173076923076923 0.08413461538461539
0 0.20793269230769232 0.8617788461538461 0.040865384615384616 0.036057692307692304
0 0.5504807692307693 0.6694711538461539 0.03365384615384615 0.036057692307692304
0 0.9567307692307693 0.8064903846153846 0.057692307692307696 0.055288461538461536
0 0.6586538461538461 0.9182692307692307 0.052884615384615384 0.057692307692307696
0 0.6021634615384616 0.9399038461538461 0.036057692307692304 0.028846153846153848