0 0.3942307692307692 0.028846153846153848 0.03365384615384615 0.04326923076923077
0 0.0733173076923077 0.030048076923076924 0.04567307692307692 0.040865384615384616
0 0.1045673076923077 0.29086538461538464 0.04567307692307692 0.038461538461538464
0 0.5072115384615384 0.36538461538461536 0.03365384615384615 0.028846153846153848
0 0.19230769230769232 0.39663461538461536 0.038461538461538464 0.03365384615384615
0 0.15504807692307693 0.39783653846153844 0.040865384615384616 0.036057692307692304
0 0.12860576923076922 0.44591346153846156 0.04567307692307692 0.05048076923076923
0 0.10576923076923077 0.47115384615384615 0.028846153846153848 0.02403846153846154
0 0.2620192307692308 0.5408653846153846 0.028846153846153848 0.038461538461538464
0 0.8425480769230769 0.07451923076923077 0.03125 0.03365384615384615
0 0.6875 0.43149038461538464 0.019230769230769232 0.026442307692307692
0 0.7415865384615384 0.5372596153846154 0.040865384615384616 0.036057692307692304