0 0.8557692307692307 0.5540865384615384 0.0625 0.06971153846153846
0 0.15745192307692307 0.7824519230769231 0.06971153846153846 0.07932692307692307
0 0.04326923076923077 0.8064903846153846 0.04326923076923077 0.05048076923076923
0 0.09254807692307693 0.8137019230769231 0.04567307692307692 0.036057692307692304
0 0.14903846153846154 0.8425480769230769 0.07211538461538461 0.06971153846153846
0 0.0625 0.8569711538461539 0.038461538461538464 0.040865384615384616
0 0.015625 0.8629807692307693 0.03125 0.09134615384615384
0 0.18509615384615385 0.9002403846153846 0.04326923076923077 0.04567307692307692
0 0.3401442307692308 0.7235576923076923 0.12259615384615384 0.0673076923076923
0 0.4230769230769231 0.7848557692307693 0.09134615384615384 0.07932692307692307
0 0.32091346153846156 0.7860576923076923 0.05048076923076923 0.04326923076923077
0 0.4375 0.921875 0.057692307692307696 0.04567307692307692