0 0.2644230769230769 0.2848557692307692 0.04326923076923077 0.040865384615384616
0 0.984375 0.08052884615384616 0.03125 0.07932692307692307
0 0.6923076923076923 0.15264423076923078 0.08653846153846154 0.07932692307692307
0 0.7920673076923077 0.15504807692307693 0.07451923076923077 0.07932692307692307
0 0.9747596153846154 0.15985576923076922 0.05048076923076923 0.07932692307692307
0 0.8665865384615384 0.265625 0.06009615384615385 0.040865384615384616
0 0.8425480769230769 0.4230769230769231 0.06490384615384616 0.0625
0 0.6778846153846154 0.4483173076923077 0.0673076923076923 0.021634615384615384
0 0.9555288461538461 0.4807692307692308 0.07932692307692307 0.04326923076923077
0 0.8317307692307693 0.5625 0.07692307692307693 0.0673076923076923
0 0.8485576923076923 0.6358173076923077 0.09134615384615384 0.09375