0 0.16706730769230768 0.1778846153846154 0.10817307692307693 0.09134615384615384
0 0.21514423076923078 0.4266826923076923 0.0985576923076923 0.0889423076923077
0 0.25961538461538464 0.4891826923076923 0.15865384615384615 0.06009615384615385
0 0.7223557692307693 0.109375 0.036057692307692304 0.04567307692307692
0 0.7872596153846154 0.39783653846153844 0.06490384615384616 0.055288461538461536
0 0.5168269230769231 0.8257211538461539 0.052884615384615384 0.055288461538461536
0 0.8064903846153846 0.9495192307692307 0.07451923076923077 0.10096153846153846
0 0.890625 0.984375 0.06009615384615385 0.03125
0 0.7692307692307693 0.6935096153846154 0.057692307692307696 0.05048076923076923
0 0.6646634615384616 0.7403846153846154 0.06009615384615385 0.038461538461538464
0 0.6899038461538461 0.7836538461538461 0.0625 0.052884615384615384