0 0.1502403846153846 0.006009615384615385 0.03125 0.01201923076923077
0 0.9038461538461539 0.037259615384615384 0.04326923076923077 0.026442307692307692
0 0.8762019230769231 0.06009615384615385 0.03125 0.028846153846153848
0 0.9675480769230769 0.09375 0.040865384615384616 0.028846153846153848
0 0.9855769230769231 0.2608173076923077 0.028846153846153848 0.04567307692307692
0 0.8497596153846154 0.3112980769230769 0.036057692307692304 0.036057692307692304
0 0.8990384615384616 0.34975961538461536 0.038461538461538464 0.040865384615384616
0 0.9387019230769231 0.3701923076923077 0.036057692307692304 0.038461538461538464
0 0.8221153846153846 0.3762019230769231 0.04326923076923077 0.040865384615384616
0 0.8978365384615384 0.4098557692307692 0.036057692307692304 0.036057692307692304
0 0.7548076923076923 0.4170673076923077 0.03365384615384615 0.03125
0 0.9254807692307693 0.42427884615384615 0.03365384615384615 0.03125
0 0.6442307692307693 0.6189903846153846 0.028846153846153848 0.06490384615384616
0 0.9867788461538461 0.765625 0.026442307692307692 0.03125