0 0.4423076923076923 0.45072115384615385 0.04326923076923077 0.036057692307692304
0 0.13221153846153846 0.46153846153846156 0.038461538461538464 0.038461538461538464
0 0.24519230769230768 0.6129807692307693 0.04807692307692308 0.009615384615384616
0 0.39302884615384615 0.055288461538461536 0.06971153846153846 0.057692307692307696
0 0.6802884615384616 0.6237980769230769 0.0625 0.01201923076923077
0 0.6995192307692307 0.6814903846153846 0.04807692307692308 0.05048076923076923
0 0.5396634615384616 0.7560096153846154 0.040865384615384616 0.05048076923076923
0 0.9014423076923077 0.7728365384615384 0.057692307692307696 0.06009615384615385
0 0.6418269230769231 0.8016826923076923 0.052884615384615384 0.055288461538461536
0 0.6730769230769231 0.8557692307692307 0.0625 0.052884615384615384
0 0.5769230769230769 0.9507211538461539 0.052884615384615384 0.04567307692307692
0 0.6201923076923077 0.9615384615384616 0.052884615384615384 0.04807692307692308
0 0.9807692307692307 0.7728365384615384 0.038461538461538464 0.06009615384615385