0 0.12259615384615384 0.13581730769230768 0.04807692307692308 0.04567307692307692
0 0.3389423076923077 0.31850961538461536 0.04326923076923077 0.04567307692307692
0 0.8209134615384616 0.20192307692307693 0.040865384615384616 0.028846153846153848
0 0.9122596153846154 0.2439903846153846 0.06009615384615385 0.036057692307692304
0 0.7235576923076923 0.14783653846153846 0.04326923076923077 0.03125
0 0.007211538461538462 0.5252403846153846 0.014423076923076924 0.05048076923076923
0 0.010817307692307692 0.5697115384615384 0.021634615384615384 0.038461538461538464
0 0.24879807692307693 0.984375 0.06009615384615385 0.03125
0 0.5216346153846154 0.8028846153846154 0.038461538461538464 0.028846153846153848
0 0.5817307692307693 0.8173076923076923 0.03365384615384615 0.028846153846153848
0 0.7824519230769231 0.9927884615384616 0.026442307692307692 0.014423076923076924