0 0.31971153846153844 0.38100961538461536 0.04326923076923077 0.05048076923076923
0 0.25961538461538464 0.38461538461538464 0.04326923076923077 0.04326923076923077
0 0.4014423076923077 0.390625 0.019230769230769232 0.016826923076923076
0 0.5552884615384616 0.484375 0.052884615384615384 0.04567307692307692
0 0.6418269230769231 0.5084134615384616 0.10576923076923077 0.09375
0 0.34615384615384615 0.5192307692307693 0.052884615384615384 0.038461538461538464
0 0.47596153846153844 0.5625 0.0625 0.03365384615384615
0 0.4723557692307692 0.5889423076923077 0.026442307692307692 0.019230769230769232
0 0.34975961538461536 0.6165865384615384 0.03125 0.026442307692307692
0 0.31971153846153844 0.6177884615384616 0.028846153846153848 0.028846153846153848
0 0.38461538461538464 0.6490384615384616 0.019230769230769232 0.019230769230769232
0 0.29086538461538464 0.6526442307692307 0.04326923076923077 0.036057692307692304
0 0.31850961538461536 0.6538461538461539 0.016826923076923076 0.019230769230769232
0 0.5372596153846154 0.6610576923076923 0.026442307692307692 0.03365384615384615
0 0.6538461538461539 0.6610576923076923 0.03365384615384615 0.02403846153846154
0 0.3425480769230769 0.6670673076923077 0.03125 0.021634615384615384
0 0.49278846153846156 0.7115384615384616 0.019230769230769232 0.019230769230769232
0 0.47596153846153844 0.7247596153846154 0.014423076923076924 0.016826923076923076
0 0.46875 0.25240384615384615 0.07211538461538461 0.0673076923076923
0 0.5084134615384616 0.296875 0.036057692307692304 0.03125
0 0.4699519230769231 0.016826923076923076 0.07451923076923077 0.03365384615384615