0 0.4831730769230769 0.5961538461538461 0.052884615384615384 0.052884615384615384
0 0.4362980769230769 0.6983173076923077 0.05048076923076923 0.036057692307692304
0 0.4074519230769231 0.7115384615384616 0.036057692307692304 0.02403846153846154
0 0.7836538461538461 0.22355769230769232 0.02403846153846154 0.02403846153846154
0 0.8677884615384616 0.23076923076923078 0.02403846153846154 0.02403846153846154
0 0.9110576923076923 0.2439903846153846 0.028846153846153848 0.021634615384615384
0 0.9411057692307693 0.2620192307692308 0.026442307692307692 0.028846153846153848
0 0.6814903846153846 0.3137019230769231 0.021634615384615384 0.021634615384615384
0 0.9146634615384616 0.3737980769230769 0.040865384615384616 0.040865384615384616
0 0.8449519230769231 0.5733173076923077 0.04567307692307692 0.04567307692307692
0 0.9158653846153846 0.17307692307692307 0.02403846153846154 0.02403846153846154
0 0.45913461538461536 0.8786057692307693 0.038461538461538464 0.036057692307692304
0 0.9014423076923077 0.7788461538461539 0.0625 0.019230769230769232
0 0.9759615384615384 0.8617788461538461 0.04807692307692308 0.06971153846153846