0 0.42788461538461536 0.08774038461538461 0.03365384615384615 0.021634615384615384
0 0.625 0.1971153846153846 0.04326923076923077 0.028846153846153848
0 0.5637019230769231 0.25240384615384615 0.03125 0.03365384615384615
0 0.6237980769230769 0.3389423076923077 0.03125 0.028846153846153848
0 0.19110576923076922 0.7319711538461539 0.06009615384615385 0.05048076923076923
0 0.9411057692307693 0.9146634615384616 0.06009615384615385 0.040865384615384616
0 0.9915865384615384 0.9375 0.016826923076923076 0.07211538461538461
0 0.7115384615384616 0.9723557692307693 0.08653846153846154 0.055288461538461536
0 0.7740384615384616 0.9867788461538461 0.057692307692307696 0.026442307692307692
0 0.6983173076923077 0.6442307692307693 0.06971153846153846 0.057692307692307696
0 0.9206730769230769 0.7199519230769231 0.057692307692307696 0.05048076923076923
0 0.6021634615384616 0.7752403846153846 0.06971153846153846 0.06490384615384616
0 0.7331730769230769 0.8149038461538461 0.04326923076923077 0.04326923076923077
0 0.671875 0.8329326923076923 0.05048076923076923 0.05048076923076923
0 0.7427884615384616 0.8605769230769231 0.052884615384615384 0.03365384615384615