0 0.7223557692307693 0.24879807692307693 0.06490384615384616 0.06490384615384616
0 0.9266826923076923 0.3401442307692308 0.09375 0.08413461538461539
0 0.6802884615384616 0.4026442307692308 0.07692307692307693 0.06490384615384616
0 0.9050480769230769 0.43028846153846156 0.06971153846153846 0.0625
0 0.8257211538461539 0.4326923076923077 0.07932692307692307 0.0625
0 0.8473557692307693 0.5048076923076923 0.055288461538461536 0.04807692307692308
0 0.734375 0.11298076923076923 0.055288461538461536 0.0625
0 0.06370192307692307 0.5841346153846154 0.07451923076923077 0.07211538461538461
0 0.41225961538461536 0.5901442307692307 0.036057692307692304 0.03125
0 0.12620192307692307 0.671875 0.040865384615384616 0.055288461538461536
0 0.19110576923076922 0.6947115384615384 0.04567307692307692 0.057692307692307696
0 0.44711538461538464 0.6959134615384616 0.04326923076923077 0.04567307692307692
0 0.2091346153846154 0.9194711538461539 0.04807692307692308 0.05048076923076923
0 0.36658653846153844 0.9314903846153846 0.036057692307692304 0.036057692307692304
0 0.13581730769230768 0.9387019230769231 0.040865384615384616 0.05048076923076923
0 0.8918269230769231 0.8846153846153846 0.038461538461538464 0.038461538461538464