0 0.16105769230769232 0.3125 0.07211538461538461 0.10096153846153846
0 0.42908653846153844 0.07091346153846154 0.055288461538461536 0.036057692307692304
0 0.6478365384615384 0.07211538461538461 0.0985576923076923 0.10576923076923077
0 0.7764423076923077 0.08413461538461539 0.04326923076923077 0.052884615384615384
0 0.7103365384615384 0.0889423076923077 0.055288461538461536 0.0625
0 0.9050480769230769 0.09735576923076923 0.05048076923076923 0.06009615384615385
0 0.8112980769230769 0.16947115384615385 0.06971153846153846 0.06009615384615385
0 0.49278846153846156 0.22115384615384615 0.07211538461538461 0.07211538461538461
0 0.9927884615384616 0.2824519230769231 0.014423076923076924 0.036057692307692304
0 0.6129807692307693 0.3401442307692308 0.09134615384615384 0.09375
0 0.6730769230769231 0.3485576923076923 0.0673076923076923 0.0625
0 0.22355769230769232 0.40625 0.04326923076923077 0.03365384615384615
0 0.3713942307692308 0.6033653846153846 0.03125 0.03365384615384615
0 0.23076923076923078 0.7548076923076923 0.04326923076923077 0.04807692307692308
0 0.013221153846153846 0.8461538461538461 0.026442307692307692 0.038461538461538464
0 0.5372596153846154 0.8112980769230769 0.12740384615384615 0.10817307692307693
0 0.7776442307692307 0.8629807692307693 0.07451923076923077 0.07211538461538461