0 0.3088942307692308 0.4254807692307692 0.040865384615384616 0.038461538461538464
0 0.22956730769230768 0.5576923076923077 0.040865384615384616 0.04326923076923077
0 0.828125 0.01201923076923077 0.016826923076923076 0.014423076923076924
0 0.9146634615384616 0.04447115384615385 0.021634615384615384 0.021634615384615384
0 0.7884615384615384 0.04567307692307692 0.02403846153846154 0.014423076923076924
0 0.8509615384615384 0.06129807692307692 0.028846153846153848 0.021634615384615384
0 0.7644230769230769 0.2692307692307692 0.014423076923076924 0.019230769230769232
0 0.7043269230769231 0.2692307692307692 0.02403846153846154 0.019230769230769232
0 0.7884615384615384 0.37259615384615385 0.028846153846153848 0.02403846153846154
0 0.765625 0.40024038461538464 0.026442307692307692 0.021634615384615384
0 0.8377403846153846 0.4026442307692308 0.021634615384615384 0.026442307692307692
0 0.7740384615384616 0.5120192307692307 0.028846153846153848 0.019230769230769232
0 0.007211538461538462 0.6454326923076923 0.014423076923076924 0.026442307692307692
0 0.04807692307692308 0.7451923076923077 0.028846153846153848 0.028846153846153848
0 0.1310096153846154 0.7944711538461539 0.026442307692307692 0.03125
0 0.04567307692307692 0.7992788461538461 0.028846153846153848 0.026442307692307692