0 0.25721153846153844 0.010817307692307692 0.019230769230769232 0.021634615384615384
0 0.3786057692307692 0.01201923076923077 0.026442307692307692 0.019230769230769232
0 0.15745192307692307 0.03125 0.016826923076923076 0.014423076923076924
0 0.2439903846153846 0.06370192307692307 0.021634615384615384 0.021634615384615384
0 0.11778846153846154 0.06490384615384616 0.02403846153846154 0.014423076923076924
0 0.18028846153846154 0.08052884615384616 0.028846153846153848 0.021634615384615384
0 0.09375 0.28846153846153844 0.014423076923076924 0.019230769230769232
0 0.03365384615384615 0.28846153846153844 0.02403846153846154 0.019230769230769232
0 0.11778846153846154 0.3918269230769231 0.028846153846153848 0.02403846153846154
0 0.09495192307692307 0.41947115384615385 0.026442307692307692 0.021634615384615384
0 0.16706730769230768 0.421875 0.021634615384615384 0.026442307692307692
0 0.10336538461538461 0.53125 0.028846153846153848 0.019230769230769232
0 0.0829326923076923 0.8930288461538461 0.04567307692307692 0.03125
0 0.037259615384615384 0.9122596153846154 0.05048076923076923 0.05048076923076923