0 0.2091346153846154 0.15504807692307693 0.03365384615384615 0.03125
0 0.8737980769230769 0.20673076923076922 0.036057692307692304 0.03365384615384615
0 0.06370192307692307 0.7139423076923077 0.06009615384615385 0.04326923076923077
0 0.010817307692307692 0.7391826923076923 0.021634615384615384 0.07451923076923077
0 0.29086538461538464 0.7764423076923077 0.08653846153846154 0.0625
0 0.2283653846153846 0.8088942307692307 0.057692307692307696 0.06971153846153846
0 0.014423076923076924 0.8533653846153846 0.028846153846153848 0.0673076923076923
0 0.21153846153846154 0.9591346153846154 0.08653846153846154 0.08173076923076923
0 0.02403846153846154 0.984375 0.04807692307692308 0.03125
0 0.30649038461538464 0.44350961538461536 0.06971153846153846 0.06009615384615385
0 0.08173076923076923 0.5192307692307693 0.057692307692307696 0.052884615384615384
0 0.4026442307692308 0.5745192307692307 0.06971153846153846 0.0673076923076923
0 0.2692307692307692 0.6165865384615384 0.04326923076923077 0.04567307692307692
0 0.3329326923076923 0.6322115384615384 0.05048076923076923 0.052884615384615384
0 0.25961538461538464 0.6622596153846154 0.052884615384615384 0.036057692307692304
0 0.8461538461538461 0.765625 0.057692307692307696 0.04567307692307692
0 0.984375 0.8209134615384616 0.03125 0.040865384615384616
0 0.7391826923076923 0.9074519230769231 0.040865384615384616 0.036057692307692304
0 0.8762019230769231 0.9747596153846154 0.040865384615384616 0.040865384615384616