0 0.30528846153846156 0.2608173076923077 0.019230769230769232 0.021634615384615384
0 0.6334134615384616 0.30649038461538464 0.04567307692307692 0.05048076923076923
0 0.6502403846153846 0.34615384615384615 0.021634615384615384 0.028846153846153848
0 0.5084134615384616 0.3485576923076923 0.03125 0.03365384615384615
0 0.6081730769230769 0.3545673076923077 0.019230769230769232 0.026442307692307692
0 0.5709134615384616 0.38341346153846156 0.03125 0.026442307692307692
0 0.6165865384615384 0.38341346153846156 0.026442307692307692 0.021634615384615384
0 0.5504807692307693 0.4326923076923077 0.028846153846153848 0.02403846153846154
0 0.5348557692307693 0.45913461538461536 0.03125 0.02403846153846154
0 0.5228365384615384 0.47716346153846156 0.026442307692307692 0.021634615384615384
0 0.5625 0.5036057692307693 0.028846153846153848 0.026442307692307692
0 0.5829326923076923 0.5252403846153846 0.026442307692307692 0.021634615384615384
0 0.24759615384615385 0.53125 0.028846153846153848 0.03365384615384615
0 0.5444711538461539 0.5637019230769231 0.03125 0.01201923076923077
0 0.9423076923076923 0.453125 0.038461538461538464 0.040865384615384616
0 0.8557692307692307 0.4699519230769231 0.0625 0.06971153846153846
0 0.31850961538461536 0.7716346153846154 0.05048076923076923 0.038461538461538464
0 0.30649038461538464 0.8353365384615384 0.040865384615384616 0.03125
0 0.9915865384615384 0.9855769230769231 0.016826923076923076 0.028846153846153848
0 0.8016826923076923 0.6057692307692307 0.040865384615384616 0.03365384615384615