0 0.171875 0.921875 0.05048076923076923 0.03125
0 0.08774038461538461 0.9242788461538461 0.04567307692307692 0.03125
0 0.1658653846153846 0.9579326923076923 0.052884615384615384 0.040865384615384616
0 0.36177884615384615 0.9891826923076923 0.040865384615384616 0.021634615384615384
0 0.1045673076923077 0.9879807692307693 0.036057692307692304 0.02403846153846154
0 0.054086538461538464 0.6838942307692307 0.03125 0.040865384615384616
0 0.11658653846153846 0.6935096153846154 0.04567307692307692 0.03125
0 0.3173076923076923 0.7151442307692307 0.03365384615384615 0.03125
0 0.16105769230769232 0.7608173076923077 0.052884615384615384 0.03125
0 0.11298076923076923 0.765625 0.04326923076923077 0.036057692307692304
0 0.15985576923076922 0.8004807692307693 0.06009615384615385 0.04326923076923077
0 0.43149038461538464 0.8149038461538461 0.036057692307692304 0.03365384615384615
0 0.27403846153846156 0.8401442307692307 0.052884615384615384 0.05048076923076923
0 0.054086538461538464 0.5588942307692307 0.03125 0.040865384615384616
0 0.11658653846153846 0.5492788461538461 0.04567307692307692 0.03125
0 0.3173076923076923 0.5360576923076923 0.03365384615384615 0.014423076923076924