0 0.027644230769230768 0.28846153846153844 0.055288461538461536 0.0625
0 0.06129807692307692 0.078125 0.07451923076923077 0.08413461538461539
0 0.008413461538461538 0.08413461538461539 0.016826923076923076 0.052884615384615384
0 0.019230769230769232 0.17067307692307693 0.038461538461538464 0.03365384615384615
0 0.06129807692307692 0.009615384615384616 0.07451923076923077 0.019230769230769232
0 0.9627403846153846 0.19230769230769232 0.06490384615384616 0.04807692307692308
0 0.8629807692307693 0.19471153846153846 0.04326923076923077 0.038461538461538464
0 0.6490384615384616 0.30528846153846156 0.04326923076923077 0.028846153846153848
0 0.8497596153846154 0.31971153846153844 0.04567307692307692 0.019230769230769232
0 0.9206730769230769 0.32572115384615385 0.03365384615384615 0.007211538461538462
0 0.5480769230769231 0.6971153846153846 0.028846153846153848 0.038461538461538464
0 0.5997596153846154 0.7800480769230769 0.021634615384615384 0.026442307692307692
0 0.7139423076923077 0.5997596153846154 0.038461538461538464 0.040865384615384616