0 0.11538461538461539 0.5252403846153846 0.019230769230769232 0.021634615384615384
0 0.9483173076923077 0.2860576923076923 0.06009615384615385 0.0625
0 0.6370192307692307 0.3641826923076923 0.08653846153846154 0.06009615384615385
0 0.7415865384615384 0.45072115384615385 0.0985576923076923 0.06009615384615385
0 0.9555288461538461 0.5793269230769231 0.06009615384615385 0.038461538461538464
0 0.6021634615384616 0.5805288461538461 0.06009615384615385 0.036057692307692304
0 0.5877403846153846 0.7199519230769231 0.06009615384615385 0.06009615384615385
0 0.8353365384615384 0.7980769230769231 0.06009615384615385 0.0625
0 0.5552884615384616 0.8004807692307693 0.03365384615384615 0.04326923076923077
0 0.7283653846153846 0.6274038461538461 0.0673076923076923 0.057692307692307696
0 0.7223557692307693 0.6274038461538461 0.04567307692307692 0.04326923076923077