0 0.19471153846153846 0.008413461538461538 0.04807692307692308 0.016826923076923076
0 0.1466346153846154 0.01201923076923077 0.052884615384615384 0.02403846153846154
0 0.17427884615384615 0.06009615384615385 0.04567307692307692 0.038461538461538464
0 0.140625 0.06370192307692307 0.04567307692307692 0.04567307692307692
0 0.0829326923076923 0.09134615384615384 0.04567307692307692 0.04326923076923077
0 0.24278846153846154 0.11177884615384616 0.09134615384615384 0.08413461538461539
0 0.19110576923076922 0.15384615384615385 0.055288461538461536 0.0673076923076923
0 0.2608173076923077 0.22235576923076922 0.040865384615384616 0.040865384615384616
0 0.24759615384615385 0.2644230769230769 0.052884615384615384 0.04326923076923077
0 0.04567307692307692 0.328125 0.09134615384615384 0.11778846153846154
0 0.11298076923076923 0.41466346153846156 0.09134615384615384 0.07932692307692307
0 0.018028846153846152 0.41586538461538464 0.036057692307692304 0.04326923076923077
0 0.12740384615384615 0.5516826923076923 0.057692307692307696 0.04567307692307692
0 0.8076923076923077 0.13701923076923078 0.03365384615384615 0.03365384615384615
0 0.7295673076923077 0.34975961538461536 0.036057692307692304 0.03125
0 0.6430288461538461 0.47836538461538464 0.036057692307692304 0.028846153846153848