0 0.5252403846153846 0.4050480769230769 0.036057692307692304 0.03125
0 0.47716346153846156 0.40625 0.026442307692307692 0.028846153846153848
0 0.5600961538461539 0.40625 0.04326923076923077 0.028846153846153848
0 0.5649038461538461 0.44591346153846156 0.04807692307692308 0.040865384615384616
0 0.6778846153846154 0.44591346153846156 0.04326923076923077 0.04567307692307692
0 0.6394230769230769 0.4723557692307692 0.04326923076923077 0.03125
0 0.7536057692307693 0.47475961538461536 0.055288461538461536 0.036057692307692304
0 0.6802884615384616 0.4855769230769231 0.038461538461538464 0.028846153846153848
0 0.59375 0.5 0.038461538461538464 0.02403846153846154
0 0.6201923076923077 0.5264423076923077 0.03365384615384615 0.03365384615384615
0 0.45552884615384615 0.5276442307692307 0.036057692307692304 0.03125
0 0.5516826923076923 0.5372596153846154 0.04567307692307692 0.036057692307692304
0 0.6358173076923077 0.20552884615384615 0.040865384615384616 0.036057692307692304
0 0.6610576923076923 0.28846153846153844 0.038461538461538464 0.04326923076923077
0 0.609375 0.35096153846153844 0.040865384615384616 0.057692307692307696
0 0.6358173076923077 0.046875 0.040865384615384616 0.036057692307692304