0 0.7211538461538461 0.22716346153846154 0.04326923076923077 0.04567307692307692
0 0.26802884615384615 0.8918269230769231 0.021634615384615384 0.028846153846153848
0 0.24158653846153846 0.9519230769230769 0.03125 0.04326923076923077
0 0.9423076923076923 0.5793269230769231 0.03365384615384615 0.03365384615384615
0 0.9639423076923077 0.5961538461538461 0.028846153846153848 0.03365384615384615
0 0.9026442307692307 0.6057692307692307 0.03125 0.028846153846153848
0 0.9603365384615384 0.6310096153846154 0.040865384615384616 0.026442307692307692
0 0.8822115384615384 0.6346153846153846 0.03365384615384615 0.028846153846153848
0 0.9242788461538461 0.6394230769230769 0.036057692307692304 0.03365384615384615
0 0.6286057692307693 0.7608173076923077 0.03125 0.036057692307692304
0 0.9459134615384616 0.8329326923076923 0.040865384615384616 0.03125
0 0.8185096153846154 0.8413461538461539 0.05048076923076923 0.04326923076923077
0 0.9795673076923077 0.8617788461538461 0.036057692307692304 0.036057692307692304
0 0.7451923076923077 0.8966346153846154 0.03365384615384615 0.04326923076923077
0 0.7512019230769231 0.9711538461538461 0.040865384615384616 0.038461538461538464
0 0.8834134615384616 0.4723557692307692 0.04567307692307692 0.040865384615384616