0 0.039663461538461536 0.030048076923076924 0.04567307692307692 0.04567307692307692
0 0.03365384615384615 0.4375 0.04326923076923077 0.038461538461538464
0 0.03485576923076923 0.5300480769230769 0.04567307692307692 0.04567307692307692
0 0.9254807692307693 0.18509615384615385 0.08173076923076923 0.11538461538461539
0 0.9411057692307693 0.3918269230769231 0.03125 0.038461538461538464
0 0.6358173076923077 0.46875 0.036057692307692304 0.038461538461538464
0 0.7259615384615384 0.5913461538461539 0.038461538461538464 0.038461538461538464
0 0.5084134615384616 0.7548076923076923 0.021634615384615384 0.0625
0 0.25961538461538464 0.9086538461538461 0.038461538461538464 0.04326923076923077
0 0.24158653846153846 0.9675480769230769 0.036057692307692304 0.04567307692307692
0 0.2704326923076923 0.9711538461538461 0.036057692307692304 0.028846153846153848
0 0.6358173076923077 0.6923076923076923 0.036057692307692304 0.038461538461538464
0 0.6225961538461539 0.9110576923076923 0.04326923076923077 0.038461538461538464
0 0.546875 0.9435096153846154 0.03125 0.026442307692307692