0 0.5444711538461539 0.0733173076923077 0.04567307692307692 0.04567307692307692
0 0.8689903846153846 0.08413461538461539 0.040865384615384616 0.04807692307692308
0 0.7512019230769231 0.11177884615384616 0.040865384615384616 0.040865384615384616
0 0.6887019230769231 0.16947115384615385 0.04567307692307692 0.06009615384615385
0 0.1971153846153846 0.6802884615384616 0.04807692307692308 0.03365384615384615
0 0.31850961538461536 0.7151442307692307 0.040865384615384616 0.036057692307692304
0 0.3016826923076923 0.8257211538461539 0.036057692307692304 0.03125
0 0.08533653846153846 0.8882211538461539 0.06009615384615385 0.05048076923076923
0 0.8016826923076923 0.515625 0.06009615384615385 0.040865384615384616
0 0.8665865384615384 0.5384615384615384 0.04567307692307692 0.07211538461538461
0 0.5721153846153846 0.5757211538461539 0.08653846153846154 0.06009615384615385
0 0.6346153846153846 0.6081730769230769 0.057692307692307696 0.0673076923076923
0 0.8629807692307693 0.6526442307692307 0.057692307692307696 0.06490384615384616
0 0.6514423076923077 0.7632211538461539 0.08653846153846154 0.0889423076923077
0 0.84375 0.7944711538461539 0.057692307692307696 0.05048076923076923
0 0.59375 0.41586538461538464 0.04326923076923077 0.04326923076923077
0 0.5324519230769231 0.4338942307692308 0.05048076923076923 0.05048076923076923
0 0.6033653846153846 0.46153846153846156 0.052884615384615384 0.03365384615384615
0 0.8449519230769231 0.9915865384615384 0.06009615384615385 0.016826923076923076