0 0.39663461538461536 0.03365384615384615 0.04326923076923077 0.04326923076923077
0 0.4338942307692308 0.16466346153846154 0.04567307692307692 0.04567307692307692
0 0.4639423076923077 0.2512019230769231 0.04326923076923077 0.040865384615384616
0 0.6574519230769231 0.2608173076923077 0.026442307692307692 0.026442307692307692
0 0.5865384615384616 0.2692307692307692 0.03365384615384615 0.02403846153846154
0 0.5901442307692307 0.4855769230769231 0.040865384615384616 0.03365384615384615
0 0.25841346153846156 0.7199519230769231 0.040865384615384616 0.04567307692307692
0 0.38100961538461536 0.7596153846153846 0.036057692307692304 0.03365384615384615
0 0.16346153846153846 0.8137019230769231 0.04326923076923077 0.04567307692307692
0 0.5420673076923077 0.8545673076923077 0.03125 0.03125
0 0.09375 0.8617788461538461 0.038461538461538464 0.026442307692307692
0 0.5324519230769231 0.9026442307692307 0.040865384615384616 0.03125
0 0.09254807692307693 0.9074519230769231 0.040865384615384616 0.026442307692307692
0 0.06370192307692307 0.9951923076923077 0.05048076923076923 0.009615384615384616
0 0.9711538461538461 0.5348557692307693 0.04326923076923077 0.03125