0 0.7487980769230769 0.016826923076923076 0.055288461538461536 0.03365384615384615
0 0.6899038461538461 0.020432692307692308 0.057692307692307696 0.040865384615384616
0 0.8545673076923077 0.02403846153846154 0.08413461538461539 0.04807692307692308
0 0.7884615384615384 0.036057692307692304 0.0625 0.052884615384615384
0 0.65625 0.05048076923076923 0.04326923076923077 0.04326923076923077
0 0.8425480769230769 0.07211538461538461 0.036057692307692304 0.04326923076923077
0 0.890625 0.07211538461538461 0.06009615384615385 0.052884615384615384
0 0.8641826923076923 0.13221153846153846 0.06490384615384616 0.057692307692307696
0 0.7980769230769231 0.14903846153846154 0.0673076923076923 0.057692307692307696
0 0.6586538461538461 0.15985576923076922 0.04807692307692308 0.06490384615384616
0 0.8269230769230769 0.20432692307692307 0.057692307692307696 0.057692307692307696
0 0.7536057692307693 0.22596153846153846 0.08413461538461539 0.052884615384615384
0 0.9951923076923077 0.31850961538461536 0.009615384615384616 0.036057692307692304
0 0.8762019230769231 0.3293269230769231 0.05048076923076923 0.0673076923076923
0 0.953125 0.375 0.06009615384615385 0.04807692307692308
0 0.36658653846153844 0.7391826923076923 0.07451923076923077 0.11298076923076923
0 0.3293269230769231 0.47716346153846156 0.057692307692307696 0.05048076923076923
0 0.2247596153846154 0.5240384615384616 0.06009615384615385 0.038461538461538464
0 0.25 0.5673076923076923 0.0625 0.052884615384615384
0 0.6394230769230769 0.6778846153846154 0.019230769230769232 0.019230769230769232
0 0.6899038461538461 0.8100961538461539 0.02403846153846154 0.02403846153846154
0 0.7379807692307693 0.8317307692307693 0.02403846153846154 0.02403846153846154
0 0.5540865384615384 0.8653846153846154 0.026442307692307692 0.02403846153846154