0 0.5276442307692307 0.030048076923076924 0.036057692307692304 0.03125
0 0.4891826923076923 0.5540865384615384 0.036057692307692304 0.007211538461538462
0 0.5961538461538461 0.7884615384615384 0.019230769230769232 0.014423076923076924
0 0.6009615384615384 0.8064903846153846 0.014423076923076924 0.021634615384615384
0 0.5600961538461539 0.828125 0.02403846153846154 0.021634615384615384
0 0.47716346153846156 0.8461538461538461 0.026442307692307692 0.03365384615384615
0 0.5709134615384616 0.8581730769230769 0.026442307692307692 0.019230769230769232
0 0.6802884615384616 0.8112980769230769 0.028846153846153848 0.04567307692307692
0 0.7283653846153846 0.8305288461538461 0.03365384615384615 0.036057692307692304
0 0.671875 0.8509615384615384 0.040865384615384616 0.04326923076923077
0 0.7920673076923077 0.8545673076923077 0.04567307692307692 0.036057692307692304
0 0.7043269230769231 0.9399038461538461 0.04807692307692308 0.04807692307692308