0 0.4098557692307692 0.054086538461538464 0.021634615384615384 0.021634615384615384
0 0.28966346153846156 0.07932692307692307 0.021634615384615384 0.019230769230769232
0 0.32211538461538464 0.09014423076923077 0.02403846153846154 0.016826923076923076
0 0.3449519230769231 0.13581730769230768 0.036057692307692304 0.036057692307692304
0 0.23677884615384615 0.18389423076923078 0.016826923076923076 0.021634615384615384
0 0.13942307692307693 0.3173076923076923 0.019230769230769232 0.019230769230769232
0 0.30649038461538464 0.5300480769230769 0.016826923076923076 0.016826923076923076
0 0.5841346153846154 0.5564903846153846 0.019230769230769232 0.021634615384615384
0 0.41466346153846156 0.5721153846153846 0.026442307692307692 0.014423076923076924
0 0.5204326923076923 0.6466346153846154 0.24759615384615385 0.1346153846153846
0 0.2956730769230769 0.6322115384615384 0.19230769230769232 0.09615384615384616
0 0.3016826923076923 0.71875 0.1658653846153846 0.09134615384615384
0 0.9675480769230769 0.5829326923076923 0.040865384615384616 0.007211538461538462