0 0.11057692307692307 0.14543269230769232 0.028846153846153848 0.021634615384615384
0 0.609375 0.02283653846153846 0.07932692307692307 0.04567307692307692
0 0.6213942307692307 0.07692307692307693 0.09375 0.08653846153846154
0 0.3137019230769231 0.9254807692307693 0.036057692307692304 0.057692307692307696
0 0.5528846153846154 0.4651442307692308 0.03365384615384615 0.06009615384615385
0 0.4567307692307692 0.4795673076923077 0.057692307692307696 0.07451923076923077
0 0.5480769230769231 0.5168269230769231 0.04326923076923077 0.038461538461538464
0 0.5492788461538461 0.6358173076923077 0.040865384615384616 0.06009615384615385
0 0.5829326923076923 0.6682692307692307 0.026442307692307692 0.052884615384615384
0 0.7235576923076923 0.6754807692307693 0.04807692307692308 0.04326923076923077
0 0.6490384615384616 0.7680288461538461 0.052884615384615384 0.06009615384615385
0 0.7067307692307693 0.7800480769230769 0.0625 0.08413461538461539
0 0.5889423076923077 0.7944711538461539 0.038461538461538464 0.06490384615384616
0 0.5853365384615384 0.4723557692307692 0.03125 0.036057692307692304