0 0.5528846153846154 0.25 0.038461538461538464 0.038461538461538464
0 0.375 0.28966346153846156 0.052884615384615384 0.04567307692307692
0 0.5685096153846154 0.5480769230769231 0.03125 0.038461538461538464
0 0.10576923076923077 0.6382211538461539 0.038461538461538464 0.05048076923076923
0 0.12980769230769232 0.6622596153846154 0.038461538461538464 0.036057692307692304
0 0.4206730769230769 0.6682692307692307 0.038461538461538464 0.03365384615384615
0 0.4699519230769231 0.7463942307692307 0.04567307692307692 0.05048076923076923
0 0.4483173076923077 0.8269230769230769 0.03125 0.03365384615384615
0 0.28725961538461536 0.8353365384615384 0.036057692307692304 0.021634615384615384
0 0.48197115384615385 0.11177884615384616 0.05048076923076923 0.06490384615384616
0 0.3449519230769231 0.20552884615384615 0.06971153846153846 0.06971153846153846
0 0.5168269230769231 0.20552884615384615 0.052884615384615384 0.040865384615384616
0 0.44350961538461536 0.20673076923076922 0.04567307692307692 0.038461538461538464
0 0.39783653846153844 0.23557692307692307 0.04567307692307692 0.04326923076923077