0 0.3137019230769231 0.04567307692307692 0.04567307692307692 0.04326923076923077
0 0.28725961538461536 0.06971153846153846 0.055288461538461536 0.028846153846153848
0 0.19110576923076922 0.12379807692307693 0.03125 0.036057692307692304
0 0.18509615384615385 0.15384615384615385 0.038461538461538464 0.03365384615384615
0 0.19110576923076922 0.35216346153846156 0.03125 0.01201923076923077
0 0.18509615384615385 0.3317307692307692 0.038461538461538464 0.03365384615384615
0 0.054086538461538464 0.6802884615384616 0.06971153846153846 0.057692307692307696
0 0.2403846153846154 0.8653846153846154 0.04326923076923077 0.03365384615384615
0 0.7884615384615384 0.7704326923076923 0.04807692307692308 0.040865384615384616
0 0.8497596153846154 0.7788461538461539 0.036057692307692304 0.03365384615384615
0 0.8641826923076923 0.8185096153846154 0.036057692307692304 0.026442307692307692