0 0.49278846153846156 0.02403846153846154 0.04326923076923077 0.038461538461538464
0 0.4170673076923077 0.22355769230769232 0.036057692307692304 0.04326923076923077
0 0.6454326923076923 0.19471153846153846 0.055288461538461536 0.052884615384615384
0 0.9362980769230769 0.23076923076923078 0.07451923076923077 0.057692307692307696
0 0.9915865384615384 0.2644230769230769 0.016826923076923076 0.04326923076923077
0 0.7307692307692307 0.3545673076923077 0.07211538461538461 0.05048076923076923
0 0.7644230769230769 0.014423076923076924 0.04807692307692308 0.028846153846153848
0 0.5973557692307693 0.7872596153846154 0.040865384615384616 0.040865384615384616
0 0.5925480769230769 0.8197115384615384 0.03125 0.03365384615384615
0 0.1658653846153846 0.90625 0.03365384615384615 0.03365384615384615
0 0.4651442307692308 0.9495192307692307 0.036057692307692304 0.03365384615384615
0 0.6021634615384616 0.9759615384615384 0.021634615384615384 0.02403846153846154
0 0.5661057692307693 0.9795673076923077 0.036057692307692304 0.040865384615384616
0 0.8509615384615384 0.5 0.038461538461538464 0.038461538461538464
0 0.8617788461538461 0.8605769230769231 0.021634615384615384 0.02403846153846154
0 0.8100961538461539 0.8629807692307693 0.02403846153846154 0.02403846153846154
0 0.984375 0.9110576923076923 0.021634615384615384 0.02403846153846154