0 0.004807692307692308 0.21394230769230768 0.009615384615384616 0.038461538461538464
0 0.1346153846153846 0.2439903846153846 0.04807692307692308 0.040865384615384616
0 0.027644230769230768 0.29447115384615385 0.040865384615384616 0.04567307692307692
0 0.14903846153846154 0.35697115384615385 0.0673076923076923 0.04567307692307692
0 0.025240384615384616 0.3713942307692308 0.04567307692307692 0.055288461538461536
0 0.3629807692307692 0.38822115384615385 0.0673076923076923 0.05048076923076923
0 0.25 0.5564903846153846 0.08173076923076923 0.08413461538461539
0 0.7668269230769231 0.16105769230769232 0.028846153846153848 0.02403846153846154
0 0.7247596153846154 0.47475961538461536 0.07451923076923077 0.055288461538461536
0 0.8161057692307693 0.06850961538461539 0.03125 0.03125
0 0.7247596153846154 0.5661057692307693 0.07451923076923077 0.055288461538461536
0 0.5108173076923077 0.6730769230769231 0.040865384615384616 0.04326923076923077
0 0.8834134615384616 0.859375 0.04567307692307692 0.04567307692307692