0 0.2704326923076923 0.23076923076923078 0.04567307692307692 0.052884615384615384
0 0.09735576923076923 0.47475961538461536 0.03125 0.03125
0 0.08533653846153846 0.5048076923076923 0.026442307692307692 0.028846153846153848
0 0.1201923076923077 0.5228365384615384 0.019230769230769232 0.03125
0 0.11899038461538461 0.5865384615384616 0.03125 0.02403846153846154
0 0.3701923076923077 0.4891826923076923 0.02403846153846154 0.03125
0 0.47596153846153844 0.08173076923076923 0.057692307692307696 0.04807692307692308
0 0.5612980769230769 0.15745192307692307 0.04567307692307692 0.04567307692307692
0 0.21153846153846154 0.8365384615384616 0.057692307692307696 0.04326923076923077
0 0.025240384615384616 0.8389423076923077 0.03125 0.03365384615384615
0 0.9795673076923077 0.9483173076923077 0.040865384615384616 0.040865384615384616
0 0.6225961538461539 0.9927884615384616 0.0625 0.014423076923076924