0 0.359375 0.03245192307692308 0.06009615384615385 0.055288461538461536
0 0.4170673076923077 0.09735576923076923 0.021634615384615384 0.055288461538461536
0 0.4206730769230769 0.45913461538461536 0.014423076923076924 0.038461538461538464
0 0.4483173076923077 0.06971153846153846 0.040865384615384616 0.04326923076923077
0 0.5204326923076923 0.13341346153846154 0.036057692307692304 0.026442307692307692
0 0.44711538461538464 0.14903846153846154 0.038461538461538464 0.038461538461538464
0 0.6526442307692307 0.15625 0.05048076923076923 0.038461538461538464
0 0.6045673076923077 0.1658653846153846 0.03125 0.028846153846153848
0 0.5168269230769231 0.23677884615384615 0.04807692307692308 0.040865384615384616
0 0.6454326923076923 0.24639423076923078 0.03125 0.026442307692307692
0 0.5745192307692307 0.2512019230769231 0.03365384615384615 0.036057692307692304
0 0.5661057692307693 0.32572115384615385 0.04567307692307692 0.040865384615384616
0 0.6670673076923077 0.42788461538461536 0.03125 0.028846153846153848
0 0.4795673076923077 0.7836538461538461 0.05048076923076923 0.04326923076923077
0 0.6069711538461539 0.9375 0.07932692307692307 0.0673076923076923