0 0.359375 0.296875 0.03125 0.026442307692307692
0 0.3389423076923077 0.31009615384615385 0.038461538461538464 0.03365384615384615
0 0.3137019230769231 0.36658653846153844 0.09375 0.08413461538461539
0 0.25721153846153844 0.4723557692307692 0.038461538461538464 0.03125
0 0.3737980769230769 0.5048076923076923 0.040865384615384616 0.03365384615384615
0 0.31850961538461536 0.5384615384615384 0.040865384615384616 0.019230769230769232
0 0.4254807692307692 0.27524038461538464 0.028846153846153848 0.03125
0 0.390625 0.7776442307692307 0.04567307692307692 0.036057692307692304
0 0.14543269230769232 0.7836538461538461 0.021634615384615384 0.03365384615384615
0 0.20552884615384615 0.7932692307692307 0.040865384615384616 0.03365384615384615
0 0.25841346153846156 0.7932692307692307 0.03125 0.03365384615384615
0 0.21514423076923078 0.5973557692307693 0.04567307692307692 0.05048076923076923
0 0.22355769230769232 0.6430288461538461 0.028846153846153848 0.03125
0 0.28966346153846156 0.6742788461538461 0.06009615384615385 0.05048076923076923
0 0.6213942307692307 0.8377403846153846 0.03125 0.021634615384615384