0 0.6274038461538461 0.1502403846153846 0.057692307692307696 0.07932692307692307
0 0.9326923076923077 0.22235576923076922 0.08653846153846154 0.07932692307692307
0 0.8353365384615384 0.2247596153846154 0.07451923076923077 0.07932692307692307
0 0.6382211538461539 0.22716346153846154 0.07932692307692307 0.06009615384615385
0 0.7860576923076923 0.49278846153846156 0.052884615384615384 0.057692307692307696
0 0.9471153846153846 0.5264423076923077 0.0673076923076923 0.04326923076923077
0 0.5576923076923077 0.9639423076923077 0.04326923076923077 0.028846153846153848
0 0.4651442307692308 0.96875 0.040865384615384616 0.04326923076923077
0 0.31850961538461536 0.59375 0.05048076923076923 0.04326923076923077
0 0.1658653846153846 0.6887019230769231 0.03365384615384615 0.03125
0 0.9915865384615384 0.8305288461538461 0.016826923076923076 0.04567307692307692
0 0.9026442307692307 0.8894230769230769 0.06971153846153846 0.04326923076923077
0 0.9026442307692307 0.9423076923076923 0.04567307692307692 0.04326923076923077