0 0.8149038461538461 0.14903846153846154 0.04807692307692308 0.052884615384615384
0 0.5036057692307693 0.15745192307692307 0.04567307692307692 0.04567307692307692
0 0.4206730769230769 0.15865384615384615 0.052884615384615384 0.057692307692307696
0 0.7079326923076923 0.1814903846153846 0.040865384615384616 0.04567307692307692
0 0.7524038461538461 0.19591346153846154 0.03365384615384615 0.040865384615384616
0 0.9735576923076923 0.25 0.052884615384615384 0.052884615384615384
0 0.9122596153846154 0.2980769230769231 0.06490384615384616 0.057692307692307696
0 0.5865384615384616 0.31009615384615385 0.04807692307692308 0.057692307692307696
0 0.5300480769230769 0.3870192307692308 0.040865384615384616 0.04807692307692308
0 0.8401442307692307 0.010817307692307692 0.06490384615384616 0.021634615384615384
0 0.6129807692307693 0.04447115384615385 0.04807692307692308 0.040865384615384616
0 0.5 0.04326923076923077 0.07211538461538461 0.07211538461538461
0 0.8185096153846154 0.08774038461538461 0.04567307692307692 0.04567307692307692
0 0.5961538461538461 0.09134615384615384 0.038461538461538464 0.03365384615384615
0 0.7572115384615384 0.11298076923076923 0.057692307692307696 0.04807692307692308
0 0.5288461538461539 0.5793269230769231 0.04326923076923077 0.019230769230769232