0 0.44591346153846156 0.9254807692307693 0.055288461538461536 0.052884615384615384
0 0.15264423076923078 0.9555288461538461 0.055288461538461536 0.04567307692307692
0 0.07692307692307693 0.9867788461538461 0.057692307692307696 0.026442307692307692
0 0.046875 0.5913461538461539 0.06490384615384616 0.04807692307692308
0 0.1622596153846154 0.6262019230769231 0.0889423076923077 0.06971153846153846
0 0.17067307692307693 0.6899038461538461 0.057692307692307696 0.057692307692307696
0 0.4951923076923077 0.7115384615384616 0.0625 0.052884615384615384
0 0.3245192307692308 0.7271634615384616 0.04807692307692308 0.06490384615384616
0 0.046875 0.47596153846153844 0.06490384615384616 0.04807692307692308
0 0.16105769230769232 0.44350961538461536 0.09134615384615384 0.06971153846153846
0 0.9783653846153846 0.7716346153846154 0.04326923076923077 0.057692307692307696
0 0.8786057692307693 0.8413461538461539 0.055288461538461536 0.0625
0 0.7704326923076923 0.8798076923076923 0.04567307692307692 0.04326923076923077
0 0.7944711538461539 0.8810096153846154 0.03125 0.036057692307692304
0 0.8293269230769231 0.8966346153846154 0.03365384615384615 0.038461538461538464
0 0.9519230769230769 0.5384615384615384 0.057692307692307696 0.057692307692307696
0 0.8822115384615384 0.5456730769230769 0.052884615384615384 0.04326923076923077
0 0.9122596153846154 0.5769230769230769 0.036057692307692304 0.038461538461538464