0 0.6201923076923077 0.26802884615384615 0.03365384615384615 0.036057692307692304
0 0.9759615384615384 0.08533653846153846 0.038461538461538464 0.040865384615384616
0 0.01201923076923077 0.6538461538461539 0.02403846153846154 0.03365384615384615
0 0.19471153846153846 0.6622596153846154 0.03365384615384615 0.03125
0 0.15384615384615385 0.7103365384615384 0.0625 0.040865384615384616
0 0.078125 0.7716346153846154 0.06971153846153846 0.057692307692307696
0 0.11899038461538461 0.8209134615384616 0.08413461538461539 0.06490384615384616
0 0.036057692307692304 0.5564903846153846 0.057692307692307696 0.026442307692307692
0 0.10817307692307693 0.5757211538461539 0.052884615384615384 0.06009615384615385
0 0.1045673076923077 0.5841346153846154 0.05048076923076923 0.03365384615384615
0 0.003605769230769231 0.5997596153846154 0.007211538461538462 0.055288461538461536
0 0.12740384615384615 0.625 0.0625 0.03365384615384615
0 0.037259615384615384 0.6358173076923077 0.036057692307692304 0.03125
0 0.7463942307692307 0.9879807692307693 0.06490384615384616 0.02403846153846154