0 0.7139423076923077 0.23557692307692307 0.0673076923076923 0.04807692307692308
0 0.47596153846153844 0.07451923076923077 0.038461538461538464 0.04326923076923077
0 0.3425480769230769 0.36899038461538464 0.04567307692307692 0.040865384615384616
0 0.39663461538461536 0.45072115384615385 0.057692307692307696 0.055288461538461536
0 0.4254807692307692 0.5360576923076923 0.028846153846153848 0.04326923076923077
0 0.4338942307692308 0.6274038461538461 0.01201923076923077 0.052884615384615384
0 0.19951923076923078 0.7091346153846154 0.04326923076923077 0.04326923076923077
0 0.3293269230769231 0.7115384615384616 0.04807692307692308 0.04326923076923077
0 0.42788461538461536 0.7163461538461539 0.02403846153846154 0.038461538461538464
0 0.40625 0.7536057692307693 0.038461538461538464 0.055288461538461536
0 0.3137019230769231 0.765625 0.05048076923076923 0.04567307692307692
0 0.35216346153846156 0.7860576923076923 0.04567307692307692 0.052884615384615384