0 0.6658653846153846 0.30408653846153844 0.04326923076923077 0.026442307692307692
0 0.6382211538461539 0.3269230769230769 0.03125 0.028846153846153848
0 0.7295673076923077 0.3605769230769231 0.040865384615384616 0.028846153846153848
0 0.7572115384615384 0.5276442307692307 0.04807692307692308 0.04567307692307692
0 0.6117788461538461 0.578125 0.036057692307692304 0.036057692307692304
0 0.6610576923076923 0.6165865384615384 0.038461538461538464 0.040865384615384616
0 0.7007211538461539 0.6370192307692307 0.036057692307692304 0.038461538461538464
0 0.5841346153846154 0.6430288461538461 0.04326923076923077 0.040865384615384616
0 0.6598557692307693 0.6766826923076923 0.036057692307692304 0.036057692307692304
0 0.5168269230769231 0.6838942307692307 0.03365384615384615 0.03125
0 0.6875 0.6911057692307693 0.03365384615384615 0.03125