0 0.09495192307692307 0.27524038461538464 0.026442307692307692 0.026442307692307692
0 0.16706730769230768 0.390625 0.03125 0.036057692307692304
0 0.7824519230769231 0.038461538461538464 0.03125 0.019230769230769232
0 0.6310096153846154 0.13221153846153846 0.026442307692307692 0.028846153846153848
0 0.7019230769230769 0.21995192307692307 0.028846153846153848 0.026442307692307692
0 0.7103365384615384 0.23798076923076922 0.021634615384615384 0.02403846153846154
0 0.7247596153846154 0.25841346153846156 0.026442307692307692 0.03125
0 0.8088942307692307 0.25721153846153844 0.026442307692307692 0.02403846153846154
0 0.8353365384615384 0.26802884615384615 0.021634615384615384 0.021634615384615384
0 0.8197115384615384 0.2764423076923077 0.019230769230769232 0.02403846153846154
0 0.8665865384615384 0.31009615384615385 0.026442307692307692 0.028846153846153848
0 0.8209134615384616 0.31009615384615385 0.026442307692307692 0.028846153846153848
0 0.6442307692307693 0.3125 0.028846153846153848 0.028846153846153848
0 0.8413461538461539 0.32091346153846156 0.02403846153846154 0.03125
0 0.6899038461538461 0.3701923076923077 0.02403846153846154 0.019230769230769232
0 0.1201923076923077 0.6394230769230769 0.0625 0.04807692307692308
0 0.6766826923076923 0.9939903846153846 0.04567307692307692 0.01201923076923077