0 0.3076923076923077 0.06610576923076923 0.038461538461538464 0.026442307692307692
0 0.22596153846153846 0.3161057692307692 0.03365384615384615 0.036057692307692304
0 0.27884615384615385 0.3425480769230769 0.03365384615384615 0.040865384615384616
0 0.6586538461538461 0.5060096153846154 0.02403846153846154 0.007211538461538462
0 0.17908653846153846 0.5492788461538461 0.04567307692307692 0.036057692307692304
0 0.14783653846153846 0.7139423076923077 0.0889423076923077 0.0673076923076923
0 0.15985576923076922 0.7355769230769231 0.026442307692307692 0.019230769230769232
0 0.13341346153846154 0.7668269230769231 0.036057692307692304 0.03365384615384615
0 0.1466346153846154 0.9891826923076923 0.09134615384615384 0.021634615384615384
0 0.15985576923076922 0.9903846153846154 0.026442307692307692 0.019230769230769232
0 0.13341346153846154 0.9591346153846154 0.036057692307692304 0.03365384615384615
0 0.6658653846153846 0.7716346153846154 0.052884615384615384 0.07211538461538461