0 0.5865384615384616 0.21153846153846154 0.04326923076923077 0.04326923076923077
0 0.609375 0.3425480769230769 0.016826923076923076 0.04567307692307692
0 0.5216346153846154 0.53125 0.038461538461538464 0.038461538461538464
0 0.5985576923076923 0.5408653846153846 0.038461538461538464 0.04326923076923077
0 0.07572115384615384 0.5841346153846154 0.05048076923076923 0.052884615384615384
0 0.6009615384615384 0.5889423076923077 0.03365384615384615 0.0673076923076923
0 0.13341346153846154 0.6466346153846154 0.06971153846153846 0.057692307692307696
0 0.21153846153846154 0.6670673076923077 0.052884615384615384 0.05048076923076923
0 0.3173076923076923 0.9158653846153846 0.03365384615384615 0.028846153846153848
0 0.22596153846153846 0.9194711538461539 0.07692307692307693 0.05048076923076923
0 0.08052884615384616 0.46153846153846156 0.04567307692307692 0.02403846153846154
0 0.13221153846153846 0.47115384615384615 0.052884615384615384 0.04326923076923077
0 0.5961538461538461 0.49759615384615385 0.04326923076923077 0.038461538461538464