0 0.3389423076923077 0.30649038461538464 0.04326923076923077 0.04567307692307692
0 0.6394230769230769 0.042067307692307696 0.03365384615384615 0.036057692307692304
0 0.6442307692307693 0.0985576923076923 0.07692307692307693 0.0625
0 0.7127403846153846 0.23798076923076922 0.055288461538461536 0.03365384615384615
0 0.7704326923076923 0.28846153846153844 0.06009615384615385 0.04807692307692308
0 0.6646634615384616 0.29086538461538464 0.04567307692307692 0.052884615384615384
0 0.25721153846153844 0.5901442307692307 0.038461538461538464 0.040865384615384616
0 0.4182692307692308 0.6670673076923077 0.0625 0.05048076923076923
0 0.3581730769230769 0.8725961538461539 0.057692307692307696 0.0625
0 0.9567307692307693 0.6778846153846154 0.0625 0.0625
0 0.8870192307692307 0.6935096153846154 0.04807692307692308 0.04567307692307692
0 0.8088942307692307 0.7367788461538461 0.04567307692307692 0.04567307692307692
0 0.9879807692307693 0.8233173076923077 0.02403846153846154 0.05048076923076923
0 0.9495192307692307 0.5600961538461539 0.04326923076923077 0.03365384615384615