0 0.08533653846153846 0.4110576923076923 0.04567307692307692 0.04807692307692308
0 0.44711538461538464 0.6658653846153846 0.03365384615384615 0.02403846153846154
0 0.35216346153846156 0.6730769230769231 0.036057692307692304 0.028846153846153848
0 0.39783653846153844 0.6971153846153846 0.026442307692307692 0.02403846153846154
0 0.4266826923076923 0.6971153846153846 0.026442307692307692 0.019230769230769232
0 0.4579326923076923 0.703125 0.021634615384615384 0.021634615384615384
0 0.45072115384615385 0.75 0.036057692307692304 0.028846153846153848
0 0.3004807692307692 0.9086538461538461 0.028846153846153848 0.02403846153846154
0 0.2644230769230769 0.9194711538461539 0.038461538461538464 0.040865384615384616
0 0.24158653846153846 0.9663461538461539 0.026442307692307692 0.028846153846153848
0 0.8641826923076923 0.7548076923076923 0.055288461538461536 0.04807692307692308
0 0.9146634615384616 0.7992788461538461 0.03125 0.03125