0 0.3137019230769231 0.33413461538461536 0.10817307692307693 0.09134615384615384
0 0.36177884615384615 0.5829326923076923 0.0985576923076923 0.0889423076923077
0 0.40625 0.6694711538461539 0.15865384615384615 0.10817307692307693
0 0.40384615384615385 0.7524038461538461 0.1346153846153846 0.08653846153846154
0 0.41346153846153844 0.7704326923076923 0.03365384615384615 0.036057692307692304
0 0.34615384615384615 0.08052884615384616 0.057692307692307696 0.040865384615384616
0 0.2956730769230769 0.890625 0.03365384615384615 0.04567307692307692
0 0.38822115384615385 0.9314903846153846 0.04567307692307692 0.04567307692307692
0 0.3161057692307692 0.953125 0.05048076923076923 0.05048076923076923
0 0.5348557692307693 0.9675480769230769 0.055288461538461536 0.05048076923076923
0 0.3076923076923077 0.125 0.03365384615384615 0.04807692307692308