0 0.1622596153846154 0.15865384615384615 0.06490384615384616 0.057692307692307696
0 0.10576923076923077 0.31971153846153844 0.052884615384615384 0.04807692307692308
0 0.12980769230769232 0.35096153846153844 0.04807692307692308 0.03365384615384615
0 0.8461538461538461 0.36899038461538464 0.1346153846153846 0.16105769230769232
0 0.5360576923076923 0.4338942307692308 0.1201923076923077 0.0889423076923077
0 0.6862980769230769 0.46274038461538464 0.055288461538461536 0.03125
0 0.7283653846153846 0.18028846153846154 0.0625 0.057692307692307696
0 0.7992788461538461 0.24519230769230768 0.13701923076923078 0.12980769230769232
0 0.6550480769230769 0.8245192307692307 0.07932692307692307 0.07211538461538461
0 0.7764423076923077 0.921875 0.07692307692307693 0.06971153846153846
0 0.7475961538461539 0.7139423076923077 0.09134615384615384 0.09134615384615384