0 0.6346153846153846 0.26802884615384615 0.04807692307692308 0.04567307692307692
0 0.5300480769230769 0.27163461538461536 0.05048076923076923 0.03365384615384615
0 0.47836538461538464 0.3016826923076923 0.0625 0.055288461538461536
0 0.5432692307692307 0.3016826923076923 0.038461538461538464 0.036057692307692304
0 0.5432692307692307 0.3545673076923077 0.07211538461538461 0.06009615384615385
0 0.5408653846153846 0.45552884615384615 0.052884615384615384 0.04567307692307692
0 0.49158653846153844 0.5372596153846154 0.0889423076923077 0.0889423076923077
0 0.5637019230769231 0.5456730769230769 0.040865384615384616 0.04807692307692308
0 0.7716346153846154 0.7572115384615384 0.028846153846153848 0.03365384615384615
0 0.7127403846153846 0.13822115384615385 0.06009615384615385 0.040865384615384616
0 0.5612980769230769 0.1778846153846154 0.040865384615384616 0.038461538461538464
0 0.5612980769230769 0.21514423076923078 0.040865384615384616 0.03125