0 0.0673076923076923 0.13822115384615385 0.04807692307692308 0.05048076923076923
0 0.49399038461538464 0.4326923076923077 0.026442307692307692 0.028846153846153848
0 0.3605769230769231 0.47716346153846156 0.028846153846153848 0.03125
0 0.671875 0.03245192307692308 0.026442307692307692 0.021634615384615384
0 0.7127403846153846 0.040865384615384616 0.021634615384615384 0.02403846153846154
0 0.7764423076923077 0.08052884615384616 0.02403846153846154 0.026442307692307692
0 0.7584134615384616 0.12860576923076922 0.026442307692307692 0.026442307692307692
0 0.6586538461538461 0.46875 0.03365384615384615 0.028846153846153848
0 0.6117788461538461 0.47716346153846156 0.007211538461538462 0.026442307692307692
0 0.46153846153846156 0.6081730769230769 0.038461538461538464 0.019230769230769232
0 0.7067307692307693 0.9543269230769231 0.038461538461538464 0.03365384615384615