0 0.25721153846153844 0.15985576923076922 0.03365384615384615 0.040865384615384616
0 0.49278846153846156 0.24519230769230768 0.014423076923076924 0.038461538461538464
0 0.46274038461538464 0.5276442307692307 0.026442307692307692 0.036057692307692304
0 0.4579326923076923 0.5552884615384616 0.04567307692307692 0.03365384615384615
0 0.9555288461538461 0.08533653846153846 0.08413461538461539 0.06971153846153846
0 0.7608173076923077 0.1502403846153846 0.040865384615384616 0.040865384615384616
0 0.8689903846153846 0.15625 0.036057692307692304 0.028846153846153848
0 0.8858173076923077 0.21394230769230768 0.05048076923076923 0.038461538461538464
0 0.9783653846153846 0.23918269230769232 0.04326923076923077 0.06490384615384616
0 0.7439903846153846 0.32091346153846156 0.05048076923076923 0.040865384615384616
0 0.875 0.3269230769230769 0.04326923076923077 0.03365384615384615
0 0.7271634615384616 0.6694711538461539 0.036057692307692304 0.040865384615384616
0 0.6875 0.6899038461538461 0.03365384615384615 0.038461538461538464
0 0.8064903846153846 0.6911057692307693 0.040865384615384616 0.040865384615384616
0 0.7283653846153846 0.7295673076923077 0.03365384615384615 0.036057692307692304
0 0.8713942307692307 0.7367788461538461 0.03125 0.03125
0 0.7007211538461539 0.7439903846153846 0.03125 0.03125