0 0.16105769230769232 0.49278846153846156 0.04807692307692308 0.038461538461538464
0 0.014423076923076924 0.6117788461538461 0.028846153846153848 0.04567307692307692
0 0.7295673076923077 0.2091346153846154 0.03125 0.03365384615384615
0 0.6790865384615384 0.21995192307692307 0.036057692307692304 0.03125
0 0.38461538461538464 0.27403846153846156 0.009615384615384616 0.038461538461538464
0 0.6177884615384616 0.3161057692307692 0.04326923076923077 0.05048076923076923
0 0.6033653846153846 0.5060096153846154 0.04326923076923077 0.036057692307692304
0 0.9182692307692307 0.71875 0.03365384615384615 0.02403846153846154
0 0.8173076923076923 0.7211538461538461 0.038461538461538464 0.03365384615384615
0 0.9699519230769231 0.7367788461538461 0.05048076923076923 0.036057692307692304
0 0.8665865384615384 0.7379807692307693 0.036057692307692304 0.019230769230769232
0 0.7475961538461539 0.75 0.04326923076923077 0.04807692307692308
0 0.8605769230769231 0.7800480769230769 0.03365384615384615 0.026442307692307692
0 0.8197115384615384 0.6670673076923077 0.038461538461538464 0.026442307692307692
0 0.9603365384615384 0.6682692307692307 0.036057692307692304 0.038461538461538464