0 0.390625 0.0625 0.0889423076923077 0.052884615384615384
0 0.3894230769230769 0.43509615384615385 0.09134615384615384 0.009615384615384616
0 0.9699519230769231 0.3605769230769231 0.026442307692307692 0.02403846153846154
0 0.9771634615384616 0.38341346153846156 0.040865384615384616 0.026442307692307692
0 0.11538461538461539 0.7596153846153846 0.028846153846153848 0.028846153846153848
0 0.6971153846153846 0.5096153846153846 0.07692307692307693 0.0673076923076923
0 0.7728365384615384 0.5769230769230769 0.08413461538461539 0.08173076923076923
0 0.8653846153846154 0.6105769230769231 0.10096153846153846 0.08653846153846154
0 0.8461538461538461 0.7560096153846154 0.052884615384615384 0.04567307692307692
0 0.6838942307692307 0.8509615384615384 0.09375 0.09134615384615384
0 0.5252403846153846 0.8533653846153846 0.03125 0.08173076923076923