0 0.23076923076923078 0.41947115384615385 0.02403846153846154 0.021634615384615384
0 0.10817307692307693 0.43149038461538464 0.03365384615384615 0.03125
0 0.16105769230769232 0.4423076923076923 0.028846153846153848 0.02403846153846154
0 0.8269230769230769 0.2439903846153846 0.038461538461538464 0.04567307692307692
0 0.7283653846153846 0.2512019230769231 0.057692307692307696 0.05048076923076923
0 0.1201923076923077 0.6935096153846154 0.038461538461538464 0.040865384615384616
0 0.32572115384615385 0.9375 0.03125 0.028846153846153848
0 0.921875 0.6622596153846154 0.026442307692307692 0.03125
0 0.6502403846153846 0.7824519230769231 0.07451923076923077 0.06490384615384616
0 0.6322115384615384 0.9098557692307693 0.052884615384615384 0.055288461538461536
0 0.7800480769230769 0.9230769230769231 0.026442307692307692 0.03365384615384615
0 0.8004807692307693 0.9543269230769231 0.038461538461538464 0.03365384615384615