0 0.421875 0.25721153846153844 0.021634615384615384 0.02403846153846154
0 0.5120192307692307 0.2800480769230769 0.019230769230769232 0.021634615384615384
0 0.6334134615384616 0.28125 0.026442307692307692 0.019230769230769232
0 0.41225961538461536 0.3004807692307692 0.016826923076923076 0.014423076923076924
0 0.4987980769230769 0.3329326923076923 0.021634615384615384 0.021634615384615384
0 0.37259615384615385 0.33413461538461536 0.02403846153846154 0.014423076923076924
0 0.43509615384615385 0.34975961538461536 0.028846153846153848 0.021634615384615384
0 0.3485576923076923 0.5576923076923077 0.014423076923076924 0.019230769230769232
0 0.28846153846153844 0.5576923076923077 0.02403846153846154 0.019230769230769232
0 0.37259615384615385 0.6610576923076923 0.028846153846153848 0.02403846153846154
0 0.34975961538461536 0.6887019230769231 0.026442307692307692 0.021634615384615384
0 0.421875 0.6911057692307693 0.021634615384615384 0.026442307692307692
0 0.3581730769230769 0.8004807692307693 0.028846153846153848 0.019230769230769232
0 0.5829326923076923 0.9266826923076923 0.026442307692307692 0.026442307692307692
0 0.5384615384615384 0.9423076923076923 0.02403846153846154 0.019230769230769232
0 0.47836538461538464 0.23557692307692307 0.02403846153846154 0.02403846153846154