0 0.3401442307692308 0.27283653846153844 0.04567307692307692 0.036057692307692304
0 0.39783653846153844 0.43028846153846156 0.03125 0.04326923076923077
0 0.46153846153846156 0.5132211538461539 0.038461538461538464 0.03125
0 0.3713942307692308 0.5300480769230769 0.026442307692307692 0.021634615384615384
0 0.1875 0.7932692307692307 0.028846153846153848 0.02403846153846154
0 0.20432692307692307 0.8689903846153846 0.03365384615384615 0.021634615384615384
0 0.3581730769230769 0.8810096153846154 0.03365384615384615 0.040865384615384616
0 0.9819711538461539 0.578125 0.036057692307692304 0.016826923076923076
0 0.7391826923076923 0.6394230769230769 0.03125 0.03365384615384615
0 0.7620192307692307 0.71875 0.028846153846153848 0.03365384615384615
0 0.9579326923076923 0.875 0.05048076923076923 0.04807692307692308
0 0.8858173076923077 0.9074519230769231 0.03125 0.021634615384615384