0 0.13341346153846154 0.17067307692307693 0.03125 0.02403846153846154
0 0.1658653846153846 0.3581730769230769 0.028846153846153848 0.038461538461538464
0 0.3269230769230769 0.4074519230769231 0.028846153846153848 0.026442307692307692
0 0.1141826923076923 0.42788461538461536 0.036057692307692304 0.038461538461538464
0 0.140625 0.42788461538461536 0.03125 0.03365384615384615
0 0.32211538461538464 0.4362980769230769 0.03365384615384615 0.03125
0 0.9254807692307693 0.40625 0.0625 0.057692307692307696
0 0.7596153846153846 0.42427884615384615 0.052884615384615384 0.055288461538461536
0 0.2620192307692308 0.8497596153846154 0.04326923076923077 0.040865384615384616
0 0.30288461538461536 0.8533653846153846 0.0673076923076923 0.04326923076923077
0 0.38822115384615385 0.9170673076923077 0.036057692307692304 0.026442307692307692
0 0.3112980769230769 0.9326923076923077 0.04567307692307692 0.038461538461538464
0 0.9963942307692307 0.6129807692307693 0.007211538461538462 0.028846153846153848
0 0.9819711538461539 0.8641826923076923 0.036057692307692304 0.036057692307692304
0 0.9543269230769231 0.9290865384615384 0.04326923076923077 0.040865384615384616
0 0.8870192307692307 0.9699519230769231 0.03365384615384615 0.03125