0 0.11057692307692307 0.29447115384615385 0.057692307692307696 0.055288461538461536
0 0.21995192307692307 0.3088942307692308 0.055288461538461536 0.055288461538461536
0 0.08653846153846154 0.18269230769230768 0.057692307692307696 0.0625
0 0.1875 0.22596153846153846 0.0625 0.052884615384615384
0 0.7103365384615384 0.20072115384615385 0.06971153846153846 0.06009615384615385
0 0.8064903846153846 0.3317307692307692 0.06971153846153846 0.0673076923076923
0 0.6730769230769231 0.3737980769230769 0.04326923076923077 0.04567307692307692
0 0.7367788461538461 0.3894230769230769 0.05048076923076923 0.052884615384615384
0 0.6634615384615384 0.41947115384615385 0.052884615384615384 0.036057692307692304
0 0.7091346153846154 0.016826923076923076 0.07211538461538461 0.03365384615384615
0 0.6526442307692307 0.5444711538461539 0.06971153846153846 0.06009615384615385
0 0.6923076923076923 0.546875 0.0625 0.06009615384615385
0 0.5540865384615384 0.5721153846153846 0.01201923076923077 0.04326923076923077
0 0.5576923076923077 0.5997596153846154 0.019230769230769232 0.026442307692307692
0 0.7884615384615384 0.6346153846153846 0.0625 0.04807692307692308
0 0.5637019230769231 0.6430288461538461 0.03125 0.03125
0 0.6514423076923077 0.6610576923076923 0.057692307692307696 0.03365384615384615
0 0.609375 0.6923076923076923 0.04567307692307692 0.04326923076923077
0 0.8533653846153846 0.7175480769230769 0.052884615384615384 0.05048076923076923
0 0.8798076923076923 0.7764423076923077 0.0673076923076923 0.04807692307692308
0 0.7367788461538461 0.5024038461538461 0.06971153846153846 0.028846153846153848