0 0.8641826923076923 0.2920673076923077 0.03125 0.026442307692307692
0 0.9711538461538461 0.29447115384615385 0.03365384615384615 0.03125
0 0.625 0.35336538461538464 0.038461538461538464 0.028846153846153848
0 0.7788461538461539 0.3701923076923077 0.028846153846153848 0.02403846153846154
0 0.9134615384615384 0.375 0.057692307692307696 0.04326923076923077
0 0.65625 0.3870192307692308 0.028846153846153848 0.019230769230769232
0 0.6033653846153846 0.3954326923076923 0.04326923076923077 0.036057692307692304
0 0.9735576923076923 0.46274038461538464 0.028846153846153848 0.03125
0 0.9471153846153846 0.2824519230769231 0.03365384615384615 0.03125
0 0.021634615384615384 0.7079326923076923 0.04326923076923077 0.10817307692307693
0 0.5961538461538461 0.7572115384615384 0.038461538461538464 0.028846153846153848
0 0.6754807692307693 0.9206730769230769 0.03365384615384615 0.03365384615384615