0 0.8545673076923077 0.21995192307692307 0.12740384615384615 0.13701923076923078
0 0.8461538461538461 0.22956730769230768 0.1346153846153846 0.10817307692307693
0 0.59375 0.4230769230769231 0.019230769230769232 0.028846153846153848
0 0.7379807692307693 0.453125 0.03365384615384615 0.03125
0 0.5216346153846154 0.5168269230769231 0.03365384615384615 0.028846153846153848
0 0.7848557692307693 0.5216346153846154 0.026442307692307692 0.028846153846153848
0 0.75 0.5420673076923077 0.03365384615384615 0.040865384615384616
0 0.8617788461538461 0.71875 0.026442307692307692 0.02403846153846154
0 0.5072115384615384 0.7548076923076923 0.03365384615384615 0.03365384615384615
0 0.7391826923076923 0.765625 0.026442307692307692 0.03125
0 0.7824519230769231 0.7932692307692307 0.03125 0.02403846153846154
0 0.6875 0.8004807692307693 0.03365384615384615 0.028846153846153848
0 0.8016826923076923 0.828125 0.021634615384615384 0.026442307692307692
0 0.7019230769230769 0.8449519230769231 0.019230769230769232 0.016826923076923076
0 0.7271634615384616 0.8485576923076923 0.021634615384615384 0.02403846153846154
0 0.8257211538461539 0.8509615384615384 0.021634615384615384 0.02403846153846154
0 0.8942307692307693 0.875 0.02403846153846154 0.028846153846153848
0 0.7331730769230769 0.8894230769230769 0.028846153846153848 0.028846153846153848
0 0.6262019230769231 0.9326923076923077 0.03125 0.014423076923076924
0 0.7475961538461539 0.9543269230769231 0.028846153846153848 0.03365384615384615
0 0.7752403846153846 0.9939903846153846 0.03125 0.01201923076923077
0 0.5661057692307693 0.3713942307692308 0.036057692307692304 0.036057692307692304
0 0.6213942307692307 0.3762019230769231 0.026442307692307692 0.021634615384615384