0 0.5913461538461539 0.29927884615384615 0.028846153846153848 0.021634615384615384
0 0.6778846153846154 0.32091346153846156 0.019230769230769232 0.021634615384615384
0 0.6153846153846154 0.41586538461538464 0.03365384615384615 0.02403846153846154
0 0.7331730769230769 0.42908653846153844 0.028846153846153848 0.021634615384615384
0 0.7608173076923077 0.4879807692307692 0.016826923076923076 0.019230769230769232
0 0.7908653846153846 0.5336538461538461 0.02403846153846154 0.02403846153846154
0 0.6814903846153846 0.5384615384615384 0.021634615384615384 0.038461538461538464
0 0.5396634615384616 0.5420673076923077 0.026442307692307692 0.021634615384615384
0 0.4110576923076923 0.5889423076923077 0.028846153846153848 0.019230769230769232
0 0.71875 0.6454326923076923 0.019230769230769232 0.021634615384615384
0 0.4891826923076923 0.2692307692307692 0.021634615384615384 0.019230769230769232