0 0.27884615384615385 0.25240384615384615 0.04807692307692308 0.038461538461538464
0 0.3605769230769231 0.29927884615384615 0.038461538461538464 0.04567307692307692
0 0.2956730769230769 0.4483173076923077 0.04326923076923077 0.040865384615384616
0 0.6189903846153846 0.32091346153846156 0.06490384615384616 0.06009615384615385
0 0.9146634615384616 0.3425480769230769 0.0889423076923077 0.06971153846153846
0 0.5721153846153846 0.3629807692307692 0.0673076923076923 0.052884615384615384
0 0.6310096153846154 0.42427884615384615 0.036057692307692304 0.036057692307692304
0 0.7704326923076923 0.42788461538461536 0.06009615384615385 0.08173076923076923
0 0.7668269230769231 0.23798076923076922 0.0673076923076923 0.052884615384615384
0 0.9098557692307693 0.2608173076923077 0.06490384615384616 0.06490384615384616
0 0.7920673076923077 0.28725961538461536 0.04567307692307692 0.04567307692307692
0 0.04447115384615385 0.84375 0.06490384615384616 0.057692307692307696
0 0.20552884615384615 0.8737980769230769 0.040865384615384616 0.036057692307692304
0 0.20552884615384615 0.8737980769230769 0.036057692307692304 0.03125
0 0.06610576923076923 0.6346153846153846 0.03125 0.038461538461538464
0 0.33052884615384615 0.9807692307692307 0.036057692307692304 0.03365384615384615
0 0.3858173076923077 0.9903846153846154 0.026442307692307692 0.019230769230769232
0 0.18990384615384615 0.6766826923076923 0.028846153846153848 0.021634615384615384
0 0.05889423076923077 0.6778846153846154 0.03125 0.03365384615384615
0 0.15384615384615385 0.7019230769230769 0.02403846153846154 0.02403846153846154
0 0.11177884615384616 0.7139423076923077 0.021634615384615384 0.02403846153846154
0 0.16105769230769232 0.6189903846153846 0.052884615384615384 0.026442307692307692
0 0.06610576923076923 0.5769230769230769 0.03125 0.038461538461538464
0 0.18990384615384615 0.5372596153846154 0.028846153846153848 0.021634615384615384
0 0.05889423076923077 0.5336538461538461 0.03125 0.03365384615384615
0 0.15384615384615385 0.5096153846153846 0.02403846153846154 0.02403846153846154
0 0.11177884615384616 0.49759615384615385 0.021634615384615384 0.02403846153846154
0 0.16105769230769232 0.5949519230769231 0.052884615384615384 0.026442307692307692
0 0.6850961538461539 0.7896634615384616 0.052884615384615384 0.04567307692307692
0 0.5817307692307693 0.8125 0.0673076923076923 0.052884615384615384
0 0.6875 0.8197115384615384 0.0625 0.038461538461538464
0 0.8449519230769231 0.828125 0.10336538461538461 0.0889423076923077
0 0.5889423076923077 0.8485576923076923 0.052884615384615384 0.04326923076923077
0 0.7427884615384616 0.8509615384615384 0.038461538461538464 0.04326923076923077
0 0.6262019230769231 0.8966346153846154 0.05048076923076923 0.038461538461538464
0 0.7860576923076923 0.9615384615384616 0.0625 0.04326923076923077
0 0.8653846153846154 0.9663461538461539 0.04326923076923077 0.038461538461538464
0 0.7487980769230769 0.9831730769230769 0.036057692307692304 0.03365384615384615
0 0.7740384615384616 0.9903846153846154 0.04326923076923077 0.019230769230769232
0 0.9314903846153846 0.6286057692307693 0.04567307692307692 0.06009615384615385
0 0.9627403846153846 0.6862980769230769 0.036057692307692304 0.040865384615384616
0 0.5480769230769231 0.6971153846153846 0.038461538461538464 0.057692307692307696
0 0.8725961538461539 0.7151442307692307 0.0625 0.06009615384615385
0 0.9314903846153846 0.47716346153846156 0.04567307692307692 0.016826923076923076