0 0.040865384615384616 0.36177884615384615 0.038461538461538464 0.040865384615384616
0 0.10336538461538461 0.47716346153846156 0.08173076923076923 0.021634615384615384
0 0.25721153846153844 0.4831730769230769 0.052884615384615384 0.009615384615384616
0 0.1814903846153846 0.5024038461538461 0.05048076923076923 0.028846153846153848
0 0.17908653846153846 0.5504807692307693 0.036057692307692304 0.03365384615384615
0 0.421875 0.7908653846153846 0.055288461538461536 0.052884615384615384
0 0.43149038461538464 0.8653846153846154 0.05048076923076923 0.038461538461538464
0 0.625 0.8473557692307693 0.04326923076923077 0.05048076923076923
0 0.5649038461538461 0.8509615384615384 0.04326923076923077 0.04326923076923077
0 0.7067307692307693 0.8569711538461539 0.019230769230769232 0.016826923076923076
0 0.8605769230769231 0.9507211538461539 0.052884615384615384 0.04567307692307692
0 0.9471153846153846 0.9639423076923077 0.10576923076923077 0.07211538461538461
0 0.6514423076923077 0.9831730769230769 0.052884615384615384 0.03365384615384615
0 0.7740384615384616 0.71875 0.07211538461538461 0.0673076923076923
0 0.8137019230769231 0.7632211538461539 0.036057692307692304 0.03125
0 0.7752403846153846 0.49399038461538464 0.07451923076923077 0.01201923076923077