0 0.5588942307692307 0.3557692307692308 0.055288461538461536 0.057692307692307696
0 0.49399038461538464 0.37740384615384615 0.05048076923076923 0.057692307692307696
0 0.5925480769230769 0.43028846153846156 0.055288461538461536 0.052884615384615384
0 0.390625 0.44711538461538464 0.055288461538461536 0.0625
0 0.2824519230769231 0.4855769230769231 0.04567307692307692 0.04326923076923077
0 0.30649038461538464 0.48677884615384615 0.03125 0.036057692307692304
0 0.34134615384615385 0.5024038461538461 0.03365384615384615 0.038461538461538464
0 0.5997596153846154 0.5661057692307693 0.06490384615384616 0.06009615384615385
0 0.36899038461538464 0.6598557692307693 0.06490384615384616 0.04567307692307692
0 0.5432692307692307 0.6754807692307693 0.057692307692307696 0.052884615384615384
0 0.5048076923076923 0.7019230769230769 0.052884615384615384 0.038461538461538464
0 0.33774038461538464 0.7151442307692307 0.04567307692307692 0.040865384615384616
0 0.4795673076923077 0.7199519230769231 0.040865384615384616 0.036057692307692304
0 0.4639423076923077 0.14423076923076922 0.057692307692307696 0.057692307692307696
0 0.3942307692307692 0.15144230769230768 0.052884615384615384 0.04326923076923077
0 0.42427884615384615 0.18269230769230768 0.036057692307692304 0.038461538461538464
0 0.5805288461538461 0.21033653846153846 0.04567307692307692 0.055288461538461536