0 0.7295673076923077 0.17668269230769232 0.06971153846153846 0.04567307692307692
0 0.5877403846153846 0.20072115384615385 0.04567307692307692 0.036057692307692304
0 0.6009615384615384 0.25240384615384615 0.04326923076923077 0.03365384615384615
0 0.7295673076923077 0.027644230769230768 0.06971153846153846 0.04567307692307692
0 0.5877403846153846 0.010817307692307692 0.04567307692307692 0.021634615384615384
0 0.018028846153846152 0.41225961538461536 0.036057692307692304 0.0889423076923077
0 0.013221153846153846 0.5504807692307693 0.026442307692307692 0.038461538461538464
0 0.15745192307692307 0.5600961538461539 0.036057692307692304 0.038461538461538464
0 0.10216346153846154 0.2800480769230769 0.036057692307692304 0.021634615384615384
0 0.021634615384615384 0.29927884615384615 0.04326923076923077 0.06009615384615385
0 0.6033653846153846 0.6658653846153846 0.04807692307692308 0.052884615384615384
0 0.8293269230769231 0.671875 0.052884615384615384 0.040865384615384616
0 0.4963942307692308 0.6983173076923077 0.040865384615384616 0.04567307692307692
0 0.8846153846153846 0.6995192307692307 0.052884615384615384 0.057692307692307696
0 0.5408653846153846 0.7127403846153846 0.03365384615384615 0.040865384615384616
0 0.765625 0.7668269230769231 0.06009615384615385 0.052884615384615384
0 0.7007211538461539 0.8149038461538461 0.06490384615384616 0.057692307692307696
0 0.5901442307692307 0.3293269230769231 0.06490384615384616 0.038461538461538464
0 0.5769230769230769 0.3762019230769231 0.057692307692307696 0.04567307692307692
0 0.46875 0.3858173076923077 0.057692307692307696 0.06490384615384616
0 0.5096153846153846 0.46875 0.052884615384615384 0.052884615384615384
0 0.6286057692307693 0.5084134615384616 0.06490384615384616 0.06009615384615385
0 0.41225961538461536 0.5612980769230769 0.026442307692307692 0.040865384615384616
0 0.6069711538461539 0.6045673076923077 0.04567307692307692 0.04567307692307692
0 0.5456730769230769 0.6298076923076923 0.057692307692307696 0.04807692307692308