0 0.04807692307692308 0.014423076923076924 0.0625 0.028846153846153848
0 0.4807692307692308 0.19591346153846154 0.03365384615384615 0.026442307692307692
0 0.4567307692307692 0.21754807692307693 0.052884615384615384 0.03125
0 0.4579326923076923 0.5685096153846154 0.04567307692307692 0.036057692307692304
0 0.6550480769230769 0.6213942307692307 0.03125 0.026442307692307692
0 0.5480769230769231 0.640625 0.04326923076923077 0.016826923076923076
0 0.5600961538461539 0.06850961538461539 0.038461538461538464 0.03125
0 0.33533653846153844 0.7512019230769231 0.040865384615384616 0.026442307692307692
0 0.08413461538461539 0.8401442307692307 0.02403846153846154 0.040865384615384616
0 0.4495192307692308 0.6887019230769231 0.04326923076923077 0.07932692307692307
0 0.6394230769230769 0.9423076923076923 0.04807692307692308 0.052884615384615384