0 0.2668269230769231 0.29447115384615385 0.038461538461538464 0.036057692307692304
0 0.43028846153846156 0.296875 0.019230769230769232 0.026442307692307692
0 0.5060096153846154 0.30288461538461536 0.021634615384615384 0.02403846153846154
0 0.3076923076923077 0.7067307692307693 0.052884615384615384 0.04326923076923077
0 0.7055288461538461 0.7151442307692307 0.03125 0.03125
0 0.4375 0.8016826923076923 0.02403846153846154 0.026442307692307692
0 0.46634615384615385 0.9146634615384616 0.04807692307692308 0.04567307692307692
0 0.5625 0.9278846153846154 0.038461538461538464 0.03365384615384615
0 0.5144230769230769 0.9411057692307693 0.03365384615384615 0.040865384615384616
0 0.43149038461538464 0.15384615384615385 0.021634615384615384 0.028846153846153848
0 0.375 0.19230769230769232 0.038461538461538464 0.03365384615384615
0 0.3245192307692308 0.23557692307692307 0.07692307692307693 0.0673076923076923