0 0.8449519230769231 0.12620192307692307 0.06490384615384616 0.055288461538461536
0 0.6334134615384616 0.171875 0.06490384615384616 0.04567307692307692
0 0.5084134615384616 0.2536057692307692 0.04567307692307692 0.036057692307692304
0 0.7103365384615384 0.3389423076923077 0.06490384615384616 0.0625
0 0.5396634615384616 0.4206730769230769 0.0889423076923077 0.0673076923076923
0 0.5540865384615384 0.4735576923076923 0.036057692307692304 0.03365384615384615
0 0.5649038461538461 0.026442307692307692 0.08173076923076923 0.052884615384615384
0 0.7920673076923077 0.0733173076923077 0.06490384615384616 0.06490384615384616
0 0.5360576923076923 0.07572115384615384 0.052884615384615384 0.05048076923076923
0 0.6262019230769231 0.09014423076923077 0.06009615384615385 0.055288461538461536
0 0.6310096153846154 0.09014423076923077 0.04567307692307692 0.040865384615384616
0 0.48677884615384615 0.9182692307692307 0.036057692307692304 0.03365384615384615
0 0.5877403846153846 0.9711538461538461 0.05048076923076923 0.052884615384615384