0 0.13221153846153846 0.25240384615384615 0.038461538461538464 0.03365384615384615
0 0.31009615384615385 0.3786057692307692 0.052884615384615384 0.036057692307692304
0 0.5600961538461539 0.31971153846153844 0.038461538461538464 0.038461538461538464
0 0.5396634615384616 0.026442307692307692 0.040865384615384616 0.028846153846153848
0 0.27163461538461536 0.6658653846153846 0.038461538461538464 0.038461538461538464
0 0.09375 0.7055288461538461 0.052884615384615384 0.04567307692307692
0 0.28725961538461536 0.9639423076923077 0.03125 0.038461538461538464
0 0.20072115384615385 0.5276442307692307 0.05048076923076923 0.06490384615384616
0 0.06370192307692307 0.6213942307692307 0.06971153846153846 0.06971153846153846
0 0.23557692307692307 0.6213942307692307 0.052884615384615384 0.040865384615384616
0 0.1622596153846154 0.6225961538461539 0.04567307692307692 0.038461538461538464
0 0.11658653846153846 0.6514423076923077 0.04567307692307692 0.04326923076923077