0 0.28125 0.3329326923076923 0.028846153846153848 0.04567307692307692
0 0.3293269230769231 0.35216346153846156 0.03365384615384615 0.036057692307692304
0 0.27283653846153844 0.37259615384615385 0.040865384615384616 0.04326923076923077
0 0.39302884615384615 0.3762019230769231 0.04567307692307692 0.036057692307692304
0 0.30528846153846156 0.46153846153846156 0.04807692307692308 0.04807692307692308
0 0.9771634615384616 0.23557692307692307 0.036057692307692304 0.028846153846153848
0 0.9254807692307693 0.47115384615384615 0.028846153846153848 0.02403846153846154
0 0.8894230769230769 0.48197115384615385 0.038461538461538464 0.040865384615384616
0 0.8665865384615384 0.5264423076923077 0.026442307692307692 0.02403846153846154
0 0.2668269230769231 0.9086538461538461 0.028846153846153848 0.038461538461538464
0 0.3605769230769231 0.9879807692307693 0.04326923076923077 0.02403846153846154
0 0.8052884615384616 0.9254807692307693 0.03365384615384615 0.02403846153846154
0 0.6394230769230769 0.9266826923076923 0.03365384615384615 0.040865384615384616
0 0.7536057692307693 0.9651442307692307 0.036057692307692304 0.026442307692307692