0 0.04807692307692308 0.28125 0.038461538461538464 0.03365384615384615
0 0.40024038461538464 0.49278846153846156 0.036057692307692304 0.03365384615384615
0 0.3858173076923077 0.8569711538461539 0.06490384615384616 0.05048076923076923
0 0.44350961538461536 0.6237980769230769 0.021634615384615384 0.01201923076923077
0 0.9338942307692307 0.625 0.021634615384615384 0.014423076923076924
0 0.5252403846153846 0.6754807692307693 0.026442307692307692 0.028846153846153848
0 0.6610576923076923 0.7139423076923077 0.04326923076923077 0.03365384615384615
0 0.42427884615384615 0.7163461538461539 0.01201923076923077 0.038461538461538464
0 0.5216346153846154 0.7223557692307693 0.028846153846153848 0.036057692307692304
0 0.4411057692307692 0.75 0.036057692307692304 0.04326923076923077
0 0.5552884615384616 0.7548076923076923 0.028846153846153848 0.03365384615384615
0 0.8665865384615384 0.7692307692307693 0.036057692307692304 0.028846153846153848
0 0.890625 0.7824519230769231 0.026442307692307692 0.026442307692307692
0 0.42788461538461536 0.8040865384615384 0.019230769230769232 0.036057692307692304
0 0.45072115384615385 0.8677884615384616 0.036057692307692304 0.028846153846153848
0 0.5048076923076923 0.9254807692307693 0.028846153846153848 0.038461538461538464
0 0.5697115384615384 0.9675480769230769 0.038461538461538464 0.04567307692307692
0 0.4651442307692308 0.9879807692307693 0.021634615384615384 0.02403846153846154
0 0.48677884615384615 0.9855769230769231 0.021634615384615384 0.028846153846153848