0 0.6838942307692307 0.21153846153846154 0.07451923076923077 0.038461538461538464
0 0.9158653846153846 0.22596153846153846 0.03365384615384615 0.04326923076923077
0 0.9567307692307693 0.22716346153846154 0.03365384615384615 0.03125
0 0.8100961538461539 0.25600961538461536 0.04807692307692308 0.03125
0 0.6418269230769231 0.26322115384615385 0.0625 0.04567307692307692
0 0.7800480769230769 0.265625 0.040865384615384616 0.036057692307692304
0 0.5733173076923077 0.31009615384615385 0.055288461538461536 0.04326923076923077
0 0.9903846153846154 0.31490384615384615 0.019230769230769232 0.04326923076923077
0 0.7848557692307693 0.32211538461538464 0.06490384615384616 0.028846153846153848
0 0.9735576923076923 0.39903846153846156 0.04807692307692308 0.028846153846153848
0 0.9819711538461539 0.013221153846153846 0.036057692307692304 0.026442307692307692
0 0.9867788461538461 0.046875 0.026442307692307692 0.04567307692307692
0 0.8822115384615384 0.06971153846153846 0.04807692307692308 0.038461538461538464
0 0.7151442307692307 0.07091346153846154 0.03125 0.04567307692307692
0 0.6826923076923077 0.09975961538461539 0.04807692307692308 0.03125
0 0.8834134615384616 0.11057692307692307 0.036057692307692304 0.038461538461538464
0 0.9411057692307693 0.11057692307692307 0.05048076923076923 0.057692307692307696
0 0.9867788461538461 0.11298076923076923 0.026442307692307692 0.038461538461538464
0 0.6490384615384616 0.12860576923076922 0.04326923076923077 0.03125
0 0.9086538461538461 0.18990384615384615 0.04326923076923077 0.038461538461538464
0 0.5588942307692307 0.19230769230769232 0.03125 0.038461538461538464
0 0.29927884615384615 0.8004807692307693 0.05048076923076923 0.057692307692307696
0 0.31971153846153844 0.5060096153846154 0.057692307692307696 0.06009615384615385
0 0.9459134615384616 0.5036057692307693 0.05048076923076923 0.06009615384615385
0 0.4182692307692308 0.5120192307692307 0.0625 0.0673076923076923