0 0.9086538461538461 0.1310096153846154 0.03365384615384615 0.03125
0 0.8882211538461539 0.15865384615384615 0.036057692307692304 0.03365384615384615
0 0.5661057692307693 0.3762019230769231 0.06009615384615385 0.06009615384615385
0 0.9350961538461539 0.5216346153846154 0.028846153846153848 0.02403846153846154
0 0.8401442307692307 0.5300480769230769 0.03125 0.021634615384615384
0 0.9038461538461539 0.53125 0.028846153846153848 0.019230769230769232
0 0.8641826923076923 0.5480769230769231 0.026442307692307692 0.02403846153846154
0 0.5985576923076923 0.5552884615384616 0.052884615384615384 0.057692307692307696
0 0.9699519230769231 0.5985576923076923 0.036057692307692304 0.03365384615384615
0 0.5961538461538461 0.6141826923076923 0.04326923076923077 0.036057692307692304
0 0.8161057692307693 0.8293269230769231 0.04567307692307692 0.04807692307692308
0 0.8245192307692307 0.8942307692307693 0.03365384615384615 0.038461538461538464