0 0.6935096153846154 0.15745192307692307 0.007211538461538462 0.026442307692307692
0 0.8112980769230769 0.18028846153846154 0.05048076923076923 0.038461538461538464
0 0.7632211538461539 0.18990384615384615 0.03125 0.028846153846153848
0 0.6947115384615384 0.2608173076923077 0.009615384615384616 0.040865384615384616
0 0.8040865384615384 0.2704326923076923 0.03125 0.026442307692307692
0 0.7331730769230769 0.27524038461538464 0.03365384615384615 0.036057692307692304
0 0.7247596153846154 0.34975961538461536 0.04567307692307692 0.040865384615384616
0 0.24158653846153846 0.5612980769230769 0.036057692307692304 0.03125
0 0.8269230769230769 0.796875 0.038461538461538464 0.040865384615384616
0 0.8894230769230769 0.9338942307692307 0.08173076923076923 0.06490384615384616
0 0.8197115384615384 0.9471153846153846 0.04326923076923077 0.04807692307692308
0 0.7920673076923077 0.9891826923076923 0.04567307692307692 0.021634615384615384