0 0.2764423076923077 0.28725961538461536 0.04326923076923077 0.04567307692307692
0 0.14543269230769232 0.41947115384615385 0.04567307692307692 0.040865384615384616
0 0.44350961538461536 0.5432692307692307 0.01201923076923077 0.028846153846153848
0 0.3786057692307692 0.6346153846153846 0.036057692307692304 0.03365384615384615
0 0.47115384615384615 0.4411057692307692 0.04326923076923077 0.05048076923076923
0 0.7824519230769231 0.4495192307692308 0.04567307692307692 0.04326923076923077
0 0.8629807692307693 0.45072115384615385 0.052884615384615384 0.055288461538461536
0 0.578125 0.4735576923076923 0.040865384615384616 0.04326923076923077
0 0.53125 0.4879807692307692 0.03365384615384615 0.038461538461538464
0 0.6971153846153846 0.6021634615384616 0.04807692307692308 0.055288461538461536
0 0.7560096153846154 0.6790865384615384 0.040865384615384616 0.04567307692307692
0 0.484375 0.10697115384615384 0.06490384615384616 0.036057692307692304
0 0.4951923076923077 0.15384615384615385 0.057692307692307696 0.04326923076923077
0 0.6033653846153846 0.16346153846153846 0.057692307692307696 0.0625
0 0.5625 0.24639423076923078 0.052884615384615384 0.05048076923076923
0 0.4639423076923077 0.28365384615384615 0.028846153846153848 0.057692307692307696
0 0.6706730769230769 0.33653846153846156 0.04807692307692308 0.038461538461538464
0 0.7836538461538461 0.33774038461538464 0.07211538461538461 0.06971153846153846
0 0.4699519230769231 0.3798076923076923 0.040865384615384616 0.04326923076923077
0 0.6875 0.3858173076923077 0.038461538461538464 0.03125
0 0.5264423076923077 0.4074519230769231 0.057692307692307696 0.04567307692307692
0 0.15985576923076922 0.8016826923076923 0.040865384615384616 0.036057692307692304
0 0.7632211538461539 0.7163461538461539 0.036057692307692304 0.014423076923076924
0 0.48197115384615385 0.7956730769230769 0.040865384615384616 0.038461538461538464