0 0.9939903846153846 0.2283653846153846 0.01201923076923077 0.052884615384615384
0 0.7223557692307693 0.25841346153846156 0.055288461538461536 0.04567307692307692
0 0.6466346153846154 0.2980769230769231 0.057692307692307696 0.04326923076923077
0 0.9242788461538461 0.39663461538461536 0.07932692307692307 0.057692307692307696
0 0.7403846153846154 0.010817307692307692 0.057692307692307696 0.021634615384615384
0 0.8942307692307693 0.03125 0.04807692307692308 0.0625
0 0.1778846153846154 0.6298076923076923 0.038461538461538464 0.03365384615384615
0 0.051682692307692304 0.6298076923076923 0.040865384615384616 0.028846153846153848
0 0.03365384615384615 0.6538461538461539 0.038461538461538464 0.03365384615384615
0 0.5829326923076923 0.5913461538461539 0.05048076923076923 0.04326923076923077
0 0.7043269230769231 0.9290865384615384 0.038461538461538464 0.036057692307692304