0 0.27403846153846156 0.1346153846153846 0.04807692307692308 0.052884615384615384
0 0.9591346153846154 0.006009615384615385 0.04326923076923077 0.01201923076923077
0 0.9543269230769231 0.26322115384615385 0.052884615384615384 0.05048076923076923
0 0.3798076923076923 0.6862980769230769 0.0625 0.04567307692307692
0 0.26802884615384615 0.7451923076923077 0.06971153846153846 0.04326923076923077
0 0.26802884615384615 0.7980769230769231 0.04567307692307692 0.04326923076923077
0 0.2512019230769231 0.9326923076923077 0.05048076923076923 0.04326923076923077
0 0.3125 0.9362980769230769 0.052884615384615384 0.040865384615384616
0 0.41947115384615385 0.671875 0.06009615384615385 0.06009615384615385
0 0.6754807692307693 0.43149038461538464 0.02403846153846154 0.03125
0 0.6237980769230769 0.5324519230769231 0.03125 0.026442307692307692
0 0.7560096153846154 0.859375 0.036057692307692304 0.040865384615384616
0 0.8329326923076923 0.9927884615384616 0.03125 0.014423076923076924