0 0.20793269230769232 0.21033653846153846 0.03125 0.021634615384615384
0 0.20793269230769232 0.23557692307692307 0.040865384615384616 0.02403846153846154
0 0.7139423076923077 0.32572115384615385 0.057692307692307696 0.040865384615384616
0 0.4182692307692308 0.35096153846153844 0.0673076923076923 0.052884615384615384
0 0.3329326923076923 0.4411057692307692 0.04567307692307692 0.06490384615384616
0 0.6514423076923077 0.546875 0.038461538461538464 0.04567307692307692
0 0.2091346153846154 0.875 0.057692307692307696 0.04326923076923077
0 0.9807692307692307 0.6225961538461539 0.038461538461538464 0.10576923076923077
0 0.3112980769230769 0.6442307692307693 0.026442307692307692 0.057692307692307696
0 0.6790865384615384 0.6766826923076923 0.06971153846153846 0.06009615384615385
0 0.9411057692307693 0.7007211538461539 0.06009615384615385 0.07932692307692307
0 0.8990384615384616 0.7079326923076923 0.0673076923076923 0.07451923076923077
0 0.7019230769230769 0.7211538461538461 0.0625 0.04326923076923077
0 0.7524038461538461 0.7788461538461539 0.057692307692307696 0.038461538461538464
0 0.8221153846153846 0.8052884615384616 0.038461538461538464 0.038461538461538464
0 0.9579326923076923 0.8425480769230769 0.06971153846153846 0.05048076923076923
0 0.6538461538461539 0.8521634615384616 0.0625 0.05048076923076923
0 0.9158653846153846 0.8653846153846154 0.10096153846153846 0.04326923076923077