0 0.8954326923076923 0.03245192307692308 0.04567307692307692 0.04567307692307692
0 0.7211538461538461 0.03365384615384615 0.028846153846153848 0.028846153846153848
0 0.7764423076923077 0.1658653846153846 0.04326923076923077 0.028846153846153848
0 0.7091346153846154 0.16826923076923078 0.038461538461538464 0.028846153846153848
0 0.9519230769230769 0.21394230769230768 0.038461538461538464 0.03365384615384615
0 0.8882211538461539 0.23557692307692307 0.05048076923076923 0.04326923076923077
0 0.9675480769230769 0.2668269230769231 0.036057692307692304 0.03365384615384615
0 0.40625 0.6430288461538461 0.04326923076923077 0.05048076923076923
0 0.13822115384615385 0.8605769230769231 0.055288461538461536 0.057692307692307696
0 0.18509615384615385 0.9663461538461539 0.052884615384615384 0.04326923076923077
0 0.40625 0.9915865384615384 0.038461538461538464 0.016826923076923076