0 0.06610576923076923 0.24519230769230768 0.036057692307692304 0.028846153846153848
0 0.0673076923076923 0.24879807692307693 0.02403846153846154 0.03125
0 0.3425480769230769 0.3449519230769231 0.026442307692307692 0.021634615384615384
0 0.24158653846153846 0.36177884615384615 0.03125 0.036057692307692304
0 0.27163461538461536 0.36899038461538464 0.014423076923076924 0.016826923076923076
0 0.7415865384615384 0.026442307692307692 0.10336538461538461 0.052884615384615384
0 0.8137019230769231 0.1346153846153846 0.06971153846153846 0.057692307692307696
0 0.9266826923076923 0.13822115384615385 0.07451923076923077 0.06009615384615385
0 0.7151442307692307 0.1622596153846154 0.11778846153846154 0.06490384615384616
0 0.5961538461538461 0.22596153846153846 0.014423076923076924 0.057692307692307696
0 0.8257211538461539 0.25240384615384615 0.06009615384615385 0.04326923076923077
0 0.7043269230769231 0.2824519230769231 0.0625 0.05048076923076923
0 0.8257211538461539 0.3798076923076923 0.06009615384615385 0.038461538461538464
0 0.7043269230769231 0.3545673076923077 0.0625 0.05048076923076923
0 0.5685096153846154 0.5252403846153846 0.040865384615384616 0.04567307692307692
0 0.36778846153846156 0.40625 0.052884615384615384 0.014423076923076924