0 0.30528846153846156 0.03245192307692308 0.019230769230769232 0.026442307692307692
0 0.27283653846153844 0.0625 0.016826923076923076 0.014423076923076924
0 0.2932692307692308 0.09254807692307693 0.019230769230769232 0.026442307692307692
0 0.234375 0.25961538461538464 0.040865384615384616 0.057692307692307696
0 0.3016826923076923 0.4014423076923077 0.021634615384615384 0.038461538461538464
0 0.07572115384615384 0.45913461538461536 0.036057692307692304 0.028846153846153848
0 0.9290865384615384 0.027644230769230768 0.040865384615384616 0.03125
0 0.6117788461538461 0.6971153846153846 0.01201923076923077 0.02403846153846154
0 0.5084134615384616 0.7019230769230769 0.021634615384615384 0.038461538461538464
0 0.36658653846153844 0.7055288461538461 0.026442307692307692 0.021634615384615384
0 0.23798076923076922 0.7524038461538461 0.028846153846153848 0.019230769230769232
0 0.5456730769230769 0.8088942307692307 0.019230769230769232 0.021634615384615384
0 0.7548076923076923 0.7932692307692307 0.052884615384615384 0.052884615384615384
0 0.9182692307692307 0.8112980769230769 0.07692307692307693 0.07451923076923077
0 0.9903846153846154 0.8149038461538461 0.019230769230769232 0.0625
0 0.8894230769230769 0.8798076923076923 0.052884615384615384 0.0673076923076923
0 0.796875 0.8834134615384616 0.06971153846153846 0.06009615384615385
0 0.9651442307692307 0.8882211538461539 0.06009615384615385 0.05048076923076923
0 0.7079326923076923 0.9302884615384616 0.06009615384615385 0.038461538461538464
0 0.6298076923076923 0.9411057692307693 0.02403846153846154 0.06009615384615385
0 0.7247596153846154 0.9807692307692307 0.04567307692307692 0.038461538461538464
0 0.9122596153846154 0.9795673076923077 0.036057692307692304 0.040865384615384616
0 0.8185096153846154 0.9939903846153846 0.06971153846153846 0.01201923076923077
0 0.7439903846153846 0.6911057692307693 0.05048076923076923 0.026442307692307692
0 0.6370192307692307 0.7235576923076923 0.038461538461538464 0.0673076923076923