0 0.016826923076923076 0.3641826923076923 0.03365384615384615 0.040865384615384616
0 0.140625 0.4723557692307692 0.03125 0.01201923076923077
0 0.15144230769230768 0.6995192307692307 0.038461538461538464 0.03365384615384615
0 0.20793269230769232 0.7115384615384616 0.03125 0.028846153846153848
0 0.515625 0.7620192307692307 0.036057692307692304 0.038461538461538464
0 0.2644230769230769 0.8040865384615384 0.04326923076923077 0.040865384615384616
0 0.2848557692307692 0.9867788461538461 0.036057692307692304 0.026442307692307692
0 0.7980769230769231 0.6971153846153846 0.038461538461538464 0.04326923076923077
0 0.9807692307692307 0.6995192307692307 0.038461538461538464 0.038461538461538464
0 0.8689903846153846 0.7259615384615384 0.040865384615384616 0.057692307692307696
0 0.7560096153846154 0.7403846153846154 0.026442307692307692 0.02403846153846154
0 0.7632211538461539 0.7632211538461539 0.040865384615384616 0.026442307692307692
0 0.9290865384615384 0.7800480769230769 0.03125 0.04567307692307692
0 0.8317307692307693 0.7884615384615384 0.04326923076923077 0.04326923076923077
0 0.796875 0.8449519230769231 0.021634615384615384 0.021634615384615384
0 0.7752403846153846 0.859375 0.026442307692307692 0.03125