0 0.3701923076923077 0.20192307692307693 0.019230769230769232 0.019230769230769232
0 0.4026442307692308 0.20552884615384615 0.026442307692307692 0.026442307692307692
0 0.4567307692307692 0.24639423076923078 0.019230769230769232 0.016826923076923076
0 0.47596153846153844 0.7331730769230769 0.04807692307692308 0.03365384615384615
0 0.22115384615384615 0.7536057692307693 0.057692307692307696 0.040865384615384616
0 0.453125 0.7728365384615384 0.04567307692307692 0.04567307692307692
0 0.09735576923076923 0.8052884615384616 0.05048076923076923 0.04326923076923077
0 0.5288461538461539 0.8221153846153846 0.04807692307692308 0.038461538461538464
0 0.53125 0.8858173076923077 0.057692307692307696 0.06009615384615385
0 0.41586538461538464 0.9723557692307693 0.052884615384615384 0.055288461538461536
0 0.33052884615384615 0.5276442307692307 0.05048076923076923 0.036057692307692304
0 0.5036057692307693 0.46274038461538464 0.040865384615384616 0.04567307692307692
0 0.33052884615384615 0.36538461538461536 0.05048076923076923 0.014423076923076924
0 0.5036057692307693 0.41947115384615385 0.040865384615384616 0.04567307692307692