0 0.4387019230769231 0.3233173076923077 0.09375 0.06971153846153846
0 0.9579326923076923 0.42788461538461536 0.06009615384615385 0.0625
0 0.6466346153846154 0.5060096153846154 0.08653846153846154 0.06009615384615385
0 0.49158653846153844 0.5456730769230769 0.06009615384615385 0.052884615384615384
0 0.40625 0.5709134615384616 0.03365384615384615 0.036057692307692304
0 0.7512019230769231 0.5925480769230769 0.0985576923076923 0.06009615384615385
0 0.47836538461538464 0.5925480769230769 0.052884615384615384 0.04567307692307692
0 0.22115384615384615 0.7740384615384616 0.028846153846153848 0.02403846153846154
0 0.8689903846153846 0.6911057692307693 0.05048076923076923 0.06009615384615385
0 0.6682692307692307 0.7427884615384616 0.038461538461538464 0.052884615384615384
0 0.6983173076923077 0.7932692307692307 0.04567307692307692 0.038461538461538464