0 0.007211538461538462 0.22716346153846154 0.014423076923076924 0.03125
0 0.4483173076923077 0.5360576923076923 0.036057692307692304 0.03365384615384615
0 0.7211538461538461 0.5480769230769231 0.02403846153846154 0.019230769230769232
0 0.5444711538461539 0.5552884615384616 0.036057692307692304 0.03365384615384615
0 0.6622596153846154 0.5552884615384616 0.016826923076923076 0.019230769230769232
0 0.5168269230769231 0.6081730769230769 0.028846153846153848 0.028846153846153848
0 0.8413461538461539 0.6286057692307693 0.028846153846153848 0.026442307692307692
0 0.46274038461538464 0.6430288461538461 0.036057692307692304 0.026442307692307692
0 0.8004807692307693 0.6418269230769231 0.028846153846153848 0.03365384615384615
0 0.625 0.6430288461538461 0.04326923076923077 0.026442307692307692
0 0.4326923076923077 0.6742788461538461 0.02403846153846154 0.036057692307692304
0 0.8305288461538461 0.6742788461538461 0.036057692307692304 0.036057692307692304
0 0.46274038461538464 0.6995192307692307 0.036057692307692304 0.03365384615384615
0 0.7788461538461539 0.7055288461538461 0.028846153846153848 0.026442307692307692
0 0.9230769230769231 0.7379807692307693 0.028846153846153848 0.028846153846153848
0 0.7415865384615384 0.3701923076923077 0.016826923076923076 0.004807692307692308
0 0.8100961538461539 0.375 0.02403846153846154 0.014423076923076924
0 0.5528846153846154 0.37740384615384615 0.028846153846153848 0.019230769230769232
0 0.7884615384615384 0.390625 0.028846153846153848 0.021634615384615384
0 0.7896634615384616 0.4230769230769231 0.021634615384615384 0.019230769230769232
0 0.7007211538461539 0.43990384615384615 0.021634615384615384 0.014423076923076924
0 0.7752403846153846 0.4543269230769231 0.016826923076923076 0.014423076923076924
0 0.6358173076923077 0.46634615384615385 0.03125 0.028846153846153848
0 0.703125 0.4735576923076923 0.021634615384615384 0.019230769230769232
0 0.7451923076923077 0.47716346153846156 0.019230769230769232 0.03125
0 0.8016826923076923 0.4879807692307692 0.021634615384615384 0.019230769230769232
0 0.8677884615384616 0.4879807692307692 0.02403846153846154 0.028846153846153848