0 0.0625 0.0829326923076923 0.03365384615384615 0.03125
0 0.16826923076923078 0.2439903846153846 0.028846153846153848 0.021634615384615384
0 0.43149038461538464 0.26322115384615385 0.026442307692307692 0.036057692307692304
0 0.5673076923076923 0.38461538461538464 0.07692307692307693 0.08653846153846154
0 0.44591346153846156 0.04927884615384615 0.055288461538461536 0.036057692307692304
0 0.5204326923076923 0.1622596153846154 0.05048076923076923 0.04567307692307692
0 0.44711538461538464 0.23677884615384615 0.052884615384615384 0.05048076923076923
0 0.02283653846153846 0.48197115384615385 0.04567307692307692 0.026442307692307692
0 0.84375 0.49278846153846156 0.03365384615384615 0.02403846153846154
0 0.7427884615384616 0.4951923076923077 0.038461538461538464 0.03365384615384615
0 0.8954326923076923 0.5108173076923077 0.05048076923076923 0.036057692307692304
0 0.7920673076923077 0.5120192307692307 0.036057692307692304 0.019230769230769232
0 0.6730769230769231 0.5240384615384616 0.04326923076923077 0.04807692307692308
0 0.7860576923076923 0.5540865384615384 0.03365384615384615 0.026442307692307692