0 0.030048076923076924 0.15985576923076922 0.06009615384615385 0.055288461538461536
0 0.2848557692307692 0.30288461538461536 0.05048076923076923 0.0625
0 0.140625 0.3317307692307692 0.06971153846153846 0.08653846153846154
0 0.8533653846153846 0.21875 0.03365384615384615 0.03365384615384615
0 0.8317307692307693 0.25 0.02403846153846154 0.02403846153846154
0 0.8557692307692307 0.30649038461538464 0.03365384615384615 0.026442307692307692
0 0.859375 0.3329326923076923 0.026442307692307692 0.021634615384615384
0 0.006009615384615385 0.875 0.01201923076923077 0.038461538461538464
0 0.14903846153846154 0.8894230769230769 0.038461538461538464 0.028846153846153848
0 0.042067307692307696 0.9387019230769231 0.04567307692307692 0.036057692307692304
0 0.20673076923076922 0.9903846153846154 0.04807692307692308 0.019230769230769232
0 0.7391826923076923 0.8713942307692307 0.06009615384615385 0.04567307692307692