0 0.49038461538461536 0.13701923076923078 0.019230769230769232 0.02403846153846154
0 0.5240384615384616 0.13942307692307693 0.02403846153846154 0.019230769230769232
0 0.5132211538461539 0.16466346153846154 0.016826923076923076 0.016826923076923076
0 0.5060096153846154 0.18870192307692307 0.04567307692307692 0.036057692307692304
0 0.5661057692307693 0.19110576923076922 0.040865384615384616 0.036057692307692304
0 0.20793269230769232 0.20072115384615385 0.026442307692307692 0.036057692307692304
0 0.5877403846153846 0.21875 0.021634615384615384 0.019230769230769232
0 0.6322115384615384 0.22716346153846154 0.019230769230769232 0.016826923076923076
0 0.22956730769230768 0.1045673076923077 0.03125 0.036057692307692304
0 0.9555288461538461 0.06850961538461539 0.06971153846153846 0.06009615384615385
0 0.9735576923076923 0.11298076923076923 0.052884615384615384 0.04326923076923077
0 0.9302884615384616 0.2439903846153846 0.0625 0.05048076923076923
0 0.9314903846153846 0.4795673076923077 0.06490384615384616 0.016826923076923076
0 0.6682692307692307 0.5384615384615384 0.019230769230769232 0.10096153846153846
0 0.010817307692307692 0.5576923076923077 0.021634615384615384 0.057692307692307696
0 0.3762019230769231 0.5901442307692307 0.06971153846153846 0.06009615384615385
0 0.6382211538461539 0.6141826923076923 0.06009615384615385 0.07932692307692307
0 0.5961538461538461 0.6213942307692307 0.0673076923076923 0.07451923076923077
0 0.39903846153846156 0.6346153846153846 0.0625 0.04326923076923077
0 0.4495192307692308 0.6923076923076923 0.057692307692307696 0.038461538461538464
0 0.5192307692307693 0.71875 0.038461538461538464 0.038461538461538464
0 0.6490384615384616 0.7560096153846154 0.057692307692307696 0.05048076923076923
0 0.35096153846153844 0.765625 0.0625 0.05048076923076923
0 0.6129807692307693 0.7788461538461539 0.10096153846153846 0.04326923076923077
0 0.35216346153846156 0.9963942307692307 0.06490384615384616 0.007211538461538462
0 0.6141826923076923 0.9915865384615384 0.10336538461538461 0.016826923076923076
0 0.84375 0.8064903846153846 0.057692307692307696 0.040865384615384616