0 0.22235576923076922 0.3016826923076923 0.026442307692307692 0.026442307692307692
0 0.9435096153846154 0.39783653846153844 0.040865384615384616 0.026442307692307692
0 0.9170673076923077 0.4110576923076923 0.040865384615384616 0.03365384615384615
0 0.9651442307692307 0.4735576923076923 0.036057692307692304 0.038461538461538464
0 0.9771634615384616 0.5132211538461539 0.036057692307692304 0.03125
0 0.8161057692307693 0.5504807692307693 0.036057692307692304 0.028846153846153848
0 0.8028846153846154 0.5637019230769231 0.03365384615384615 0.01201923076923077
0 0.2668269230769231 0.6430288461538461 0.02403846153846154 0.026442307692307692
0 0.21033653846153846 0.6730769230769231 0.026442307692307692 0.028846153846153848
0 0.1814903846153846 0.8810096153846154 0.026442307692307692 0.026442307692307692
0 0.25600961538461536 0.9038461538461539 0.026442307692307692 0.02403846153846154
0 0.18509615384615385 0.9110576923076923 0.028846153846153848 0.019230769230769232
0 0.2764423076923077 0.9242788461538461 0.02403846153846154 0.026442307692307692
0 0.1466346153846154 0.9399038461538461 0.019230769230769232 0.02403846153846154