0 0.17427884615384615 0.1045673076923077 0.04567307692307692 0.036057692307692304
0 0.004807692307692308 0.1201923076923077 0.009615384615384616 0.03365384615384615
0 0.042067307692307696 0.1201923076923077 0.03125 0.03365384615384615
0 0.0733173076923077 0.013221153846153846 0.06009615384615385 0.026442307692307692
0 0.6646634615384616 0.20673076923076922 0.036057692307692304 0.04326923076923077
0 0.6129807692307693 0.21394230769230768 0.04807692307692308 0.052884615384615384
0 0.8485576923076923 0.21394230769230768 0.038461538461538464 0.03365384615384615
0 0.9387019230769231 0.36538461538461536 0.040865384615384616 0.04807692307692308
0 0.7211538461538461 0.3737980769230769 0.08173076923076923 0.06971153846153846
0 0.35336538461538464 0.4651442307692308 0.04326923076923077 0.036057692307692304
0 0.32091346153846156 0.4951923076923077 0.036057692307692304 0.03365384615384615
0 0.3870192307692308 0.5685096153846154 0.038461538461538464 0.05048076923076923
0 0.24879807692307693 0.609375 0.040865384615384616 0.04567307692307692
0 0.18629807692307693 0.6189903846153846 0.040865384615384616 0.03125
0 0.12980769230769232 0.7259615384615384 0.038461538461538464 0.038461538461538464
0 0.9074519230769231 0.515625 0.036057692307692304 0.026442307692307692
0 0.7884615384615384 0.5853365384615384 0.028846153846153848 0.021634615384615384
0 0.8786057692307693 0.7764423076923077 0.03125 0.028846153846153848
0 0.8161057692307693 0.9158653846153846 0.040865384615384616 0.028846153846153848