0 0.19471153846153846 0.43149038461538464 0.03365384615384615 0.026442307692307692
0 0.31490384615384615 0.4387019230769231 0.028846153846153848 0.026442307692307692
0 0.265625 0.43990384615384615 0.036057692307692304 0.03365384615384615
0 0.4375 0.7091346153846154 0.052884615384615384 0.038461538461538464
0 0.1622596153846154 0.7728365384615384 0.04567307692307692 0.040865384615384616
0 0.14302884615384615 0.8413461538461539 0.036057692307692304 0.038461538461538464
0 0.421875 0.8581730769230769 0.026442307692307692 0.028846153846153848
0 0.29927884615384615 0.9002403846153846 0.03125 0.03125
0 0.39783653846153844 0.9098557692307693 0.04567307692307692 0.036057692307692304
0 0.21995192307692307 0.9663461538461539 0.036057692307692304 0.04326923076923077
0 0.3918269230769231 0.9903846153846154 0.028846153846153848 0.019230769230769232
0 0.42427884615384615 0.9903846153846154 0.026442307692307692 0.019230769230769232