0 0.39903846153846156 0.2932692307692308 0.0625 0.052884615384615384
0 0.30288461538461536 0.3389423076923077 0.0673076923076923 0.052884615384615384
0 0.10216346153846154 0.3389423076923077 0.06490384615384616 0.057692307692307696
0 0.453125 0.3737980769230769 0.07451923076923077 0.06971153846153846
0 0.2776442307692308 0.4735576923076923 0.04567307692307692 0.04807692307692308
0 0.35216346153846156 0.5697115384615384 0.07932692307692307 0.057692307692307696
0 0.4326923076923077 0.5733173076923077 0.04807692307692308 0.06971153846153846
0 0.2704326923076923 0.6213942307692307 0.06490384615384616 0.06490384615384616
0 0.5240384615384616 0.6418269230769231 0.04807692307692308 0.057692307692307696
0 0.5264423076923077 0.6442307692307693 0.052884615384615384 0.04807692307692308
0 0.609375 0.7463942307692307 0.055288461538461536 0.06009615384615385
0 0.2512019230769231 0.7560096153846154 0.07451923076923077 0.06971153846153846
0 0.43028846153846156 0.7740384615384616 0.057692307692307696 0.057692307692307696
0 0.8016826923076923 0.7836538461538461 0.05048076923076923 0.04326923076923077
0 0.5036057692307693 0.9711538461538461 0.07451923076923077 0.052884615384615384
0 0.5492788461538461 0.15264423076923078 0.06971153846153846 0.07932692307692307
0 0.29927884615384615 0.23197115384615385 0.07932692307692307 0.07932692307692307
0 0.43028846153846156 0.23197115384615385 0.0625 0.055288461538461536
0 0.019230769230769232 0.3401442307692308 0.038461538461538464 0.06009615384615385