0 0.7211538461538461 0.0733173076923077 0.019230769230769232 0.016826923076923076
0 0.6959134615384616 0.078125 0.036057692307692304 0.03125
0 0.8629807692307693 0.09254807692307693 0.057692307692307696 0.04567307692307692
0 0.7379807692307693 0.10336538461538461 0.03365384615384615 0.028846153846153848
0 0.8425480769230769 0.1310096153846154 0.026442307692307692 0.03125
0 0.9399038461538461 0.13581730769230768 0.02403846153846154 0.026442307692307692
0 0.6875 0.20072115384615385 0.028846153846153848 0.026442307692307692
0 0.8774038461538461 0.21394230769230768 0.03365384615384615 0.028846153846153848
0 0.8521634615384616 0.24158653846153846 0.03125 0.026442307692307692
0 0.051682692307692304 0.7439903846153846 0.04567307692307692 0.04567307692307692
0 0.19230769230769232 0.8413461538461539 0.04326923076923077 0.038461538461538464
0 0.2512019230769231 0.9314903846153846 0.05048076923076923 0.040865384615384616
0 0.39302884615384615 0.984375 0.04567307692307692 0.03125
0 0.6995192307692307 0.6286057692307693 0.04807692307692308 0.06490384615384616