0 0.9290865384615384 0.04807692307692308 0.021634615384615384 0.038461538461538464
0 0.7872596153846154 0.051682692307692304 0.026442307692307692 0.021634615384615384
0 0.6586538461538461 0.0985576923076923 0.028846153846153848 0.019230769230769232
0 0.9663461538461539 0.15504807692307693 0.019230769230769232 0.021634615384615384
0 0.021634615384615384 0.6454326923076923 0.04326923076923077 0.04567307692307692
0 0.07692307692307693 0.6694711538461539 0.057692307692307696 0.04567307692307692
0 0.03245192307692308 0.7475961538461539 0.06009615384615385 0.038461538461538464
0 0.09495192307692307 0.7872596153846154 0.021634615384615384 0.026442307692307692
0 0.2620192307692308 0.7944711538461539 0.052884615384615384 0.06971153846153846
0 0.11538461538461539 0.8533653846153846 0.038461538461538464 0.038461538461538464
0 0.037259615384615384 0.8798076923076923 0.04567307692307692 0.028846153846153848
0 0.2776442307692308 0.9026442307692307 0.021634615384615384 0.036057692307692304
0 0.23918269230769232 0.5144230769230769 0.05048076923076923 0.038461538461538464