0 0.4074519230769231 0.27403846153846156 0.055288461538461536 0.057692307692307696
0 0.3425480769230769 0.2956730769230769 0.05048076923076923 0.057692307692307696
0 0.4362980769230769 0.3485576923076923 0.04567307692307692 0.052884615384615384
0 0.23918269230769232 0.36538461538461536 0.055288461538461536 0.0625
0 0.1310096153846154 0.40384615384615385 0.04567307692307692 0.04326923076923077
0 0.15504807692307693 0.4050480769230769 0.03125 0.036057692307692304
0 0.18990384615384615 0.4206730769230769 0.03365384615384615 0.038461538461538464
0 0.4375 0.484375 0.04326923076923077 0.06009615384615385
0 0.3125 0.0625 0.057692307692307696 0.057692307692307696
0 0.24278846153846154 0.06971153846153846 0.052884615384615384 0.04326923076923077
0 0.27283653846153844 0.10096153846153846 0.036057692307692304 0.038461538461538464
0 0.42908653846153844 0.12860576923076922 0.04567307692307692 0.055288461538461536
0 0.6225961538461539 0.41947115384615385 0.038461538461538464 0.036057692307692304
0 0.07932692307692307 0.5997596153846154 0.057692307692307696 0.040865384615384616
0 0.9483173076923077 0.9170673076923077 0.036057692307692304 0.03125