0 0.5901442307692307 0.026442307692307692 0.07451923076923077 0.038461538461538464
0 0.8221153846153846 0.040865384615384616 0.03365384615384615 0.04326923076923077
0 0.8629807692307693 0.042067307692307696 0.03365384615384615 0.03125
0 0.7163461538461539 0.07091346153846154 0.04807692307692308 0.03125
0 0.5480769230769231 0.078125 0.0625 0.04567307692307692
0 0.6862980769230769 0.08052884615384616 0.040865384615384616 0.036057692307692304
0 0.4795673076923077 0.125 0.055288461538461536 0.04326923076923077
0 0.9050480769230769 0.12980769230769232 0.036057692307692304 0.04326923076923077
0 0.6911057692307693 0.13701923076923078 0.06490384615384616 0.028846153846153848
0 0.8798076923076923 0.21394230769230768 0.04807692307692308 0.028846153846153848
0 0.8149038461538461 0.01201923076923077 0.04326923076923077 0.02403846153846154
0 0.4651442307692308 0.013221153846153846 0.03125 0.026442307692307692
0 0.9038461538461539 0.44591346153846156 0.038461538461538464 0.007211538461538462
0 0.6911057692307693 0.44591346153846156 0.06490384615384616 0.007211538461538462
0 0.8798076923076923 0.3798076923076923 0.04807692307692308 0.028846153846153848
0 0.32211538461538464 0.7235576923076923 0.03365384615384615 0.03365384615384615
0 0.8689903846153846 0.7307692307692307 0.04567307692307692 0.04326923076923077
0 0.7475961538461539 0.7956730769230769 0.057692307692307696 0.057692307692307696
0 0.9819711538461539 0.8040865384615384 0.036057692307692304 0.026442307692307692
0 0.6574519230769231 0.8257211538461539 0.06490384615384616 0.04567307692307692
0 0.8137019230769231 0.8485576923076923 0.09375 0.0625
0 0.9423076923076923 0.8689903846153846 0.038461538461538464 0.05048076923076923
0 0.6778846153846154 0.8701923076923077 0.04807692307692308 0.03365384615384615
0 0.34975961538461536 0.9038461538461539 0.06971153846153846 0.0673076923076923
0 0.8701923076923077 0.9182692307692307 0.07211538461538461 0.052884615384615384
0 0.9663461538461539 0.9387019230769231 0.057692307692307696 0.04567307692307692
0 0.44350961538461536 0.9747596153846154 0.06971153846153846 0.05048076923076923
0 0.7295673076923077 0.5264423076923077 0.06009615384615385 0.0625
0 0.6838942307692307 0.5348557692307693 0.06490384615384616 0.06971153846153846
0 0.4206730769230769 0.5625 0.0673076923076923 0.057692307692307696