0 0.4387019230769231 0.39302884615384615 0.06009615384615385 0.055288461538461536
0 0.3762019230769231 0.4579326923076923 0.04567307692307692 0.055288461538461536
0 0.3233173076923077 0.47596153846153844 0.055288461538461536 0.0673076923076923
0 0.6213942307692307 0.08052884615384616 0.026442307692307692 0.026442307692307692
0 0.6057692307692307 0.16105769230769232 0.03365384615384615 0.03365384615384615
0 0.7680288461538461 0.45552884615384615 0.036057692307692304 0.03125
0 0.7223557692307693 0.4855769230769231 0.036057692307692304 0.03365384615384615
0 0.6045673076923077 0.49278846153846156 0.03125 0.03365384615384615
0 0.6418269230769231 0.5204326923076923 0.028846153846153848 0.016826923076923076
0 0.6502403846153846 0.9795673076923077 0.036057692307692304 0.03125
0 0.5949519230769231 0.9903846153846154 0.01201923076923077 0.019230769230769232