0 0.08052884615384616 0.19591346153846154 0.036057692307692304 0.036057692307692304
0 0.11658653846153846 0.234375 0.055288461538461536 0.036057692307692304
0 0.1502403846153846 0.4375 0.040865384615384616 0.03365384615384615
0 0.8257211538461539 0.1971153846153846 0.03125 0.019230769230769232
0 0.6742788461538461 0.29086538461538464 0.026442307692307692 0.028846153846153848
0 0.5853365384615384 0.33052884615384615 0.12740384615384615 0.0985576923076923
0 0.7451923076923077 0.3786057692307692 0.028846153846153848 0.026442307692307692
0 0.7536057692307693 0.39663461538461536 0.021634615384615384 0.02403846153846154
0 0.7680288461538461 0.4170673076923077 0.026442307692307692 0.03125
0 0.8521634615384616 0.41586538461538464 0.026442307692307692 0.02403846153846154
0 0.8786057692307693 0.4266826923076923 0.021634615384615384 0.021634615384615384
0 0.8629807692307693 0.43509615384615385 0.019230769230769232 0.02403846153846154
0 0.5673076923076923 0.46634615384615385 0.03365384615384615 0.03365384615384615
0 0.9098557692307693 0.46875 0.026442307692307692 0.028846153846153848
0 0.8641826923076923 0.46875 0.026442307692307692 0.028846153846153848
0 0.6875 0.47115384615384615 0.028846153846153848 0.028846153846153848
0 0.8846153846153846 0.4795673076923077 0.02403846153846154 0.03125
0 0.7331730769230769 0.5288461538461539 0.02403846153846154 0.019230769230769232
0 0.15745192307692307 0.8617788461538461 0.036057692307692304 0.03125
0 0.0985576923076923 0.9591346153846154 0.02403846153846154 0.028846153846153848
0 0.5973557692307693 0.7067307692307693 0.040865384615384616 0.03365384615384615