0 0.4567307692307692 0.46153846153846156 0.04326923076923077 0.03365384615384615
0 0.7548076923076923 0.12259615384615384 0.04326923076923077 0.03365384615384615
0 0.7920673076923077 0.22115384615384615 0.036057692307692304 0.038461538461538464
0 0.7560096153846154 0.42427884615384615 0.040865384615384616 0.055288461538461536
0 0.7331730769230769 0.5168269230769231 0.038461538461538464 0.03365384615384615
0 0.5709134615384616 0.8112980769230769 0.036057692307692304 0.03125
0 0.6153846153846154 0.84375 0.038461538461538464 0.038461538461538464
0 0.7884615384615384 0.8882211538461539 0.04326923076923077 0.04567307692307692
0 0.7331730769230769 0.9495192307692307 0.04807692307692308 0.04326923076923077
0 0.5588942307692307 0.9699519230769231 0.021634615384615384 0.026442307692307692
0 0.7896634615384616 0.9723557692307693 0.040865384615384616 0.05048076923076923
0 0.6574519230769231 0.9735576923076923 0.036057692307692304 0.03365384615384615
0 0.6923076923076923 0.9819711538461539 0.03365384615384615 0.036057692307692304