0 0.24639423076923078 0.06850961538461539 0.03125 0.03125
0 0.34615384615384615 0.09495192307692307 0.038461538461538464 0.03125
0 0.7824519230769231 0.23677884615384615 0.04567307692307692 0.036057692307692304
0 0.29927884615384615 0.5228365384615384 0.040865384615384616 0.040865384615384616
0 0.36538461538461536 0.6334134615384616 0.028846153846153848 0.040865384615384616
0 0.010817307692307692 0.6778846153846154 0.021634615384615384 0.04326923076923077
0 0.08653846153846154 0.9290865384615384 0.03365384615384615 0.040865384615384616
0 0.8257211538461539 0.6959134615384616 0.021634615384615384 0.021634615384615384
0 0.7572115384615384 0.7223557692307693 0.038461538461538464 0.040865384615384616
0 0.8858173076923077 0.7980769230769231 0.016826923076923076 0.019230769230769232
0 0.6478365384615384 0.8088942307692307 0.021634615384615384 0.021634615384615384
0 0.6610576923076923 0.8365384615384616 0.052884615384615384 0.03365384615384615