0 0.359375 0.06610576923076923 0.03125 0.026442307692307692
0 0.3137019230769231 0.10096153846153846 0.036057692307692304 0.03365384615384615
0 0.27283653846153844 0.20192307692307693 0.03125 0.03365384615384615
0 0.296875 0.21394230769230768 0.036057692307692304 0.03365384615384615
0 0.19230769230769232 0.26802884615384615 0.03365384615384615 0.03125
0 0.2956730769230769 0.3449519230769231 0.03365384615384615 0.026442307692307692
0 0.42908653846153844 0.4795673076923077 0.036057692307692304 0.036057692307692304
0 0.41466346153846156 0.5144230769230769 0.026442307692307692 0.03365384615384615
0 0.6045673076923077 0.30528846153846156 0.03125 0.02403846153846154
0 0.6358173076923077 0.3088942307692308 0.026442307692307692 0.03125
0 0.9086538461538461 0.3713942307692308 0.028846153846153848 0.026442307692307692
0 0.34615384615384615 0.75 0.03365384615384615 0.03365384615384615