0 0.48677884615384615 0.007211538461538462 0.040865384615384616 0.014423076923076924
0 0.34375 0.040865384615384616 0.028846153846153848 0.02403846153846154
0 0.5793269230769231 0.3161057692307692 0.028846153846153848 0.03125
0 0.5564903846153846 0.38221153846153844 0.03125 0.03365384615384615
0 0.6346153846153846 0.4074519230769231 0.02403846153846154 0.026442307692307692
0 0.6658653846153846 0.4182692307692308 0.014423076923076924 0.019230769230769232
0 0.9350961538461539 0.44350961538461536 0.03365384615384615 0.026442307692307692
0 0.8197115384615384 0.47475961538461536 0.028846153846153848 0.026442307692307692
0 0.7920673076923077 0.47475961538461536 0.036057692307692304 0.026442307692307692
0 0.016826923076923076 0.6177884615384616 0.03365384615384615 0.03365384615384615
0 0.21754807692307693 0.6418269230769231 0.06971153846153846 0.057692307692307696
0 0.1346153846153846 0.6670673076923077 0.04807692307692308 0.04567307692307692
0 0.12620192307692307 0.7139423076923077 0.05048076923076923 0.04326923076923077
0 0.21033653846153846 0.7307692307692307 0.04567307692307692 0.057692307692307696
0 0.2704326923076923 0.7403846153846154 0.04567307692307692 0.052884615384615384
0 0.4206730769230769 0.7475961538461539 0.04807692307692308 0.04326923076923077
0 0.016826923076923076 0.7944711538461539 0.03365384615384615 0.06971153846153846
0 0.07451923076923077 0.8004807692307693 0.052884615384615384 0.04807692307692308
0 0.20072115384615385 0.8076923076923077 0.06009615384615385 0.052884615384615384
0 0.34615384615384615 0.8401442307692307 0.052884615384615384 0.06009615384615385
0 0.40384615384615385 0.8521634615384616 0.0625 0.08413461538461539
0 0.015625 0.8617788461538461 0.03125 0.05048076923076923
0 0.2704326923076923 0.8665865384615384 0.06971153846153846 0.06490384615384616
0 0.16947115384615385 0.8834134615384616 0.0889423076923077 0.06490384615384616
0 0.08052884615384616 0.9759615384615384 0.05048076923076923 0.04807692307692308
0 0.27283653846153844 0.5444711538461539 0.05048076923076923 0.036057692307692304