0 0.06490384615384616 0.5168269230769231 0.03365384615384615 0.038461538461538464
0 0.08774038461538461 0.5204326923076923 0.040865384615384616 0.03125
0 0.3088942307692308 0.5901442307692307 0.040865384615384616 0.06490384615384616
0 0.2764423076923077 0.6189903846153846 0.07211538461538461 0.021634615384615384
0 0.9771634615384616 0.30649038461538464 0.03125 0.03125
0 0.04326923076923077 0.6995192307692307 0.03365384615384615 0.028846153846153848
0 0.006009615384615385 0.7235576923076923 0.01201923076923077 0.02403846153846154
0 0.09495192307692307 0.9350961538461539 0.026442307692307692 0.02403846153846154
0 0.1310096153846154 0.9459134615384616 0.036057692307692304 0.040865384615384616
0 0.1310096153846154 0.9447115384615384 0.03125 0.02403846153846154
0 0.15504807692307693 0.9891826923076923 0.021634615384615384 0.021634615384615384