0 0.17307692307692307 0.19471153846153846 0.03365384615384615 0.028846153846153848
0 0.21514423076923078 0.21153846153846154 0.03125 0.019230769230769232
0 0.19591346153846154 0.23798076923076922 0.021634615384615384 0.019230769230769232
0 0.12860576923076922 0.23918269230769232 0.040865384615384616 0.03125
0 0.8605769230769231 0.4050480769230769 0.0625 0.04567307692307692
0 0.12620192307692307 0.6778846153846154 0.040865384615384616 0.03365384615384615
0 0.265625 0.7872596153846154 0.04567307692307692 0.036057692307692304
0 0.11778846153846154 0.8221153846153846 0.04326923076923077 0.057692307692307696
0 0.296875 0.9326923076923077 0.040865384615384616 0.052884615384615384
0 0.9903846153846154 0.6778846153846154 0.019230769230769232 0.028846153846153848
0 0.8100961538461539 0.7391826923076923 0.038461538461538464 0.040865384615384616
0 0.8533653846153846 0.8617788461538461 0.028846153846153848 0.036057692307692304