0 0.24158653846153846 0.3293269230769231 0.026442307692307692 0.04326923076923077
0 0.8846153846153846 0.08653846153846154 0.04326923076923077 0.03365384615384615
0 0.7884615384615384 0.09975961538461539 0.04326923076923077 0.040865384615384616
0 0.9050480769230769 0.15144230769230768 0.036057692307692304 0.04326923076923077
0 0.9591346153846154 0.32211538461538464 0.03365384615384615 0.038461538461538464
0 0.828125 0.006009615384615385 0.04567307692307692 0.01201923076923077
0 0.13221153846153846 0.8329326923076923 0.038461538461538464 0.040865384615384616
0 0.7836538461538461 0.6742788461538461 0.02403846153846154 0.021634615384615384
0 0.7848557692307693 0.6923076923076923 0.021634615384615384 0.019230769230769232
0 0.9338942307692307 0.6947115384615384 0.026442307692307692 0.02403846153846154
0 0.7944711538461539 0.8112980769230769 0.03125 0.026442307692307692
0 0.8822115384615384 0.84375 0.04326923076923077 0.038461538461538464
0 0.8894230769230769 0.8774038461538461 0.04326923076923077 0.03365384615384615
0 0.9182692307692307 0.9423076923076923 0.019230769230769232 0.02403846153846154