0 0.390625 0.10576923076923077 0.021634615384615384 0.02403846153846154
0 0.4807692307692308 0.12860576923076922 0.019230769230769232 0.021634615384615384
0 0.6021634615384616 0.12980769230769232 0.026442307692307692 0.019230769230769232
0 0.38100961538461536 0.14903846153846154 0.016826923076923076 0.014423076923076924
0 0.4675480769230769 0.1814903846153846 0.021634615384615384 0.021634615384615384
0 0.34134615384615385 0.18269230769230768 0.02403846153846154 0.014423076923076924
0 0.40384615384615385 0.19831730769230768 0.028846153846153848 0.021634615384615384
0 0.3173076923076923 0.40625 0.014423076923076924 0.019230769230769232
0 0.25721153846153844 0.40625 0.02403846153846154 0.019230769230769232
0 0.34134615384615385 0.5096153846153846 0.028846153846153848 0.02403846153846154
0 0.31850961538461536 0.5372596153846154 0.026442307692307692 0.021634615384615384
0 0.390625 0.5396634615384616 0.021634615384615384 0.026442307692307692
0 0.3269230769230769 0.6490384615384616 0.028846153846153848 0.019230769230769232
0 0.5516826923076923 0.7752403846153846 0.026442307692307692 0.026442307692307692
0 0.5072115384615384 0.7908653846153846 0.02403846153846154 0.019230769230769232
0 0.44711538461538464 0.08413461538461539 0.02403846153846154 0.02403846153846154
0 0.8389423076923077 0.34375 0.052884615384615384 0.04326923076923077
0 0.7764423076923077 0.3605769230769231 0.014423076923076924 0.03365384615384615
0 0.8834134615384616 0.6574519230769231 0.04567307692307692 0.040865384615384616