0 0.2608173076923077 0.29447115384615385 0.07451923076923077 0.11298076923076923
0 0.3449519230769231 0.33413461538461536 0.06009615384615385 0.052884615384615384
0 0.3581730769230769 0.4519230769230769 0.0673076923076923 0.07211538461538461
0 0.22355769230769232 0.03245192307692308 0.057692307692307696 0.05048076923076923
0 0.11899038461538461 0.07932692307692307 0.06009615384615385 0.038461538461538464
0 0.14423076923076922 0.12259615384615384 0.0625 0.052884615384615384
0 0.9915865384615384 0.3004807692307692 0.016826923076923076 0.10096153846153846
0 0.0829326923076923 0.5480769230769231 0.06971153846153846 0.019230769230769232
0 0.026442307692307692 0.6322115384615384 0.04807692307692308 0.04807692307692308
0 0.3245192307692308 0.7704326923076923 0.0673076923076923 0.05048076923076923
0 0.14182692307692307 0.8485576923076923 0.09615384615384616 0.04326923076923077
0 0.15384615384615385 0.9507211538461539 0.04326923076923077 0.026442307692307692
0 0.8762019230769231 0.9326923076923077 0.040865384615384616 0.03365384615384615