0 0.30408653846153844 0.11778846153846154 0.05048076923076923 0.052884615384615384
0 0.3737980769230769 0.4110576923076923 0.03125 0.028846153846153848
0 0.796875 0.41346153846153844 0.04567307692307692 0.03365384615384615
0 0.6069711538461539 0.6105769230769231 0.04567307692307692 0.014423076923076924
0 0.6237980769230769 0.0829326923076923 0.07451923076923077 0.06009615384615385
0 0.9074519230769231 0.10697115384615384 0.05048076923076923 0.040865384615384616
0 0.8509615384615384 0.16706730769230768 0.057692307692307696 0.026442307692307692
0 0.7764423076923077 0.17668269230769232 0.057692307692307696 0.036057692307692304
0 0.7091346153846154 0.21514423076923078 0.04326923076923077 0.055288461538461536
0 0.609375 0.31009615384615385 0.05048076923076923 0.03365384615384615
0 0.07211538461538461 0.8966346153846154 0.038461538461538464 0.038461538461538464
0 0.140625 0.6598557692307693 0.06009615384615385 0.055288461538461536