0 0.5132211538461539 0.23677884615384615 0.040865384615384616 0.026442307692307692
0 0.14423076923076922 0.3629807692307692 0.03365384615384615 0.028846153846153848
0 0.203125 0.7295673076923077 0.03125 0.03125
0 0.11177884615384616 0.7536057692307693 0.040865384615384616 0.040865384615384616
0 0.8185096153846154 0.3449519230769231 0.026442307692307692 0.026442307692307692
0 0.4050480769230769 0.6033653846153846 0.021634615384615384 0.03365384615384615
0 0.6141826923076923 0.7043269230769231 0.021634615384615384 0.028846153846153848
0 0.5817307692307693 0.7115384615384616 0.038461538461538464 0.03365384615384615
0 0.44471153846153844 0.7439903846153846 0.02403846153846154 0.03125
0 0.8497596153846154 0.7716346153846154 0.026442307692307692 0.02403846153846154
0 0.5276442307692307 0.8305288461538461 0.021634615384615384 0.021634615384615384
0 0.6911057692307693 0.921875 0.026442307692307692 0.03125