0 0.36899038461538464 0.042067307692307696 0.03125 0.040865384615384616
0 0.16826923076923078 0.28966346153846156 0.038461538461538464 0.036057692307692304
0 0.21754807692307693 0.3245192307692308 0.026442307692307692 0.03365384615384615
0 0.8978365384615384 0.013221153846153846 0.036057692307692304 0.026442307692307692
0 0.057692307692307696 0.71875 0.02403846153846154 0.019230769230769232
0 0.09254807692307693 0.8137019230769231 0.021634615384615384 0.026442307692307692
0 0.27884615384615385 0.8161057692307693 0.02403846153846154 0.026442307692307692
0 0.2439903846153846 0.8257211538461539 0.026442307692307692 0.026442307692307692
0 0.22956730769230768 0.8413461538461539 0.021634615384615384 0.019230769230769232
0 0.2439903846153846 0.8665865384615384 0.03125 0.021634615384615384
0 0.3425480769230769 0.890625 0.021634615384615384 0.021634615384615384
0 0.15504807692307693 0.9927884615384616 0.021634615384615384 0.014423076923076924