0 0.019230769230769232 0.29086538461538464 0.038461538461538464 0.03365384615384615
0 0.06850961538461539 0.34134615384615385 0.06009615384615385 0.04807692307692308
0 0.8846153846153846 0.006009615384615385 0.038461538461538464 0.01201923076923077
0 0.23197115384615385 0.6526442307692307 0.036057692307692304 0.03125
0 0.18629807692307693 0.6826923076923077 0.036057692307692304 0.03365384615384615
0 0.06370192307692307 0.6899038461538461 0.040865384615384616 0.03365384615384615
0 0.10576923076923077 0.7211538461538461 0.028846153846153848 0.02403846153846154
0 0.016826923076923076 0.7295673076923077 0.03365384615384615 0.04567307692307692
0 0.0673076923076923 0.7908653846153846 0.04807692307692308 0.04326923076923077
0 0.016826923076923076 0.8137019230769231 0.03365384615384615 0.05048076923076923
0 0.14543269230769232 0.8149038461538461 0.036057692307692304 0.03365384615384615
0 0.10817307692307693 0.8233173076923077 0.03365384615384615 0.036057692307692304
0 0.6274038461538461 0.9723557692307693 0.03365384615384615 0.04567307692307692
0 0.6634615384615384 0.625 0.04326923076923077 0.038461538461538464