0 0.7704326923076923 0.2980769230769231 0.06009615384615385 0.0625
0 0.9771634615384616 0.5168269230769231 0.04567307692307692 0.052884615384615384
0 0.29927884615384615 0.78125 0.05048076923076923 0.028846153846153848
0 0.33052884615384615 0.8365384615384616 0.07451923076923077 0.04326923076923077
0 0.36658653846153844 0.921875 0.08413461538461539 0.05048076923076923
0 0.13581730769230768 0.6346153846153846 0.036057692307692304 0.019230769230769232
0 0.4014423076923077 0.6730769230769231 0.052884615384615384 0.04326923076923077
0 0.9891826923076923 0.7271634615384616 0.021634615384615384 0.05048076923076923
0 0.8689903846153846 0.7764423076923077 0.07451923076923077 0.0625
0 0.859375 0.8737980769230769 0.07451923076923077 0.10817307692307693
0 0.5516826923076923 0.9290865384615384 0.04567307692307692 0.06009615384615385
0 0.8016826923076923 0.953125 0.06009615384615385 0.07932692307692307
0 0.7596153846153846 0.9603365384615384 0.0673076923076923 0.07451923076923077
0 0.5625 0.9735576923076923 0.0625 0.04326923076923077
0 0.7043269230769231 0.5685096153846154 0.04807692307692308 0.021634615384615384