0 0.3329326923076923 0.051682692307692304 0.03125 0.03125
0 0.8689903846153846 0.2247596153846154 0.05048076923076923 0.04567307692307692
0 0.8473557692307693 0.35096153846153844 0.040865384615384616 0.04326923076923077
0 0.7127403846153846 0.5408653846153846 0.016826923076923076 0.004807692307692308
0 0.7992788461538461 0.5685096153846154 0.021634615384615384 0.021634615384615384
0 0.6730769230769231 0.5697115384615384 0.02403846153846154 0.014423076923076924
0 0.7355769230769231 0.5853365384615384 0.028846153846153848 0.021634615384615384
0 0.6490384615384616 0.7932692307692307 0.014423076923076924 0.019230769230769232
0 0.5889423076923077 0.7932692307692307 0.02403846153846154 0.019230769230769232
0 0.6730769230769231 0.8966346153846154 0.028846153846153848 0.02403846153846154
0 0.6502403846153846 0.9242788461538461 0.026442307692307692 0.021634615384615384
0 0.7223557692307693 0.9266826923076923 0.021634615384615384 0.026442307692307692