0 0.4651442307692308 0.7632211538461539 0.06490384615384616 0.04567307692307692
0 0.5901442307692307 0.8449519230769231 0.04567307692307692 0.036057692307692304
0 0.38822115384615385 0.9278846153846154 0.06490384615384616 0.0625
0 0.5588942307692307 0.9879807692307693 0.0889423076923077 0.02403846153846154
0 0.53125 0.6165865384615384 0.08173076923076923 0.055288461538461536
0 0.30649038461538464 0.6646634615384616 0.06490384615384616 0.06490384615384616
0 0.5600961538461539 0.6670673076923077 0.052884615384615384 0.05048076923076923
0 0.4675480769230769 0.6814903846153846 0.04567307692307692 0.040865384615384616
0 0.4723557692307692 0.6814903846153846 0.06009615384615385 0.055288461538461536
0 0.2536057692307692 0.7175480769230769 0.06490384615384616 0.055288461538461536
0 0.53125 0.3786057692307692 0.08173076923076923 0.040865384615384616