0 0.24879807692307693 0.3545673076923077 0.036057692307692304 0.040865384615384616
0 0.53125 0.34134615384615385 0.04326923076923077 0.028846153846153848
0 0.4699519230769231 0.39663461538461536 0.03125 0.03365384615384615
0 0.12259615384615384 0.4375 0.04807692307692308 0.019230769230769232
0 0.8569711538461539 0.4483173076923077 0.06490384615384616 0.040865384615384616
0 0.6454326923076923 0.48677884615384615 0.06490384615384616 0.04567307692307692
0 0.5204326923076923 0.5685096153846154 0.04567307692307692 0.036057692307692304
0 0.7223557692307693 0.6538461538461539 0.06490384615384616 0.0625
0 0.5516826923076923 0.7355769230769231 0.0889423076923077 0.0673076923076923
0 0.5661057692307693 0.7884615384615384 0.036057692307692304 0.03365384615384615
0 0.5661057692307693 0.9759615384615384 0.036057692307692304 0.03365384615384615