0 0.44591346153846156 0.30288461538461536 0.055288461538461536 0.0625
0 0.9867788461538461 0.21033653846153846 0.026442307692307692 0.04567307692307692
0 0.8762019230769231 0.5228365384615384 0.05048076923076923 0.036057692307692304
0 0.13581730769230768 0.5745192307692307 0.040865384615384616 0.03365384615384615
0 0.34615384615384615 0.5853365384615384 0.038461538461538464 0.036057692307692304
0 0.21033653846153846 0.6129807692307693 0.040865384615384616 0.028846153846153848
0 0.39302884615384615 0.6177884615384616 0.036057692307692304 0.02403846153846154
0 0.32572115384615385 0.75 0.04567307692307692 0.04326923076923077
0 0.35216346153846156 0.8221153846153846 0.03125 0.028846153846153848
0 0.27524038461538464 0.8449519230769231 0.040865384615384616 0.036057692307692304
0 0.1935096153846154 0.8629807692307693 0.026442307692307692 0.02403846153846154
0 0.015625 0.9807692307692307 0.03125 0.038461538461538464
0 0.07692307692307693 0.9915865384615384 0.028846153846153848 0.016826923076923076
0 0.12379807692307693 0.9927884615384616 0.040865384615384616 0.014423076923076924
0 0.984375 0.5733173076923077 0.03125 0.040865384615384616
0 0.9819711538461539 0.6237980769230769 0.036057692307692304 0.040865384615384616