0 0.41466346153846156 0.3293269230769231 0.040865384615384616 0.038461538461538464
0 0.4495192307692308 0.34134615384615385 0.03365384615384615 0.02403846153846154
0 0.17908653846153846 0.7235576923076923 0.03125 0.02403846153846154
0 0.21153846153846154 0.9110576923076923 0.028846153846153848 0.038461538461538464
0 0.37259615384615385 0.9603365384615384 0.028846153846153848 0.026442307692307692
0 0.15985576923076922 0.9807692307692307 0.036057692307692304 0.038461538461538464
0 0.18629807692307693 0.9807692307692307 0.03125 0.03365384615384615
0 0.36778846153846156 0.9867788461538461 0.03365384615384615 0.026442307692307692
0 0.859375 0.7860576923076923 0.055288461538461536 0.052884615384615384
0 0.5661057692307693 0.8161057692307693 0.055288461538461536 0.04567307692307692
0 0.7680288461538461 0.9543269230769231 0.07932692307692307 0.057692307692307696
0 0.5757211538461539 0.48677884615384615 0.0889423076923077 0.06971153846153846
0 0.5841346153846154 0.5504807692307693 0.057692307692307696 0.057692307692307696
0 0.9086538461538461 0.5721153846153846 0.0625 0.052884615384615384
0 0.7379807692307693 0.5877403846153846 0.04807692307692308 0.06490384615384616