0 0.4338942307692308 0.46033653846153844 0.040865384615384616 0.04567307692307692
0 0.2932692307692308 0.5204326923076923 0.04326923076923077 0.016826923076923076
0 0.6730769230769231 0.35336538461538464 0.04326923076923077 0.04326923076923077
0 0.5649038461538461 0.4375 0.052884615384615384 0.038461538461538464
0 0.44591346153846156 0.7776442307692307 0.026442307692307692 0.04567307692307692
0 0.44591346153846156 0.8954326923076923 0.021634615384615384 0.026442307692307692
0 0.13341346153846154 0.8978365384615384 0.06971153846153846 0.04567307692307692
0 0.27524038461538464 0.9026442307692307 0.06009615384615385 0.06971153846153846
0 0.18870192307692307 0.9110576923076923 0.06009615384615385 0.052884615384615384
0 0.4230769230769231 0.9615384615384616 0.038461538461538464 0.038461538461538464
0 0.2403846153846154 0.9951923076923077 0.0625 0.009615384615384616