0 0.07211538461538461 0.3557692307692308 0.038461538461538464 0.038461538461538464
0 0.8737980769230769 0.020432692307692308 0.036057692307692304 0.03125
0 0.8257211538461539 0.021634615384615384 0.026442307692307692 0.028846153846153848
0 0.9086538461538461 0.021634615384615384 0.04326923076923077 0.028846153846153848
0 0.9134615384615384 0.06129807692307692 0.04807692307692308 0.040865384615384616
0 0.9831730769230769 0.08774038461538461 0.03365384615384615 0.03125
0 0.9423076923076923 0.11538461538461539 0.038461538461538464 0.02403846153846154
0 0.96875 0.14182692307692307 0.03365384615384615 0.03365384615384615
0 0.8040865384615384 0.14302884615384615 0.036057692307692304 0.03125
0 0.9002403846153846 0.15264423076923078 0.04567307692307692 0.036057692307692304
0 0.3245192307692308 0.7235576923076923 0.07692307692307693 0.08653846153846154
0 0.07451923076923077 0.9771634615384616 0.03365384615384615 0.04567307692307692
0 0.15264423076923078 0.9759615384615384 0.06009615384615385 0.04807692307692308
0 0.18990384615384615 0.9951923076923077 0.03365384615384615 0.009615384615384616
0 0.3737980769230769 0.4987980769230769 0.05048076923076923 0.04567307692307692
0 0.6502403846153846 0.6346153846153846 0.04567307692307692 0.03365384615384615