0 0.08653846153846154 0.21514423076923078 0.038461538461538464 0.036057692307692304
0 0.015625 0.3293269230769231 0.03125 0.04326923076923077
0 0.43990384615384615 0.34375 0.019230769230769232 0.038461538461538464
0 0.037259615384615384 0.3485576923076923 0.03125 0.02403846153846154
0 0.9639423076923077 0.02403846153846154 0.07211538461538461 0.04807692307692308
0 0.7752403846153846 0.078125 0.040865384615384616 0.040865384615384616
0 0.8834134615384616 0.08413461538461539 0.036057692307692304 0.028846153846153848
0 0.9002403846153846 0.14182692307692307 0.05048076923076923 0.038461538461538464
0 0.9855769230769231 0.16706730769230768 0.028846153846153848 0.06490384615384616
0 0.7584134615384616 0.24879807692307693 0.05048076923076923 0.040865384615384616
0 0.8894230769230769 0.2548076923076923 0.04326923076923077 0.03365384615384615
0 0.6213942307692307 0.515625 0.10336538461538461 0.07932692307692307
0 0.6598557692307693 0.65625 0.06490384615384616 0.04326923076923077
0 0.5 0.6658653846153846 0.04326923076923077 0.057692307692307696
0 0.8533653846153846 0.6742788461538461 0.038461538461538464 0.040865384615384616
0 0.48677884615384615 0.7139423076923077 0.055288461538461536 0.0625
0 0.9158653846153846 0.8112980769230769 0.08173076923076923 0.06490384615384616
0 0.8461538461538461 0.8245192307692307 0.04326923076923077 0.04807692307692308
0 0.8185096153846154 0.8725961538461539 0.04567307692307692 0.03365384615384615