0 0.4723557692307692 0.0733173076923077 0.036057692307692304 0.040865384615384616
0 0.44350961538461536 0.07692307692307693 0.026442307692307692 0.03365384615384615
0 0.7644230769230769 0.04567307692307692 0.02403846153846154 0.02403846153846154
0 0.8125 0.0673076923076923 0.02403846153846154 0.02403846153846154
0 0.6286057692307693 0.10096153846153846 0.026442307692307692 0.02403846153846154
0 0.026442307692307692 0.4891826923076923 0.04326923076923077 0.040865384615384616
0 0.09735576923076923 0.6911057692307693 0.04567307692307692 0.04567307692307692
0 0.17307692307692307 0.7211538461538461 0.038461538461538464 0.04326923076923077
0 0.6045673076923077 0.6899038461538461 0.040865384615384616 0.03365384615384615
0 0.7439903846153846 0.7992788461538461 0.04567307692307692 0.036057692307692304
0 0.5961538461538461 0.8341346153846154 0.04326923076923077 0.057692307692307696
0 0.7752403846153846 0.9447115384615384 0.040865384615384616 0.052884615384615384