0 0.27884615384615385 0.22115384615384615 0.03365384615384615 0.028846153846153848
0 0.22596153846153846 0.36538461538461536 0.052884615384615384 0.03365384615384615
0 0.1310096153846154 0.019230769230769232 0.021634615384615384 0.02403846153846154
0 0.640625 0.1971153846153846 0.08413461538461539 0.0673076923076923
0 0.8786057692307693 0.2247596153846154 0.06971153846153846 0.06971153846153846
0 0.7439903846153846 0.2283653846153846 0.055288461538461536 0.057692307692307696
0 0.7175480769230769 0.29927884615384615 0.06490384615384616 0.06971153846153846
0 0.7247596153846154 0.4170673076923077 0.06009615384615385 0.055288461538461536
0 0.4338942307692308 0.796875 0.05048076923076923 0.04567307692307692
0 0.3473557692307692 0.8233173076923077 0.055288461538461536 0.055288461538461536
0 0.5132211538461539 0.9362980769230769 0.05048076923076923 0.06971153846153846
0 0.9519230769230769 0.5084134615384616 0.038461538461538464 0.036057692307692304
0 0.9230769230769231 0.6538461538461539 0.03365384615384615 0.03365384615384615
0 0.8858173076923077 0.8689903846153846 0.026442307692307692 0.036057692307692304