0 0.234375 0.028846153846153848 0.12259615384615384 0.057692307692307696
0 0.47596153846153844 0.06129807692307692 0.0625 0.06971153846153846
0 0.4098557692307692 0.109375 0.055288461538461536 0.04567307692307692
0 0.18629807692307693 0.13701923076923078 0.0889423076923077 0.08653846153846154
0 0.3701923076923077 0.15745192307692307 0.04326923076923077 0.05048076923076923
0 0.42788461538461536 0.16947115384615385 0.057692307692307696 0.07932692307692307
0 0.48677884615384615 0.17908653846153846 0.06009615384615385 0.07451923076923077
0 0.31971153846153844 0.19230769230769232 0.08653846153846154 0.0625
0 0.38822115384615385 0.21153846153846154 0.06490384615384616 0.052884615384615384
0 0.5204326923076923 0.22596153846153846 0.04567307692307692 0.04326923076923077
0 0.3317307692307692 0.24759615384615385 0.038461538461538464 0.04326923076923077
0 0.28365384615384615 0.24759615384615385 0.0625 0.052884615384615384
0 0.31009615384615385 0.3076923076923077 0.0673076923076923 0.057692307692307696
0 0.3786057692307692 0.3245192307692308 0.06971153846153846 0.057692307692307696
0 0.5180288461538461 0.33533653846153844 0.05048076923076923 0.06490384615384616
0 0.4375 0.34615384615384615 0.04326923076923077 0.03365384615384615
0 0.34975961538461536 0.3798076923076923 0.06009615384615385 0.057692307692307696
0 0.4326923076923077 0.4014423076923077 0.0673076923076923 0.052884615384615384
0 0.014423076923076924 0.13701923076923078 0.028846153846153848 0.08653846153846154
0 0.828125 0.020432692307692308 0.0985576923076923 0.040865384615384616
0 0.6971153846153846 0.03365384615384615 0.04326923076923077 0.057692307692307696
0 0.7427884615384616 0.11057692307692307 0.038461538461538464 0.038461538461538464
0 0.6514423076923077 0.13341346153846154 0.0673076923076923 0.04567307692307692
0 0.6899038461538461 0.1502403846153846 0.03365384615384615 0.040865384615384616
0 0.828125 0.15985576923076922 0.06009615384615385 0.07451923076923077
0 0.6189903846153846 0.1875 0.021634615384615384 0.04326923076923077
0 0.8016826923076923 0.25961538461538464 0.036057692307692304 0.04807692307692308
0 0.9098557692307693 0.2608173076923077 0.08413461538461539 0.07932692307692307
0 0.7752403846153846 0.27884615384615385 0.05048076923076923 0.052884615384615384
0 0.8930288461538461 0.3762019230769231 0.026442307692307692 0.026442307692307692
0 0.6153846153846154 0.3786057692307692 0.014423076923076924 0.040865384615384616
0 0.8245192307692307 0.4014423076923077 0.07211538461538461 0.052884615384615384
0 0.054086538461538464 0.7644230769230769 0.07932692307692307 0.0673076923076923
0 0.014423076923076924 0.8365384615384616 0.028846153846153848 0.028846153846153848
0 0.9074519230769231 0.9302884615384616 0.040865384615384616 0.04326923076923077