0 0.2536057692307692 0.027644230769230768 0.07932692307692307 0.055288461538461536
0 0.35336538461538464 0.018028846153846152 0.038461538461538464 0.036057692307692304
0 0.33413461538461536 0.07211538461538461 0.04326923076923077 0.04807692307692308
0 0.27884615384615385 0.14302884615384615 0.03365384615384615 0.036057692307692304
0 0.4855769230769231 0.375 0.04807692307692308 0.0625
0 0.7512019230769231 0.3581730769230769 0.040865384615384616 0.038461538461538464
0 0.7860576923076923 0.3701923076923077 0.03365384615384615 0.02403846153846154
0 0.36778846153846156 0.6658653846153846 0.04807692307692308 0.038461538461538464
0 0.46153846153846156 0.7427884615384616 0.038461538461538464 0.028846153846153848
0 0.3449519230769231 0.7524038461538461 0.03125 0.04326923076923077
0 0.3701923076923077 0.8257211538461539 0.03365384615384615 0.040865384615384616
0 0.3425480769230769 0.9110576923076923 0.036057692307692304 0.028846153846153848
0 0.5348557692307693 0.6935096153846154 0.05048076923076923 0.055288461538461536