0 0.42908653846153844 0.3858173076923077 0.036057692307692304 0.04567307692307692
0 0.6430288461538461 0.028846153846153848 0.07451923076923077 0.057692307692307696
0 0.6754807692307693 0.13341346153846154 0.03365384615384615 0.036057692307692304
0 0.8846153846153846 0.14903846153846154 0.04807692307692308 0.04807692307692308
0 0.9867788461538461 0.2403846153846154 0.026442307692307692 0.038461538461538464
0 0.7259615384615384 0.2692307692307692 0.052884615384615384 0.0673076923076923
0 0.7728365384615384 0.2692307692307692 0.040865384615384616 0.03365384615384615
0 0.8569711538461539 0.3786057692307692 0.036057692307692304 0.04567307692307692
0 0.9963942307692307 0.38100961538461536 0.007211538461538462 0.04567307692307692
0 0.7463942307692307 0.5120192307692307 0.040865384615384616 0.03365384615384615
0 0.49278846153846156 0.9278846153846154 0.009615384615384616 0.02403846153846154