0 0.3942307692307692 0.18990384615384615 0.028846153846153848 0.03365384615384615
0 0.35336538461538464 0.35096153846153844 0.038461538461538464 0.052884615384615384
0 0.3942307692307692 0.3641826923076923 0.038461538461538464 0.040865384615384616
0 0.8413461538461539 0.12980769230769232 0.03365384615384615 0.03365384615384615
0 0.7632211538461539 0.34134615384615385 0.04567307692307692 0.03365384615384615
0 0.17427884615384615 0.5192307692307693 0.06490384615384616 0.038461538461538464
0 0.38221153846153844 0.5709134615384616 0.1346153846153846 0.14182692307692307
0 0.5444711538461539 0.6586538461538461 0.055288461538461536 0.038461538461538464
0 0.11778846153846154 0.6706730769230769 0.052884615384615384 0.04807692307692308
0 0.14182692307692307 0.7019230769230769 0.04807692307692308 0.03365384615384615
0 0.5396634615384616 0.7427884615384616 0.0985576923076923 0.1201923076923077
0 0.3545673076923077 0.9146634615384616 0.04567307692307692 0.036057692307692304
0 0.6778846153846154 0.5360576923076923 0.08173076923076923 0.07211538461538461