0 0.4266826923076923 0.25600961538461536 0.036057692307692304 0.040865384615384616
0 0.39783653846153844 0.25961538461538464 0.026442307692307692 0.03365384615384615
0 0.5997596153846154 0.11538461538461539 0.04567307692307692 0.03365384615384615
0 0.9122596153846154 0.47836538461538464 0.036057692307692304 0.019230769230769232
0 0.2932692307692308 0.5168269230769231 0.04807692307692308 0.04326923076923077
0 0.3161057692307692 0.5516826923076923 0.04567307692307692 0.03125
0 0.2920673076923077 0.5588942307692307 0.04567307692307692 0.036057692307692304
0 0.2932692307692308 0.5853365384615384 0.038461538461538464 0.036057692307692304
0 0.48197115384615385 0.6466346153846154 0.055288461538461536 0.0625
0 0.2668269230769231 0.7307692307692307 0.052884615384615384 0.038461538461538464
0 0.22956730769230768 0.7584134615384616 0.04567307692307692 0.04567307692307692
0 0.2247596153846154 0.9014423076923077 0.055288461538461536 0.04807692307692308
0 0.9302884615384616 0.921875 0.038461538461538464 0.040865384615384616