0 0.15384615384615385 0.11658653846153846 0.02403846153846154 0.021634615384615384
0 0.10697115384615384 0.13822115384615385 0.026442307692307692 0.021634615384615384
0 0.28966346153846156 0.171875 0.021634615384615384 0.021634615384615384
0 0.7644230769230769 0.27283653846153844 0.04326923076923077 0.036057692307692304
0 0.36177884615384615 0.39302884615384615 0.040865384615384616 0.036057692307692304
0 0.42908653846153844 0.421875 0.036057692307692304 0.021634615384615384
0 0.3269230769230769 0.453125 0.038461538461538464 0.036057692307692304
0 0.37259615384615385 0.46033653846153844 0.028846153846153848 0.036057692307692304
0 0.44711538461538464 0.47716346153846156 0.03365384615384615 0.03125
0 0.42908653846153844 0.5540865384615384 0.03125 0.026442307692307692
0 0.18028846153846154 0.7163461538461539 0.038461538461538464 0.03365384615384615
0 0.19471153846153846 0.7427884615384616 0.03365384615384615 0.028846153846153848
0 0.16706730769230768 0.7608173076923077 0.03125 0.021634615384615384
0 0.2800480769230769 0.7764423076923077 0.03125 0.02403846153846154
0 0.14423076923076922 0.7872596153846154 0.03365384615384615 0.03125
0 0.33774038461538464 0.8293269230769231 0.06009615384615385 0.057692307692307696
0 0.21995192307692307 0.8293269230769231 0.026442307692307692 0.028846153846153848
0 0.2439903846153846 0.8581730769230769 0.03125 0.028846153846153848