0 0.6923076923076923 0.018028846153846152 0.0673076923076923 0.036057692307692304
0 0.5685096153846154 0.027644230769230768 0.04567307692307692 0.055288461538461536
0 0.90625 0.04447115384615385 0.0673076923076923 0.05048076923076923
0 0.7932692307692307 0.2127403846153846 0.08173076923076923 0.08413461538461539
0 0.8197115384615384 0.3004807692307692 0.038461538461538464 0.04326923076923077
0 0.5997596153846154 0.4387019230769231 0.03125 0.026442307692307692
0 0.5540865384615384 0.4735576923076923 0.036057692307692304 0.03365384615384615
0 0.5132211538461539 0.5745192307692307 0.03125 0.03365384615384615
0 0.5372596153846154 0.5865384615384616 0.036057692307692304 0.03365384615384615
0 0.5360576923076923 0.7175480769230769 0.03365384615384615 0.026442307692307692
0 0.6694711538461539 0.8521634615384616 0.036057692307692304 0.036057692307692304
0 0.6550480769230769 0.8870192307692307 0.026442307692307692 0.03365384615384615