0 0.8978365384615384 0.4699519230769231 0.036057692307692304 0.016826923076923076
0 0.06009615384615385 0.4831730769230769 0.038461538461538464 0.009615384615384616
0 0.08653846153846154 0.9579326923076923 0.04326923076923077 0.036057692307692304
0 0.5889423076923077 0.5324519230769231 0.052884615384615384 0.04567307692307692
0 0.6754807692307693 0.5564903846153846 0.10576923076923077 0.09375
0 0.5096153846153846 0.6105769230769231 0.0625 0.03365384615384615
0 0.5060096153846154 0.6370192307692307 0.026442307692307692 0.019230769230769232
0 0.5709134615384616 0.7091346153846154 0.026442307692307692 0.03365384615384615
0 0.6875 0.7091346153846154 0.03365384615384615 0.02403846153846154
0 0.5264423076923077 0.7596153846153846 0.019230769230769232 0.019230769230769232
0 0.5096153846153846 0.7728365384615384 0.014423076923076924 0.016826923076923076