0 0.019230769230769232 0.12740384615384615 0.038461538461538464 0.057692307692307696
0 0.0733173076923077 0.3918269230769231 0.055288461538461536 0.038461538461538464
0 0.11538461538461539 0.47836538461538464 0.03365384615384615 0.04326923076923077
0 0.015625 0.5228365384615384 0.03125 0.07932692307692307
0 0.12980769230769232 0.5793269230769231 0.04807692307692308 0.03365384615384615
0 0.8545673076923077 0.18870192307692307 0.08413461538461539 0.07451923076923077
0 0.7451923076923077 0.20673076923076922 0.052884615384615384 0.04807692307692308
0 0.6069711538461539 0.22716346153846154 0.036057692307692304 0.06490384615384616
0 0.8629807692307693 0.3161057692307692 0.07211538461538461 0.08413461538461539
0 0.7259615384615384 0.4014423076923077 0.08173076923076923 0.057692307692307696
0 0.8653846153846154 0.41225961538461536 0.04326923076923077 0.055288461538461536
0 0.7728365384615384 0.4651442307692308 0.04567307692307692 0.055288461538461536
0 0.7379807692307693 0.5348557692307693 0.04326923076923077 0.036057692307692304
0 0.7355769230769231 0.5661057692307693 0.04326923076923077 0.03125
0 0.2247596153846154 0.6610576923076923 0.036057692307692304 0.02403846153846154