0 0.29927884615384615 0.12860576923076922 0.03125 0.026442307692307692
0 0.27884615384615385 0.14182692307692307 0.038461538461538464 0.03365384615384615
0 0.2536057692307692 0.19831730769230768 0.09375 0.08413461538461539
0 0.1971153846153846 0.30408653846153844 0.038461538461538464 0.03125
0 0.3137019230769231 0.33653846153846156 0.040865384615384616 0.03365384615384615
0 0.25841346153846156 0.37259615384615385 0.040865384615384616 0.02403846153846154
0 0.17307692307692307 0.39302884615384615 0.03365384615384615 0.026442307692307692
0 0.25240384615384615 0.39663461538461536 0.04807692307692308 0.02403846153846154
0 0.15985576923076922 0.41947115384615385 0.036057692307692304 0.026442307692307692
0 0.22716346153846154 0.4206730769230769 0.036057692307692304 0.028846153846153848
0 0.25240384615384615 0.4411057692307692 0.057692307692307696 0.04567307692307692
0 0.36538461538461536 0.10697115384615384 0.028846153846153848 0.03125
0 0.8533653846153846 0.24278846153846154 0.028846153846153848 0.02403846153846154
0 0.7584134615384616 0.2512019230769231 0.03125 0.021634615384615384
0 0.8221153846153846 0.25240384615384615 0.028846153846153848 0.019230769230769232
0 0.7824519230769231 0.2692307692307692 0.026442307692307692 0.02403846153846154
0 0.5168269230769231 0.2764423076923077 0.052884615384615384 0.057692307692307696
0 0.8882211538461539 0.31971153846153844 0.036057692307692304 0.03365384615384615
0 0.5144230769230769 0.33533653846153844 0.04326923076923077 0.036057692307692304
0 0.734375 0.5504807692307693 0.04567307692307692 0.04807692307692308
0 0.7427884615384616 0.6129807692307693 0.03365384615384615 0.03365384615384615
0 0.30528846153846156 0.6586538461538461 0.052884615384615384 0.038461538461538464
0 0.41586538461538464 0.7019230769230769 0.02403846153846154 0.03365384615384615
0 0.4230769230769231 0.7283653846153846 0.009615384615384616 0.019230769230769232
0 0.3088942307692308 0.7560096153846154 0.03125 0.026442307692307692
0 0.27884615384615385 0.7572115384615384 0.028846153846153848 0.028846153846153848
0 0.34375 0.7884615384615384 0.019230769230769232 0.019230769230769232
0 0.25 0.7920673076923077 0.04326923076923077 0.036057692307692304
0 0.2776442307692308 0.7932692307692307 0.016826923076923076 0.019230769230769232
0 0.3016826923076923 0.8064903846153846 0.03125 0.021634615384615384