0 0.06971153846153846 0.6346153846153846 0.04326923076923077 0.038461538461538464
0 0.17427884615384615 0.6550480769230769 0.05048076923076923 0.05048076923076923
0 0.010817307692307692 0.6682692307692307 0.021634615384615384 0.04326923076923077
0 0.08173076923076923 0.6995192307692307 0.028846153846153848 0.038461538461538464
0 0.04927884615384615 0.7319711538461539 0.036057692307692304 0.026442307692307692
0 0.07572115384615384 0.8185096153846154 0.06971153846153846 0.05048076923076923
0 0.4014423076923077 0.8365384615384616 0.057692307692307696 0.057692307692307696
0 0.2536057692307692 0.9074519230769231 0.04567307692307692 0.05048076923076923
0 0.5444711538461539 0.9771634615384616 0.036057692307692304 0.04567307692307692
0 0.20793269230769232 0.5264423076923077 0.036057692307692304 0.038461538461538464
0 0.14783653846153846 0.5480769230769231 0.04567307692307692 0.057692307692307696
0 0.039663461538461536 0.5528846153846154 0.06009615384615385 0.052884615384615384
0 0.019230769230769232 0.5889423076923077 0.038461538461538464 0.028846153846153848
0 0.04326923076923077 0.6117788461538461 0.04326923076923077 0.05048076923076923
0 0.5865384615384616 0.5288461538461539 0.03365384615384615 0.08653846153846154
0 0.765625 0.6286057692307693 0.06971153846153846 0.04567307692307692
0 0.9074519230769231 0.6334134615384616 0.06009615384615385 0.06971153846153846
0 0.8209134615384616 0.6418269230769231 0.06009615384615385 0.052884615384615384
0 0.8725961538461539 0.7391826923076923 0.0625 0.036057692307692304
0 0.8365384615384616 0.7487980769230769 0.052884615384615384 0.04567307692307692
0 0.8485576923076923 0.8004807692307693 0.038461538461538464 0.03365384615384615