0 0.4375 0.22596153846153846 0.0625 0.11057692307692307
0 0.5757211538461539 0.042067307692307696 0.04567307692307692 0.04567307692307692
0 0.671875 0.1310096153846154 0.036057692307692304 0.040865384615384616
0 0.6322115384615384 0.15144230769230768 0.03365384615384615 0.038461538461538464
0 0.7512019230769231 0.15264423076923078 0.040865384615384616 0.040865384615384616
0 0.6730769230769231 0.19110576923076922 0.03365384615384615 0.036057692307692304
0 0.8161057692307693 0.19831730769230768 0.03125 0.03125
0 0.6454326923076923 0.20552884615384615 0.03125 0.03125
0 0.0889423076923077 0.41947115384615385 0.04326923076923077 0.036057692307692304
0 0.2512019230769231 0.45913461538461536 0.036057692307692304 0.038461538461538464
0 0.34615384615384615 0.5709134615384616 0.04326923076923077 0.036057692307692304
0 0.3137019230769231 0.6009615384615384 0.036057692307692304 0.03365384615384615
0 0.3798076923076923 0.6742788461538461 0.038461538461538464 0.05048076923076923
0 0.24158653846153846 0.7151442307692307 0.040865384615384616 0.04567307692307692
0 0.17908653846153846 0.7247596153846154 0.040865384615384616 0.03125
0 0.12259615384615384 0.8317307692307693 0.038461538461538464 0.038461538461538464
0 0.7439903846153846 0.5997596153846154 0.036057692307692304 0.03125