0 0.35697115384615385 0.078125 0.016826923076923076 0.026442307692307692
0 0.3918269230769231 0.10817307692307693 0.014423076923076924 0.014423076923076924
0 0.36899038461538464 0.13822115384615385 0.016826923076923076 0.026442307692307692
0 0.42788461538461536 0.30528846153846156 0.038461538461538464 0.057692307692307696
0 0.3629807692307692 0.44711538461538464 0.019230769230769232 0.038461538461538464
0 0.5865384615384616 0.5 0.03365384615384615 0.019230769230769232
0 0.19831730769230768 0.009615384615384616 0.016826923076923076 0.019230769230769232
0 0.6850961538461539 0.5 0.009615384615384616 0.019230769230769232
0 0.43990384615384615 0.6610576923076923 0.04326923076923077 0.038461538461538464
0 0.33533653846153844 0.6911057692307693 0.05048076923076923 0.05048076923076923
0 0.5084134615384616 0.6947115384615384 0.036057692307692304 0.04326923076923077
0 0.5516826923076923 0.7067307692307693 0.05048076923076923 0.038461538461538464
0 0.42788461538461536 0.7259615384615384 0.028846153846153848 0.038461538461538464
0 0.3762019230769231 0.7512019230769231 0.036057692307692304 0.04567307692307692
0 0.5661057692307693 0.7524038461538461 0.05048076923076923 0.04326923076923077
0 0.46274038461538464 0.7584134615384616 0.036057692307692304 0.026442307692307692
0 0.5841346153846154 0.7884615384615384 0.04326923076923077 0.028846153846153848
0 0.5841346153846154 0.8365384615384616 0.038461538461538464 0.04326923076923077
0 0.4362980769230769 0.8449519230769231 0.06971153846153846 0.05048076923076923
0 0.10817307692307693 0.8629807692307693 0.057692307692307696 0.057692307692307696
0 0.6826923076923077 0.8870192307692307 0.014423076923076924 0.04326923076923077
0 0.5528846153846154 0.8882211538461539 0.038461538461538464 0.04567307692307692
0 0.25841346153846156 0.9338942307692307 0.04567307692307692 0.05048076923076923
0 0.5240384615384616 0.5360576923076923 0.04326923076923077 0.04326923076923077
0 0.30408653846153844 0.5552884615384616 0.036057692307692304 0.038461538461538464
0 0.4723557692307692 0.5817307692307693 0.06009615384615385 0.052884615384615384
0 0.5661057692307693 0.5985576923076923 0.05048076923076923 0.052884615384615384
0 0.4987980769230769 0.6177884615384616 0.05048076923076923 0.028846153846153848
0 0.46634615384615385 0.6382211538461539 0.04326923076923077 0.05048076923076923
0 0.6045673076923077 0.6442307692307693 0.04567307692307692 0.03365384615384615