0 0.009615384615384616 0.5901442307692307 0.019230769230769232 0.036057692307692304
0 0.5264423076923077 0.4807692307692308 0.02403846153846154 0.02403846153846154
0 0.5745192307692307 0.5024038461538461 0.02403846153846154 0.02403846153846154
0 0.04326923076923077 0.6394230769230769 0.04807692307692308 0.04807692307692308
0 0.019230769230769232 0.6550480769230769 0.038461538461538464 0.036057692307692304
0 0.06971153846153846 0.6622596153846154 0.028846153846153848 0.03125
0 0.025240384615384616 0.6899038461538461 0.05048076923076923 0.04807692307692308
0 0.10216346153846154 0.6899038461538461 0.026442307692307692 0.028846153846153848
0 0.06009615384615385 0.7127403846153846 0.03365384615384615 0.03125
0 0.010817307692307692 0.7211538461538461 0.021634615384615384 0.03365384615384615
0 0.10096153846153846 0.7247596153846154 0.057692307692307696 0.04567307692307692
0 0.020432692307692308 0.7980769230769231 0.036057692307692304 0.028846153846153848
0 0.004807692307692308 0.8064903846153846 0.009615384615384616 0.04567307692307692
0 0.078125 0.8161057692307693 0.040865384615384616 0.055288461538461536
0 0.026442307692307692 0.8341346153846154 0.028846153846153848 0.04326923076923077
0 0.06850961538461539 0.8653846153846154 0.05048076923076923 0.038461538461538464
0 0.5120192307692307 0.9855769230769231 0.02403846153846154 0.028846153846153848