0 0.25240384615384615 0.008413461538461538 0.03365384615384615 0.016826923076923076
0 0.578125 0.008413461538461538 0.04567307692307692 0.016826923076923076
0 0.546875 0.25841346153846156 0.040865384615384616 0.036057692307692304
0 0.13942307692307693 0.3317307692307692 0.03365384615384615 0.028846153846153848
0 0.4543269230769231 0.3629807692307692 0.038461538461538464 0.03365384615384615
0 0.49399038461538464 0.3641826923076923 0.040865384615384616 0.036057692307692304
0 0.5228365384615384 0.41225961538461536 0.04567307692307692 0.05048076923076923
0 0.5576923076923077 0.41225961538461536 0.02403846153846154 0.026442307692307692
0 0.38461538461538464 0.5072115384615384 0.028846153846153848 0.038461538461538464
0 0.9483173076923077 0.24879807692307693 0.036057692307692304 0.026442307692307692
0 0.7211538461538461 0.40625 0.03365384615384615 0.03365384615384615
0 0.7848557692307693 0.41346153846153844 0.040865384615384616 0.04326923076923077
0 0.8774038461538461 0.5420673076923077 0.04807692307692308 0.04567307692307692
0 0.9855769230769231 0.16706730769230768 0.028846153846153848 0.03125
0 0.9915865384615384 0.19110576923076922 0.016826923076923076 0.036057692307692304
0 0.3137019230769231 0.8221153846153846 0.03125 0.038461538461538464
0 0.1658653846153846 0.9423076923076923 0.038461538461538464 0.03365384615384615
0 0.8894230769230769 0.9759615384615384 0.028846153846153848 0.038461538461538464
0 0.6838942307692307 0.59375 0.026442307692307692 0.028846153846153848