0 0.5721153846153846 0.28125 0.028846153846153848 0.028846153846153848
0 0.5612980769230769 0.2860576923076923 0.007211538461538462 0.02403846153846154
0 0.8497596153846154 0.33413461538461536 0.04567307692307692 0.038461538461538464
0 0.11538461538461539 0.4651442307692308 0.038461538461538464 0.03125
0 0.2608173076923077 0.5 0.03125 0.03365384615384615
0 0.3112980769230769 0.8894230769230769 0.040865384615384616 0.04326923076923077
0 0.2247596153846154 0.9411057692307693 0.040865384615384616 0.040865384615384616
0 0.8449519230769231 0.9098557692307693 0.09375 0.07451923076923077
0 0.9759615384615384 0.9194711538461539 0.04807692307692308 0.06971153846153846
0 0.875 0.6466346153846154 0.07692307692307693 0.052884615384615384
0 0.984375 0.6911057692307693 0.03125 0.06490384615384616
0 0.9723557692307693 0.8004807692307693 0.055288461538461536 0.07692307692307693
0 0.875 0.5024038461538461 0.07692307692307693 0.052884615384615384
0 0.984375 0.47115384615384615 0.03125 0.04326923076923077