0 0.17908653846153846 0.20673076923076922 0.06971153846153846 0.057692307692307696
0 0.20673076923076922 0.26322115384615385 0.07211538461538461 0.05048076923076923
0 0.3389423076923077 0.37259615384615385 0.0625 0.052884615384615384
0 0.20793269230769232 0.3942307692307692 0.06490384615384616 0.04326923076923077
0 0.3894230769230769 0.45072115384615385 0.052884615384615384 0.040865384615384616
0 0.10817307692307693 0.4699519230769231 0.052884615384615384 0.040865384615384616
0 0.3161057692307692 0.02403846153846154 0.055288461538461536 0.04807692307692308
0 0.6430288461538461 0.3112980769230769 0.05048076923076923 0.04567307692307692
0 0.7704326923076923 0.5552884615384616 0.05048076923076923 0.028846153846153848
0 0.23197115384615385 0.8353365384615384 0.026442307692307692 0.016826923076923076
0 0.234375 0.8497596153846154 0.026442307692307692 0.021634615384615384
0 0.32211538461538464 0.8521634615384616 0.03365384615384615 0.026442307692307692
0 0.27403846153846156 0.8557692307692307 0.03365384615384615 0.028846153846153848
0 0.27283653846153844 0.8774038461538461 0.03125 0.028846153846153848
0 0.33774038461538464 0.8798076923076923 0.026442307692307692 0.02403846153846154
0 0.140625 0.8942307692307693 0.026442307692307692 0.028846153846153848
0 0.30288461538461536 0.8978365384615384 0.028846153846153848 0.026442307692307692
0 0.3016826923076923 0.9783653846153846 0.026442307692307692 0.02403846153846154
0 0.27163461538461536 0.6526442307692307 0.03365384615384615 0.036057692307692304
0 0.30408653846153844 0.6887019230769231 0.01201923076923077 0.021634615384615384
0 0.31850961538461536 0.7019230769230769 0.026442307692307692 0.028846153846153848
0 0.2512019230769231 0.7103365384615384 0.036057692307692304 0.026442307692307692
0 0.27524038461538464 0.7259615384615384 0.021634615384615384 0.02403846153846154
0 0.3317307692307692 0.7512019230769231 0.028846153846153848 0.026442307692307692
0 0.27283653846153844 0.7608173076923077 0.021634615384615384 0.026442307692307692
0 0.3581730769230769 0.7776442307692307 0.02403846153846154 0.016826923076923076
0 0.29086538461538464 0.7872596153846154 0.03365384615384615 0.021634615384615384
0 0.3125 0.8052884615384616 0.014423076923076924 0.02403846153846154
0 0.36177884615384615 0.8088942307692307 0.021634615384615384 0.021634615384615384
0 0.26322115384615385 0.8185096153846154 0.016826923076923076 0.021634615384615384
0 0.19831730769230768 0.8245192307692307 0.03125 0.02403846153846154
0 0.7415865384615384 0.7704326923076923 0.06490384615384616 0.06490384615384616
0 0.4411057692307692 0.78125 0.04567307692307692 0.052884615384615384
0 0.9459134615384616 0.8617788461538461 0.09375 0.08413461538461539
0 0.6995192307692307 0.9242788461538461 0.07692307692307693 0.06490384615384616
0 0.9242788461538461 0.9519230769230769 0.06971153846153846 0.0625
0 0.8449519230769231 0.9543269230769231 0.07932692307692307 0.0625
0 0.46875 0.6322115384615384 0.04326923076923077 0.057692307692307696
0 0.7536057692307693 0.6346153846153846 0.055288461538461536 0.0625