0 0.11538461538461539 0.43990384615384615 0.02403846153846154 0.019230769230769232
0 0.265625 0.15504807692307693 0.055288461538461536 0.06971153846153846
0 0.9915865384615384 0.1814903846153846 0.016826923076923076 0.06009615384615385
0 0.765625 0.25961538461538464 0.06009615384615385 0.0625
0 0.4543269230769231 0.33774038461538464 0.08653846153846154 0.06009615384615385
0 0.29927884615384615 0.37740384615384615 0.06009615384615385 0.052884615384615384
0 0.5588942307692307 0.42427884615384615 0.0985576923076923 0.06009615384615385
0 0.2860576923076923 0.42427884615384615 0.052884615384615384 0.04567307692307692
0 0.8521634615384616 0.015625 0.04567307692307692 0.03125
0 0.8713942307692307 0.09134615384615384 0.04567307692307692 0.04326923076923077
0 0.3870192307692308 0.765625 0.03365384615384615 0.05048076923076923
0 0.36899038461538464 0.7884615384615384 0.026442307692307692 0.04326923076923077
0 0.875 0.828125 0.04326923076923077 0.036057692307692304
0 0.7860576923076923 0.8401442307692307 0.11538461538461539 0.06009615384615385
0 0.3125 0.8653846153846154 0.038461538461538464 0.03365384615384615
0 0.3581730769230769 0.8725961538461539 0.052884615384615384 0.057692307692307696
0 0.6141826923076923 0.5096153846153846 0.05048076923076923 0.019230769230769232
0 0.9795673076923077 0.5096153846153846 0.040865384615384616 0.019230769230769232
0 0.6538461538461539 0.5144230769230769 0.0673076923076923 0.028846153846153848
0 0.6129807692307693 0.5420673076923077 0.07692307692307693 0.026442307692307692
0 0.9831730769230769 0.5769230769230769 0.03365384615384615 0.038461538461538464
0 0.734375 0.5817307692307693 0.06971153846153846 0.057692307692307696
0 0.6730769230769231 0.5901442307692307 0.0625 0.04567307692307692
0 0.47836538461538464 0.6033653846153846 0.057692307692307696 0.038461538461538464
0 0.2764423076923077 0.6153846153846154 0.057692307692307696 0.0625
0 0.9903846153846154 0.6177884615384616 0.019230769230769232 0.057692307692307696
0 0.6394230769230769 0.6358173076923077 0.052884615384615384 0.04567307692307692
0 0.5396634615384616 0.640625 0.06009615384615385 0.04567307692307692
0 0.5685096153846154 0.6778846153846154 0.05048076923076923 0.0673076923076923
0 0.9158653846153846 0.6995192307692307 0.038461538461538464 0.052884615384615384
0 0.6105769230769231 0.7067307692307693 0.04326923076923077 0.04326923076923077
0 0.5637019230769231 0.7427884615384616 0.05048076923076923 0.052884615384615384
0 0.4254807692307692 0.7451923076923077 0.03365384615384615 0.04326923076923077
0 0.7175480769230769 0.7524038461538461 0.11778846153846154 0.11538461538461539
0 0.8125 0.7584134615384616 0.04326923076923077 0.05048076923076923