0 0.125 0.5793269230769231 0.04326923076923077 0.038461538461538464
0 0.9915865384615384 0.04927884615384615 0.016826923076923076 0.03125
0 0.49278846153846156 0.7608173076923077 0.014423076923076924 0.03125
0 0.39783653846153844 0.8112980769230769 0.040865384615384616 0.040865384615384616
0 0.4495192307692308 0.8137019230769231 0.02403846153846154 0.026442307692307692
0 0.39302884615384615 0.84375 0.03125 0.03365384615384615
0 0.265625 0.9735576923076923 0.036057692307692304 0.03365384615384615
0 0.46634615384615385 0.9867788461538461 0.03365384615384615 0.026442307692307692
0 0.4026442307692308 0.9939903846153846 0.021634615384615384 0.01201923076923077
0 0.36658653846153844 0.9915865384615384 0.036057692307692304 0.016826923076923076
0 0.859375 0.7115384615384616 0.06971153846153846 0.04326923076923077
0 0.8137019230769231 0.8112980769230769 0.05048076923076923 0.036057692307692304
0 0.8641826923076923 0.890625 0.03125 0.036057692307692304
0 0.5661057692307693 0.9254807692307693 0.07451923076923077 0.07211538461538461
0 0.7271634615384616 0.9891826923076923 0.055288461538461536 0.021634615384615384
0 0.8497596153846154 0.6875 0.06971153846153846 0.019230769230769232