0 0.171875 0.040865384615384616 0.055288461538461536 0.052884615384615384
0 0.11298076923076923 0.06610576923076923 0.052884615384615384 0.040865384615384616
0 0.2608173076923077 0.16346153846153846 0.04567307692307692 0.052884615384615384
0 0.703125 0.07692307692307693 0.03125 0.02403846153846154
0 0.4579326923076923 0.08533653846153846 0.036057692307692304 0.036057692307692304
0 0.7235576923076923 0.21634615384615385 0.028846153846153848 0.028846153846153848
0 0.703125 0.25841346153846156 0.036057692307692304 0.03125
0 0.5336538461538461 0.3173076923076923 0.04326923076923077 0.038461538461538464
0 0.05889423076923077 0.5901442307692307 0.026442307692307692 0.021634615384615384
0 0.009615384615384616 0.7199519230769231 0.019230769230769232 0.021634615384615384
0 0.14302884615384615 0.7752403846153846 0.021634615384615384 0.021634615384615384
0 0.6394230769230769 0.6634615384615384 0.03365384615384615 0.03365384615384615
0 0.7572115384615384 0.6706730769230769 0.0673076923076923 0.07211538461538461
0 0.8197115384615384 0.7175480769230769 0.028846153846153848 0.03125
0 0.625 0.7259615384615384 0.038461538461538464 0.04326923076923077