0 0.3641826923076923 0.10576923076923077 0.036057692307692304 0.03365384615384615
0 0.29447115384615385 0.13822115384615385 0.03125 0.03125
0 0.25600961538461536 0.171875 0.036057692307692304 0.026442307692307692
0 0.26802884615384615 0.20552884615384615 0.03125 0.021634615384615384
0 0.36658653846153844 0.28846153846153844 0.03125 0.028846153846153848
0 0.2848557692307692 0.328125 0.036057692307692304 0.021634615384615384
0 0.4050480769230769 0.7127403846153846 0.055288461538461536 0.06009615384615385
0 0.6911057692307693 0.3858173076923077 0.040865384615384616 0.04567307692307692
0 0.9807692307692307 0.4855769230769231 0.038461538461538464 0.04326923076923077
0 0.953125 0.8329326923076923 0.055288461538461536 0.040865384615384616
0 0.8810096153846154 0.8629807692307693 0.04567307692307692 0.038461538461538464