0 0.13942307692307693 0.1466346153846154 0.07692307692307693 0.0673076923076923
0 0.125 0.28725961538461536 0.08173076923076923 0.07932692307692307
0 0.06129807692307692 0.3713942307692308 0.055288461538461536 0.05048076923076923
0 0.29447115384615385 0.030048076923076924 0.08413461538461539 0.06009615384615385
0 0.7932692307692307 0.2512019230769231 0.052884615384615384 0.05048076923076923
0 0.5084134615384616 0.44350961538461536 0.055288461538461536 0.04567307692307692
0 0.16826923076923078 0.7211538461538461 0.02403846153846154 0.02403846153846154
0 0.25240384615384615 0.7283653846153846 0.02403846153846154 0.02403846153846154
0 0.2956730769230769 0.7415865384615384 0.028846153846153848 0.021634615384615384
0 0.32572115384615385 0.7596153846153846 0.026442307692307692 0.028846153846153848
0 0.06610576923076923 0.8112980769230769 0.021634615384615384 0.021634615384615384
0 0.01201923076923077 0.8557692307692307 0.02403846153846154 0.04807692307692308
0 0.29927884615384615 0.8713942307692307 0.040865384615384616 0.040865384615384616
0 0.3004807692307692 0.6706730769230769 0.02403846153846154 0.02403846153846154
0 0.5096153846153846 0.5745192307692307 0.02403846153846154 0.009615384615384616