0 0.5024038461538461 0.20432692307692307 0.014423076923076924 0.04326923076923077
0 0.49759615384615385 0.25600961538461536 0.02403846153846154 0.03125
0 0.07211538461538461 0.015625 0.04326923076923077 0.03125
0 0.5336538461538461 0.07932692307692307 0.04807692307692308 0.03365384615384615
0 0.5661057692307693 0.12259615384615384 0.055288461538461536 0.04807692307692308
0 0.5300480769230769 0.14783653846153846 0.040865384615384616 0.04567307692307692
0 0.6201923076923077 0.20793269230769232 0.04807692307692308 0.04567307692307692
0 0.6826923076923077 0.2283653846153846 0.038461538461538464 0.03365384615384615
0 0.6213942307692307 0.234375 0.03125 0.03125
0 0.5721153846153846 0.23557692307692307 0.03365384615384615 0.03365384615384615
0 0.8052884615384616 0.25240384615384615 0.038461538461538464 0.038461538461538464
0 0.5288461538461539 0.25600961538461536 0.038461538461538464 0.040865384615384616
0 0.8533653846153846 0.296875 0.04807692307692308 0.04567307692307692
0 0.5925480769230769 0.31009615384615385 0.04567307692307692 0.03365384615384615
0 0.7764423076923077 0.31850961538461536 0.04807692307692308 0.040865384615384616
0 0.7944711538461539 0.3557692307692308 0.040865384615384616 0.02403846153846154
0 0.052884615384615384 0.44711538461538464 0.03365384615384615 0.028846153846153848
0 0.030048076923076924 0.6706730769230769 0.026442307692307692 0.02403846153846154
0 0.24278846153846154 0.6742788461538461 0.028846153846153848 0.026442307692307692
0 0.109375 0.7608173076923077 0.016826923076923076 0.021634615384615384
0 0.25721153846153844 0.8197115384615384 0.02403846153846154 0.019230769230769232
0 0.06490384615384616 0.9050480769230769 0.038461538461538464 0.036057692307692304
0 0.9326923076923077 0.5168269230769231 0.04326923076923077 0.04326923076923077