0 0.8786057692307693 0.12980769230769232 0.026442307692307692 0.02403846153846154
0 0.20793269230769232 0.9242788461538461 0.04567307692307692 0.06009615384615385
0 0.9134615384615384 0.6177884615384616 0.03365384615384615 0.02403846153846154
0 0.8185096153846154 0.625 0.036057692307692304 0.028846153846153848
0 0.8641826923076923 0.6490384615384616 0.026442307692307692 0.02403846153846154
0 0.8930288461538461 0.6490384615384616 0.026442307692307692 0.019230769230769232
0 0.9242788461538461 0.6550480769230769 0.021634615384615384 0.021634615384615384
0 0.9170673076923077 0.7019230769230769 0.036057692307692304 0.028846153846153848
0 0.7668269230769231 0.8605769230769231 0.028846153846153848 0.02403846153846154
0 0.7307692307692307 0.8713942307692307 0.038461538461538464 0.040865384615384616
0 0.7079326923076923 0.9182692307692307 0.026442307692307692 0.028846153846153848