0 0.296875 0.3581730769230769 0.036057692307692304 0.038461538461538464
0 0.3701923076923077 0.3798076923076923 0.038461538461538464 0.04326923076923077
0 0.3762019230769231 0.40865384615384615 0.03125 0.019230769230769232
0 0.20432692307692307 0.43149038461538464 0.03365384615384615 0.026442307692307692
0 0.35336538461538464 0.47836538461538464 0.028846153846153848 0.02403846153846154
0 0.3954326923076923 0.49278846153846156 0.026442307692307692 0.019230769230769232
0 0.31971153846153844 0.5288461538461539 0.028846153846153848 0.02403846153846154
0 0.38341346153846156 0.5721153846153846 0.026442307692307692 0.02403846153846154
0 0.4050480769230769 0.7908653846153846 0.007211538461538462 0.028846153846153848
0 0.8004807692307693 0.7091346153846154 0.03365384615384615 0.02403846153846154
0 0.7175480769230769 0.9050480769230769 0.026442307692307692 0.026442307692307692
0 0.8052884615384616 0.9579326923076923 0.038461538461538464 0.036057692307692304
0 0.8209134615384616 0.6694711538461539 0.026442307692307692 0.03125
0 0.8677884615384616 0.6887019230769231 0.02403846153846154 0.021634615384615384