0 0.36778846153846156 0.20432692307692307 0.03365384615384615 0.028846153846153848
0 0.4699519230769231 0.3076923076923077 0.016826923076923076 0.04326923076923077
0 0.3641826923076923 0.4362980769230769 0.03125 0.040865384615384616
0 0.0985576923076923 0.43509615384615385 0.04326923076923077 0.03365384615384615
0 0.17427884615384615 0.4807692307692308 0.04567307692307692 0.03365384615384615
0 0.3293269230769231 0.8569711538461539 0.03365384615384615 0.03125
0 0.42908653846153844 0.8725961538461539 0.026442307692307692 0.028846153846153848
0 0.4639423076923077 0.9423076923076923 0.028846153846153848 0.04807692307692308
0 0.09254807692307693 0.38822115384615385 0.021634615384615384 0.036057692307692304
0 0.9627403846153846 0.8617788461538461 0.03125 0.03125
0 0.9819711538461539 0.9543269230769231 0.036057692307692304 0.028846153846153848
0 0.8521634615384616 0.53125 0.036057692307692304 0.028846153846153848