0 0.875 0.16466346153846154 0.03365384615384615 0.040865384615384616
0 0.9387019230769231 0.33413461538461536 0.036057692307692304 0.03365384615384615
0 0.25961538461538464 0.7788461538461539 0.0625 0.0625
0 0.18990384615384615 0.7944711538461539 0.04807692307692308 0.04567307692307692
0 0.11177884615384616 0.8377403846153846 0.04567307692307692 0.04567307692307692
0 0.30528846153846156 0.9242788461538461 0.052884615384615384 0.05048076923076923
0 0.296875 0.5685096153846154 0.07451923076923077 0.08413461538461539
0 0.23197115384615385 0.5745192307692307 0.040865384615384616 0.052884615384615384
0 0.25240384615384615 0.6610576923076923 0.04326923076923077 0.03365384615384615
0 0.296875 0.4675480769230769 0.07451923076923077 0.08413461538461539
0 0.23197115384615385 0.45913461538461536 0.040865384615384616 0.052884615384615384
0 0.9747596153846154 0.90625 0.05048076923076923 0.038461538461538464
0 0.8305288461538461 0.5048076923076923 0.055288461538461536 0.04326923076923077