0 0.6117788461538461 0.028846153846153848 0.0985576923076923 0.057692307692307696
0 0.4807692307692308 0.05048076923076923 0.04326923076923077 0.057692307692307696
0 0.5264423076923077 0.12740384615384615 0.038461538461538464 0.038461538461538464
0 0.43509615384615385 0.1502403846153846 0.0673076923076923 0.04567307692307692
0 0.4735576923076923 0.16706730769230768 0.03365384615384615 0.040865384615384616
0 0.6117788461538461 0.17668269230769232 0.06009615384615385 0.07451923076923077
0 0.390625 0.20432692307692307 0.04567307692307692 0.04326923076923077
0 0.5853365384615384 0.2764423076923077 0.036057692307692304 0.04807692307692308
0 0.6935096153846154 0.2776442307692308 0.08413461538461539 0.07932692307692307
0 0.5588942307692307 0.2956730769230769 0.05048076923076923 0.052884615384615384
0 0.6766826923076923 0.39302884615384615 0.026442307692307692 0.026442307692307692
0 0.3870192307692308 0.3954326923076923 0.038461538461538464 0.040865384615384616
0 0.6081730769230769 0.42427884615384615 0.07211538461538461 0.06490384615384616
0 0.9771634615384616 0.2776442307692308 0.04567307692307692 0.07932692307692307
0 0.2692307692307692 0.8617788461538461 0.0625 0.12259615384615384
0 0.7127403846153846 0.9098557692307693 0.06490384615384616 0.06490384615384616
0 0.9939903846153846 0.9206730769230769 0.01201923076923077 0.052884615384615384
0 0.3786057692307692 0.9242788461538461 0.06009615384615385 0.06971153846153846
0 0.39663461538461536 0.9771634615384616 0.052884615384615384 0.04567307692307692
0 0.5084134615384616 0.9795673076923077 0.09375 0.040865384615384616
0 0.3581730769230769 0.9927884615384616 0.0625 0.014423076923076924
0 0.3329326923076923 0.7584134615384616 0.07932692307692307 0.07451923076923077
0 0.9807692307692307 0.7716346153846154 0.038461538461538464 0.057692307692307696
0 0.7007211538461539 0.7740384615384616 0.055288461538461536 0.0625