0 0.4110576923076923 0.38221153846153844 0.04807692307692308 0.038461538461538464
0 0.31971153846153844 0.45913461538461536 0.038461538461538464 0.028846153846153848
0 0.4362980769230769 0.46875 0.03125 0.04326923076923077
0 0.40865384615384615 0.5420673076923077 0.03365384615384615 0.040865384615384616
0 0.4387019230769231 0.6274038461538461 0.036057692307692304 0.028846153846153848
0 0.9399038461538461 0.3317307692307692 0.028846153846153848 0.02403846153846154
0 0.8978365384615384 0.6454326923076923 0.07451923076923077 0.055288461538461536
0 0.9867788461538461 0.23918269230769232 0.026442307692307692 0.03125
0 0.4098557692307692 0.9387019230769231 0.03125 0.036057692307692304
0 0.7584134615384616 0.8137019230769231 0.021634615384615384 0.021634615384615384
0 0.8425480769230769 0.9050480769230769 0.021634615384615384 0.026442307692307692
0 0.7836538461538461 0.9290865384615384 0.019230769230769232 0.021634615384615384
0 0.8185096153846154 0.9399038461538461 0.021634615384615384 0.02403846153846154
0 0.8305288461538461 0.9411057692307693 0.021634615384615384 0.021634615384615384
0 0.8269230769230769 0.9567307692307693 0.03365384615384615 0.019230769230769232