0 0.4579326923076923 0.016826923076923076 0.040865384615384616 0.03365384615384615
0 0.2403846153846154 0.026442307692307692 0.08173076923076923 0.052884615384615384
0 0.9338942307692307 0.056490384615384616 0.07451923076923077 0.0889423076923077
0 0.9663461538461539 0.17668269230769232 0.03365384615384615 0.036057692307692304
0 0.2848557692307692 0.6310096153846154 0.055288461538461536 0.06009615384615385
0 0.21033653846153846 0.7379807692307693 0.06009615384615385 0.04807692307692308
0 0.09134615384615384 0.7632211538461539 0.038461538461538464 0.036057692307692304
0 0.2283653846153846 0.8341346153846154 0.03365384615384615 0.038461538461538464
0 0.010817307692307692 0.8834134615384616 0.021634615384615384 0.040865384615384616
0 0.8713942307692307 0.6382211538461539 0.026442307692307692 0.03125
0 0.8257211538461539 0.6862980769230769 0.03125 0.03125
0 0.9951923076923077 0.6947115384615384 0.009615384615384616 0.03365384615384615
0 0.8966346153846154 0.8076923076923077 0.03365384615384615 0.028846153846153848