0 0.2247596153846154 0.051682692307692304 0.026442307692307692 0.036057692307692304
0 0.8365384615384616 0.39903846153846156 0.04326923076923077 0.03365384615384615
0 0.8978365384615384 0.40384615384615385 0.06009615384615385 0.038461538461538464
0 0.6778846153846154 0.4098557692307692 0.0673076923076923 0.05048076923076923
0 0.8353365384615384 0.4411057692307692 0.06971153846153846 0.05048076923076923
0 0.6947115384615384 0.4495192307692308 0.0625 0.052884615384615384
0 0.5 0.4639423076923077 0.057692307692307696 0.052884615384615384
0 0.8942307692307693 0.4699519230769231 0.0625 0.06009615384615385
0 0.5901442307692307 0.4735576923076923 0.05048076923076923 0.04326923076923077
0 0.7764423076923077 0.4855769230769231 0.052884615384615384 0.028846153846153848
0 0.8317307692307693 0.4891826923076923 0.052884615384615384 0.021634615384615384
0 0.8834134615384616 0.125 0.07451923076923077 0.052884615384615384
0 0.8762019230769231 0.171875 0.07932692307692307 0.036057692307692304
0 0.7548076923076923 0.1778846153846154 0.057692307692307696 0.0673076923076923
0 0.9723557692307693 0.21394230769230768 0.055288461538461536 0.07692307692307693
0 0.8725961538461539 0.23677884615384615 0.0673076923076923 0.06009615384615385
0 0.7980769230769231 0.2764423076923077 0.0673076923076923 0.0625
0 0.9050480769230769 0.30288461538461536 0.07932692307692307 0.057692307692307696
0 0.703125 0.35216346153846156 0.06009615384615385 0.05048076923076923
0 0.5961538461538461 0.35336538461538464 0.0673076923076923 0.07692307692307693
0 0.21394230769230768 0.796875 0.03365384615384615 0.03125
0 0.5288461538461539 0.8100961538461539 0.057692307692307696 0.04326923076923077