0 0.4723557692307692 0.019230769230769232 0.06490384615384616 0.038461538461538464
0 0.78125 0.11177884615384616 0.038461538461538464 0.036057692307692304
0 0.453125 0.19831730769230768 0.026442307692307692 0.03125
0 0.47475961538461536 0.2403846153846154 0.055288461538461536 0.04807692307692308
0 0.4639423076923077 0.38341346153846156 0.04807692307692308 0.055288461538461536
0 0.6298076923076923 0.39663461538461536 0.052884615384615384 0.057692307692307696
0 0.6502403846153846 0.43028846153846156 0.055288461538461536 0.052884615384615384
0 0.6754807692307693 0.49038461538461536 0.057692307692307696 0.019230769230769232
0 0.22235576923076922 0.6778846153846154 0.04567307692307692 0.04807692307692308
0 0.015625 0.7451923076923077 0.03125 0.03365384615384615
0 0.016826923076923076 0.8161057692307693 0.028846153846153848 0.026442307692307692
0 0.9591346153846154 0.6646634615384616 0.03365384615384615 0.026442307692307692
0 0.9783653846153846 0.6862980769230769 0.04326923076923077 0.03125