0 0.026442307692307692 0.40024038461538464 0.028846153846153848 0.03125
0 0.16706730769230768 0.4362980769230769 0.036057692307692304 0.026442307692307692
0 0.27283653846153844 0.49399038461538464 0.06009615384615385 0.04567307692307692
0 0.1935096153846154 0.5420673076923077 0.03125 0.036057692307692304
0 0.6826923076923077 0.26802884615384615 0.02403846153846154 0.026442307692307692
0 0.5576923076923077 0.2860576923076923 0.038461538461538464 0.04326923076923077
0 0.6682692307692307 0.29927884615384615 0.02403846153846154 0.026442307692307692
0 0.5432692307692307 0.39663461538461536 0.03365384615384615 0.038461538461538464
0 0.5661057692307693 0.4206730769230769 0.021634615384615384 0.028846153846153848
0 0.4951923076923077 0.9675480769230769 0.009615384615384616 0.036057692307692304
0 0.9591346153846154 0.6346153846153846 0.08173076923076923 0.03365384615384615