0 0.2800480769230769 0.34375 0.08413461538461539 0.052884615384615384
0 0.3245192307692308 0.10576923076923077 0.04807692307692308 0.052884615384615384
0 0.25961538461538464 0.109375 0.07211538461538461 0.036057692307692304
0 0.4110576923076923 0.1935096153846154 0.04326923076923077 0.07932692307692307
0 0.4206730769230769 0.33413461538461536 0.0625 0.04326923076923077
0 0.6129807692307693 0.35216346153846156 0.038461538461538464 0.040865384615384616
0 0.5072115384615384 0.515625 0.019230769230769232 0.026442307692307692
0 0.5733173076923077 0.5384615384615384 0.016826923076923076 0.028846153846153848
0 0.6165865384615384 0.5384615384615384 0.026442307692307692 0.019230769230769232
0 0.6514423076923077 0.5456730769230769 0.02403846153846154 0.02403846153846154
0 0.7908653846153846 0.578125 0.02403846153846154 0.016826923076923076
0 0.8305288461538461 0.5793269230769231 0.021634615384615384 0.019230769230769232
0 0.5420673076923077 0.5973557692307693 0.026442307692307692 0.021634615384615384
0 0.6947115384615384 0.6009615384615384 0.02403846153846154 0.02403846153846154
0 0.8473557692307693 0.6057692307692307 0.021634615384615384 0.019230769230769232
0 0.7512019230769231 0.625 0.026442307692307692 0.02403846153846154
0 0.6069711538461539 0.6274038461538461 0.021634615384615384 0.02403846153846154
0 0.7788461538461539 0.6358173076923077 0.02403846153846154 0.016826923076923076
0 0.6177884615384616 0.6526442307692307 0.02403846153846154 0.026442307692307692
0 0.6430288461538461 0.6538461538461539 0.021634615384615384 0.019230769230769232
0 0.7391826923076923 0.6646634615384616 0.026442307692307692 0.016826923076923076
0 0.8377403846153846 0.6634615384615384 0.021634615384615384 0.019230769230769232
0 0.7788461538461539 0.6742788461538461 0.019230769230769232 0.021634615384615384
0 0.7620192307692307 0.6742788461538461 0.02403846153846154 0.03125
0 0.5829326923076923 0.6802884615384616 0.016826923076923076 0.019230769230769232
0 0.6658653846153846 0.6826923076923077 0.03365384615384615 0.028846153846153848
0 0.8137019230769231 0.6923076923076923 0.026442307692307692 0.019230769230769232
0 0.9975961538461539 0.6947115384615384 0.004807692307692308 0.019230769230769232
0 0.6694711538461539 0.7247596153846154 0.026442307692307692 0.016826923076923076
0 0.6334134615384616 0.7319711538461539 0.021634615384615384 0.021634615384615384
0 0.65625 0.7644230769230769 0.019230769230769232 0.019230769230769232