0 0.2776442307692308 0.2283653846153846 0.03125 0.03365384615384615
0 0.8257211538461539 0.08653846153846154 0.036057692307692304 0.04326923076923077
0 0.6947115384615384 0.40024038461538464 0.052884615384615384 0.055288461538461536
0 0.8401442307692307 0.4567307692307692 0.040865384615384616 0.038461538461538464
0 0.7764423076923077 0.5060096153846154 0.03365384615384615 0.03125
0 0.5769230769230769 0.6286057692307693 0.052884615384615384 0.05048076923076923
0 0.6598557692307693 0.6394230769230769 0.016826923076923076 0.04326923076923077
0 0.41466346153846156 0.6670673076923077 0.05048076923076923 0.040865384615384616
0 0.5144230769230769 0.6706730769230769 0.04807692307692308 0.038461538461538464
0 0.6454326923076923 0.6887019230769231 0.04567307692307692 0.05048076923076923
0 0.5769230769230769 0.7716346153846154 0.04807692307692308 0.057692307692307696
0 0.484375 0.7992788461538461 0.07451923076923077 0.04567307692307692
0 0.7415865384615384 0.9170673076923077 0.05048076923076923 0.04567307692307692