0 0.30649038461538464 0.24639423076923078 0.03125 0.021634615384615384
0 0.2127403846153846 0.2824519230769231 0.026442307692307692 0.026442307692307692
0 0.3629807692307692 0.6117788461538461 0.03365384615384615 0.03125
0 0.3425480769230769 0.6394230769230769 0.036057692307692304 0.03365384615384615
0 0.025240384615384616 0.8569711538461539 0.05048076923076923 0.06009615384615385
0 0.25240384615384615 0.9603365384615384 0.04807692307692308 0.04567307692307692
0 0.296875 0.9603365384615384 0.055288461538461536 0.055288461538461536
0 0.8209134615384616 0.5709134615384616 0.12259615384615384 0.06490384615384616
0 0.984375 0.6550480769230769 0.03125 0.04567307692307692
0 0.7728365384615384 0.6826923076923077 0.0889423076923077 0.08653846153846154
0 0.9567307692307693 0.703125 0.04326923076923077 0.05048076923076923
0 0.9927884615384616 0.7151442307692307 0.014423076923076924 0.07932692307692307
0 0.90625 0.7379807692307693 0.08653846153846154 0.0625
0 0.9711538461538461 0.7572115384615384 0.057692307692307696 0.052884615384615384
0 0.9182692307692307 0.7932692307692307 0.038461538461538464 0.04326923076923077
0 0.8701923076923077 0.7932692307692307 0.0625 0.052884615384615384
0 0.8966346153846154 0.8533653846153846 0.0673076923076923 0.057692307692307696
0 0.9651442307692307 0.8701923076923077 0.06971153846153846 0.057692307692307696
0 0.9362980769230769 0.9254807692307693 0.06009615384615385 0.057692307692307696
0 0.9927884615384616 0.9483173076923077 0.014423076923076924 0.055288461538461536