0 0.35697115384615385 0.025240384615384616 0.05048076923076923 0.04567307692307692
0 0.2704326923076923 0.051682692307692304 0.055288461538461536 0.055288461538461536
0 0.5504807692307693 0.375 0.03365384615384615 0.028846153846153848
0 0.65625 0.18269230769230768 0.028846153846153848 0.019230769230769232
0 0.2247596153846154 0.5276442307692307 0.036057692307692304 0.036057692307692304
0 0.14783653846153846 0.5637019230769231 0.03125 0.03125
0 0.15625 0.8209134615384616 0.03365384615384615 0.036057692307692304
0 0.2439903846153846 0.8653846153846154 0.03125 0.03365384615384615
0 0.14302884615384615 0.9591346153846154 0.040865384615384616 0.03365384615384615
0 0.12980769230769232 0.9939903846153846 0.03365384615384615 0.01201923076923077
0 0.5685096153846154 0.4807692307692308 0.036057692307692304 0.03365384615384615