0 0.2800480769230769 0.7127403846153846 0.021634615384615384 0.026442307692307692
0 0.9819711538461539 0.21153846153846154 0.036057692307692304 0.04326923076923077
0 0.9242788461538461 0.22956730769230768 0.06009615384615385 0.06009615384615385
0 0.6766826923076923 0.3076923076923077 0.06009615384615385 0.0625
0 0.9519230769230769 0.3076923076923077 0.057692307692307696 0.0625
0 0.9639423076923077 0.31009615384615385 0.04326923076923077 0.04326923076923077
0 0.6838942307692307 0.6045673076923077 0.06009615384615385 0.04567307692307692
0 0.7632211538461539 0.06009615384615385 0.04567307692307692 0.038461538461538464
0 0.7824519230769231 0.13942307692307693 0.04567307692307692 0.04326923076923077
0 0.8100961538461539 0.8389423076923077 0.052884615384615384 0.028846153846153848
0 0.8040865384615384 0.7548076923076923 0.05048076923076923 0.009615384615384616