0 0.390625 0.008413461538461538 0.04567307692307692 0.016826923076923076
0 0.6850961538461539 0.010817307692307692 0.04326923076923077 0.021634615384615384
0 0.7307692307692307 0.06971153846153846 0.038461538461538464 0.038461538461538464
0 0.6394230769230769 0.09254807692307693 0.0673076923076923 0.04567307692307692
0 0.6778846153846154 0.109375 0.03365384615384615 0.040865384615384616
0 0.8161057692307693 0.11899038461538461 0.06009615384615385 0.07451923076923077
0 0.5949519230769231 0.1466346153846154 0.04567307692307692 0.04326923076923077
0 0.7896634615384616 0.21875 0.036057692307692304 0.04807692307692308
0 0.8978365384615384 0.21995192307692307 0.08413461538461539 0.07932692307692307
0 0.7632211538461539 0.23798076923076922 0.05048076923076923 0.052884615384615384
0 0.8810096153846154 0.33533653846153844 0.026442307692307692 0.026442307692307692
0 0.5913461538461539 0.33774038461538464 0.038461538461538464 0.040865384615384616
0 0.8125 0.35697115384615385 0.07211538461538461 0.04567307692307692
0 0.04447115384615385 0.7139423076923077 0.04567307692307692 0.04326923076923077
0 0.9759615384615384 0.9038461538461539 0.04807692307692308 0.10576923076923077