0 0.015625 0.6057692307692307 0.03125 0.028846153846153848
0 0.056490384615384616 0.6706730769230769 0.055288461538461536 0.0625
0 0.41947115384615385 0.6802884615384616 0.040865384615384616 0.052884615384615384
0 0.14903846153846154 0.8533653846153846 0.028846153846153848 0.03365384615384615
0 0.0829326923076923 0.8870192307692307 0.021634615384615384 0.028846153846153848
0 0.14423076923076922 0.9471153846153846 0.03365384615384615 0.03365384615384615
0 0.16466346153846154 0.9771634615384616 0.03125 0.03125
0 0.025240384615384616 0.9819711538461539 0.05048076923076923 0.036057692307692304
0 0.21634615384615385 0.9855769230769231 0.052884615384615384 0.028846153846153848
0 0.9951923076923077 0.6959134615384616 0.009615384615384616 0.04567307692307692
0 0.9326923076923077 0.9795673076923077 0.04326923076923077 0.040865384615384616