0 0.4230769230769231 0.007211538461538462 0.04326923076923077 0.014423076923076924
0 0.28725961538461536 0.27524038461538464 0.04567307692307692 0.05048076923076923
0 0.8365384615384616 0.006009615384615385 0.04807692307692308 0.01201923076923077
0 0.03125 0.6730769230769231 0.04326923076923077 0.04807692307692308
0 0.6730769230769231 0.6838942307692307 0.0625 0.06971153846153846
0 0.6069711538461539 0.7319711538461539 0.055288461538461536 0.04567307692307692
0 0.5673076923076923 0.7800480769230769 0.04326923076923077 0.05048076923076923
0 0.625 0.7920673076923077 0.057692307692307696 0.07932692307692307
0 0.6838942307692307 0.8016826923076923 0.06009615384615385 0.07451923076923077
0 0.5192307692307693 0.8149038461538461 0.08173076923076923 0.0625
0 0.5853365384615384 0.8341346153846154 0.06490384615384616 0.052884615384615384
0 0.7175480769230769 0.8485576923076923 0.04567307692307692 0.04326923076923077
0 0.5288461538461539 0.8701923076923077 0.038461538461538464 0.04326923076923077
0 0.4951923076923077 0.8701923076923077 0.03365384615384615 0.052884615384615384
0 0.5096153846153846 0.9302884615384616 0.0625 0.057692307692307696
0 0.5757211538461539 0.9471153846153846 0.06971153846153846 0.057692307692307696
0 0.7151442307692307 0.9579326923076923 0.05048076923076923 0.06490384615384616
0 0.6346153846153846 0.96875 0.04326923076923077 0.03365384615384615
0 0.546875 0.9867788461538461 0.06009615384615385 0.026442307692307692
0 0.6033653846153846 0.4543269230769231 0.04807692307692308 0.028846153846153848
0 0.6298076923076923 0.5204326923076923 0.052884615384615384 0.055288461538461536
0 0.6875 0.5324519230769231 0.04326923076923077 0.036057692307692304
0 0.49278846153846156 0.5697115384615384 0.028846153846153848 0.052884615384615384
0 0.6526442307692307 0.59375 0.040865384615384616 0.03365384615384615