0 0.34375 0.1346153846153846 0.057692307692307696 0.052884615384615384
0 0.2608173076923077 0.18028846153846154 0.036057692307692304 0.028846153846153848
0 0.24158653846153846 0.09134615384615384 0.06971153846153846 0.038461538461538464
0 0.6189903846153846 0.2283653846153846 0.03125 0.028846153846153848
0 0.5516826923076923 0.41466346153846156 0.04567307692307692 0.040865384615384616
0 0.7259615384615384 0.17908653846153846 0.019230769230769232 0.021634615384615384
0 0.22956730769230768 0.8557692307692307 0.08413461538461539 0.052884615384615384
0 0.27403846153846156 0.6177884615384616 0.04807692307692308 0.052884615384615384
0 0.2091346153846154 0.6213942307692307 0.07211538461538461 0.036057692307692304
0 0.4651442307692308 0.7319711538461539 0.04567307692307692 0.06490384615384616
0 0.8028846153846154 0.6490384615384616 0.052884615384615384 0.04807692307692308
0 0.7536057692307693 0.6923076923076923 0.04567307692307692 0.038461538461538464
0 0.6947115384615384 0.7596153846153846 0.057692307692307696 0.04807692307692308
0 0.6730769230769231 0.8052884615384616 0.04807692307692308 0.04326923076923077
0 0.6959134615384616 0.8401442307692307 0.04567307692307692 0.03125
0 0.671875 0.8473557692307693 0.04567307692307692 0.036057692307692304
0 0.6730769230769231 0.8737980769230769 0.038461538461538464 0.036057692307692304
0 0.8737980769230769 0.9350961538461539 0.07932692307692307 0.0625