0 0.6778846153846154 0.019230769230769232 0.09134615384615384 0.038461538461538464
0 0.6262019230769231 0.038461538461538464 0.055288461538461536 0.0673076923076923
0 0.6959134615384616 0.10697115384615384 0.040865384615384616 0.040865384615384616
0 0.6826923076923077 0.14903846153846154 0.052884615384615384 0.04326923076923077
0 0.46274038461538464 0.2127403846153846 0.12740384615384615 0.11778846153846154
0 0.5480769230769231 0.29927884615384615 0.09134615384615384 0.07932692307692307
0 0.44591346153846156 0.3004807692307692 0.05048076923076923 0.04326923076923077
0 0.5625 0.4206730769230769 0.057692307692307696 0.014423076923076924
0 0.015625 0.8545673076923077 0.03125 0.09375
0 0.7007211538461539 0.796875 0.036057692307692304 0.026442307692307692
0 0.5072115384615384 0.8293269230769231 0.038461538461538464 0.028846153846153848
0 0.8245192307692307 0.8701923076923077 0.038461538461538464 0.028846153846153848
0 0.7307692307692307 0.9483173076923077 0.038461538461538464 0.040865384615384616