0 0.3317307692307692 0.3545673076923077 0.04326923076923077 0.03125
0 0.22355769230769232 0.3737980769230769 0.028846153846153848 0.03125
0 0.24158653846153846 0.4110576923076923 0.03125 0.028846153846153848
0 0.3112980769230769 0.44350961538461536 0.03125 0.03125
0 0.3293269230769231 0.4567307692307692 0.028846153846153848 0.028846153846153848
0 0.265625 0.49278846153846156 0.036057692307692304 0.03365384615384615
0 0.25721153846153844 0.5540865384615384 0.028846153846153848 0.021634615384615384
0 0.19591346153846154 0.5649038461538461 0.03125 0.03365384615384615
0 0.36778846153846156 0.5925480769230769 0.028846153846153848 0.021634615384615384
0 0.3173076923076923 0.6117788461538461 0.038461538461538464 0.03125
0 0.39663461538461536 0.6490384615384616 0.0625 0.04326923076923077
0 0.33774038461538464 0.8028846153846154 0.03125 0.038461538461538464
0 0.4230769230769231 0.9002403846153846 0.04807692307692308 0.05048076923076923
0 0.4230769230769231 0.09134615384615384 0.038461538461538464 0.03365384615384615