0 0.4026442307692308 0.4567307692307692 0.040865384615384616 0.03365384615384615
0 0.6129807692307693 0.4675480769230769 0.038461538461538464 0.036057692307692304
0 0.47716346153846156 0.4951923076923077 0.040865384615384616 0.028846153846153848
0 0.6598557692307693 0.5 0.036057692307692304 0.02403846153846154
0 0.5925480769230769 0.6322115384615384 0.04567307692307692 0.04326923076923077
0 0.6189903846153846 0.7043269230769231 0.03125 0.028846153846153848
0 0.5420673076923077 0.7271634615384616 0.040865384615384616 0.036057692307692304
0 0.46033653846153844 0.7451923076923077 0.026442307692307692 0.02403846153846154
0 0.27403846153846156 0.8677884615384616 0.04807692307692308 0.04807692307692308
0 0.34375 0.8846153846153846 0.028846153846153848 0.038461538461538464
0 0.390625 0.8858173076923077 0.040865384615384616 0.036057692307692304