0 0.019230769230769232 0.025240384615384616 0.03365384615384615 0.036057692307692304
0 0.1778846153846154 0.11057692307692307 0.03365384615384615 0.038461538461538464
0 0.10817307692307693 0.18509615384615385 0.03365384615384615 0.03365384615384615
0 0.24879807692307693 0.19591346153846154 0.06490384615384616 0.06490384615384616
0 0.20673076923076922 0.24519230769230768 0.028846153846153848 0.03365384615384615
0 0.7740384615384616 0.056490384615384616 0.038461538461538464 0.03125
0 0.640625 0.6442307692307693 0.040865384615384616 0.04326923076923077
0 0.7115384615384616 0.6490384615384616 0.052884615384615384 0.0673076923076923
0 0.6286057692307693 0.6802884615384616 0.040865384615384616 0.03365384615384615
0 0.8221153846153846 0.6971153846153846 0.028846153846153848 0.028846153846153848
0 0.5420673076923077 0.8377403846153846 0.04567307692307692 0.05048076923076923