0 0.06610576923076923 0.11177884615384616 0.036057692307692304 0.03125
0 0.018028846153846152 0.11298076923076923 0.026442307692307692 0.028846153846153848
0 0.10096153846153846 0.11298076923076923 0.04326923076923077 0.028846153846153848
0 0.10576923076923077 0.15264423076923078 0.04807692307692308 0.040865384615384616
0 0.21875 0.15264423076923078 0.04326923076923077 0.04567307692307692
0 0.18028846153846154 0.17908653846153846 0.04326923076923077 0.03125
0 0.29447115384615385 0.1814903846153846 0.055288461538461536 0.036057692307692304
0 0.22115384615384615 0.19230769230769232 0.038461538461538464 0.028846153846153848
0 0.1346153846153846 0.20673076923076922 0.038461538461538464 0.02403846153846154
0 0.16105769230769232 0.23317307692307693 0.03365384615384615 0.03365384615384615
0 0.007211538461538462 0.234375 0.014423076923076924 0.03125
0 0.09254807692307693 0.2439903846153846 0.04567307692307692 0.036057692307692304
0 0.20192307692307693 0.008413461538461538 0.038461538461538464 0.016826923076923076
0 0.1502403846153846 0.057692307692307696 0.040865384615384616 0.057692307692307696
0 0.7992788461538461 0.31971153846153844 0.026442307692307692 0.028846153846153848
0 0.6658653846153846 0.3641826923076923 0.028846153846153848 0.03125
0 0.27524038461538464 0.6141826923076923 0.0889423076923077 0.06490384615384616
0 0.2704326923076923 0.8413461538461539 0.05048076923076923 0.052884615384615384
0 0.9014423076923077 0.625 0.038461538461538464 0.02403846153846154
0 0.9158653846153846 0.6766826923076923 0.04326923076923077 0.036057692307692304
0 0.9182692307692307 0.7139423076923077 0.038461538461538464 0.03365384615384615
0 0.6334134615384616 0.8521634615384616 0.04567307692307692 0.04567307692307692
0 0.71875 0.8786057692307693 0.0673076923076923 0.05048076923076923
0 0.7704326923076923 0.8858173076923077 0.055288461538461536 0.036057692307692304
0 0.5877403846153846 0.9939903846153846 0.040865384615384616 0.01201923076923077