0 0.31490384615384615 0.030048076923076924 0.019230769230769232 0.021634615384615384
0 0.9771634615384616 0.22956730769230768 0.026442307692307692 0.021634615384615384
0 0.9663461538461539 0.3076923076923077 0.019230769230769232 0.014423076923076924
0 0.8605769230769231 0.31009615384615385 0.014423076923076924 0.014423076923076924
0 0.84375 0.004807692307692308 0.019230769230769232 0.009615384615384616
0 0.07091346153846154 0.5649038461538461 0.026442307692307692 0.02403846153846154
0 0.3389423076923077 0.5985576923076923 0.03365384615384615 0.03365384615384615
0 0.039663461538461536 0.6947115384615384 0.021634615384615384 0.02403846153846154
0 0.09735576923076923 0.7043269230769231 0.040865384615384616 0.038461538461538464
0 0.1935096153846154 0.7716346153846154 0.021634615384615384 0.02403846153846154
0 0.29447115384615385 0.9110576923076923 0.06971153846153846 0.052884615384615384
0 0.29447115384615385 0.9783653846153846 0.06971153846153846 0.04326923076923077
0 0.8161057692307693 0.5420673076923077 0.040865384615384616 0.036057692307692304
0 0.9110576923076923 0.7776442307692307 0.038461538461538464 0.026442307692307692
0 0.8497596153846154 0.9230769230769231 0.04567307692307692 0.028846153846153848