0 0.21394230769230768 0.33653846153846156 0.038461538461538464 0.028846153846153848
0 0.2848557692307692 0.014423076923076924 0.04567307692307692 0.028846153846153848
0 0.06129807692307692 0.41346153846153844 0.04567307692307692 0.038461538461538464
0 0.016826923076923076 0.41466346153846156 0.03365384615384615 0.036057692307692304
0 0.1502403846153846 0.421875 0.036057692307692304 0.040865384615384616
0 0.2091346153846154 0.4375 0.028846153846153848 0.03365384615384615
0 0.06129807692307692 0.453125 0.04567307692307692 0.040865384615384616
0 0.24158653846153846 0.4951923076923077 0.04567307692307692 0.052884615384615384
0 0.11057692307692307 0.5168269230769231 0.04807692307692308 0.04807692307692308
0 0.013221153846153846 0.5192307692307693 0.026442307692307692 0.04807692307692308
0 0.03485576923076923 0.53125 0.040865384615384616 0.03365384615384615
0 0.21153846153846154 0.5552884615384616 0.04326923076923077 0.038461538461538464
0 0.1310096153846154 0.5649038461538461 0.05048076923076923 0.038461538461538464
0 0.056490384615384616 0.5709134615384616 0.040865384615384616 0.026442307692307692
0 0.057692307692307696 0.5901442307692307 0.038461538461538464 0.036057692307692304
0 0.008413461538461538 0.5889423076923077 0.016826923076923076 0.04326923076923077
0 0.21153846153846154 0.6021634615384616 0.038461538461538464 0.036057692307692304
0 0.13581730769230768 0.609375 0.05048076923076923 0.036057692307692304
0 0.028846153846153848 0.6442307692307693 0.04326923076923077 0.03365384615384615
0 0.013221153846153846 0.6442307692307693 0.026442307692307692 0.03365384615384615
0 0.19951923076923078 0.6478365384615384 0.04807692307692308 0.03125
0 0.0889423076923077 0.6670673076923077 0.038461538461538464 0.04567307692307692
0 0.1201923076923077 0.6790865384615384 0.028846153846153848 0.05048076923076923
0 0.0733173076923077 0.6850961538461539 0.040865384615384616 0.057692307692307696
0 0.008413461538461538 0.7115384615384616 0.016826923076923076 0.04807692307692308
0 0.19471153846153846 0.7319711538461539 0.038461538461538464 0.036057692307692304
0 0.07572115384615384 0.7524038461538461 0.05048076923076923 0.03365384615384615
0 0.11298076923076923 0.7560096153846154 0.04807692307692308 0.036057692307692304
0 0.14903846153846154 0.765625 0.04326923076923077 0.036057692307692304
0 0.036057692307692304 0.7692307692307693 0.04326923076923077 0.03365384615384615
0 0.057692307692307696 0.8149038461538461 0.04807692307692308 0.04807692307692308
0 0.007211538461538462 0.8245192307692307 0.014423076923076924 0.03365384615384615
0 0.027644230769230768 0.8305288461538461 0.05048076923076923 0.036057692307692304
0 0.08413461538461539 0.8377403846153846 0.028846153846153848 0.03125
0 0.037259615384615384 0.8653846153846154 0.055288461538461536 0.04807692307692308
0 0.11658653846153846 0.8653846153846154 0.026442307692307692 0.028846153846153848
0 0.07451923076923077 0.8882211538461539 0.03365384615384615 0.03125
0 0.018028846153846152 0.8966346153846154 0.036057692307692304 0.03365384615384615
0 0.11538461538461539 0.9002403846153846 0.057692307692307696 0.04567307692307692
0 0.03485576923076923 0.9735576923076923 0.036057692307692304 0.028846153846153848
0 0.01201923076923077 0.9795673076923077 0.02403846153846154 0.040865384615384616
0 0.09254807692307693 0.9819711538461539 0.040865384615384616 0.036057692307692304
0 0.040865384615384616 0.9939903846153846 0.028846153846153848 0.01201923076923077
0 0.9098557692307693 0.39783653846153844 0.026442307692307692 0.026442307692307692
0 0.9495192307692307 0.43028846153846156 0.028846153846153848 0.028846153846153848
0 0.8353365384615384 0.45552884615384615 0.036057692307692304 0.03125
0 0.8641826923076923 0.3870192307692308 0.026442307692307692 0.014423076923076924