0 0.37259615384615385 0.23677884615384615 0.02403846153846154 0.026442307692307692
0 0.15264423076923078 0.3173076923076923 0.026442307692307692 0.028846153846153848
0 0.1622596153846154 0.4050480769230769 0.04567307692307692 0.03125
0 0.7860576923076923 0.1971153846153846 0.11057692307692307 0.09615384615384616
0 0.9423076923076923 0.265625 0.11538461538461539 0.12259615384615384
0 0.6838942307692307 0.2860576923076923 0.07932692307692307 0.0673076923076923
0 0.8161057692307693 0.4026442307692308 0.13221153846153846 0.11778846153846154
0 0.8798076923076923 0.4579326923076923 0.07692307692307693 0.07451923076923077
0 0.9603365384615384 0.6129807692307693 0.07932692307692307 0.09134615384615384
0 0.6201923076923077 0.6298076923076923 0.0625 0.057692307692307696
0 0.78125 0.6370192307692307 0.08173076923076923 0.04326923076923077
0 0.5360576923076923 0.6466346153846154 0.03365384615384615 0.02403846153846154
0 0.9663461538461539 0.140625 0.0673076923076923 0.0889423076923077
0 0.3786057692307692 0.7127403846153846 0.036057692307692304 0.05048076923076923
0 0.3485576923076923 0.7199519230769231 0.057692307692307696 0.05048076923076923
0 0.4182692307692308 0.7403846153846154 0.038461538461538464 0.052884615384615384
0 0.4230769230769231 0.7860576923076923 0.052884615384615384 0.03365384615384615
0 0.4014423076923077 0.828125 0.057692307692307696 0.05048076923076923
0 0.43509615384615385 0.859375 0.03365384615384615 0.05048076923076923
0 0.18509615384615385 0.8701923076923077 0.052884615384615384 0.038461538461538464
0 0.40024038461538464 0.9855769230769231 0.06009615384615385 0.028846153846153848
0 0.6382211538461539 0.8581730769230769 0.06971153846153846 0.057692307692307696