0 0.10697115384615384 0.15504807692307693 0.036057692307692304 0.03125
0 0.3137019230769231 0.020432692307692308 0.05048076923076923 0.040865384615384616
0 0.24639423076923078 0.078125 0.04567307692307692 0.036057692307692304
0 0.59375 0.10096153846153846 0.04326923076923077 0.02403846153846154
0 0.5480769230769231 0.11177884615384616 0.028846153846153848 0.026442307692307692
0 0.5504807692307693 0.14903846153846154 0.028846153846153848 0.02403846153846154
0 0.4963942307692308 0.23317307692307693 0.016826923076923076 0.03365384615384615
0 0.27524038461538464 0.5709134615384616 0.07451923076923077 0.026442307692307692
0 0.35096153846153844 0.5889423076923077 0.057692307692307696 0.04326923076923077
0 0.06971153846153846 0.6826923076923077 0.07211538461538461 0.057692307692307696
0 0.027644230769230768 0.7512019230769231 0.055288461538461536 0.055288461538461536
0 0.028846153846153848 0.9879807692307693 0.057692307692307696 0.02403846153846154
0 0.7175480769230769 0.9963942307692307 0.05048076923076923 0.007211538461538462
0 0.9855769230769231 0.9399038461538461 0.028846153846153848 0.04807692307692308