0 0.140625 0.17307692307692307 0.021634615384615384 0.02403846153846154
0 0.6538461538461539 0.23076923076923078 0.038461538461538464 0.03365384615384615
0 0.43990384615384615 0.32572115384615385 0.0625 0.01201923076923077
0 0.15745192307692307 0.38822115384615385 0.06971153846153846 0.06971153846153846
0 0.45913461538461536 0.5012019230769231 0.08173076923076923 0.055288461538461536
0 0.31971153846153844 0.5108173076923077 0.057692307692307696 0.05048076923076923
0 0.41225961538461536 0.5709134615384616 0.04567307692307692 0.055288461538461536
0 0.4519230769230769 0.6622596153846154 0.038461538461538464 0.03125
0 0.4963942307692308 0.6622596153846154 0.007211538461538462 0.03125
0 0.6466346153846154 0.8413461538461539 0.03365384615384615 0.03365384615384615
0 0.9459134615384616 0.8846153846153846 0.036057692307692304 0.03365384615384615