0 0.025240384615384616 0.15865384615384615 0.036057692307692304 0.04326923076923077
0 0.34615384615384615 0.16706730769230768 0.038461538461538464 0.040865384615384616
0 0.06370192307692307 0.421875 0.026442307692307692 0.026442307692307692
0 0.06610576923076923 0.4411057692307692 0.03125 0.026442307692307692
0 0.010817307692307692 0.45072115384615385 0.021634615384615384 0.040865384615384616
0 0.17067307692307693 0.4495192307692308 0.038461538461538464 0.038461538461538464
0 0.07451923076923077 0.48197115384615385 0.03365384615384615 0.03125
0 0.11538461538461539 0.5432692307692307 0.019230769230769232 0.019230769230769232
0 0.14783653846153846 0.546875 0.026442307692307692 0.026442307692307692
0 0.20192307692307693 0.5877403846153846 0.019230769230769232 0.016826923076923076
0 0.49759615384615385 0.8112980769230769 0.02403846153846154 0.040865384615384616
0 0.625 0.9350961538461539 0.03365384615384615 0.038461538461538464