0 0.5456730769230769 0.33774038461538464 0.052884615384615384 0.0889423076923077
0 0.5829326923076923 0.42427884615384615 0.12740384615384615 0.10817307692307693
0 0.5757211538461539 0.5072115384615384 0.11298076923076923 0.08653846153846154
0 0.5745192307692307 0.5252403846153846 0.03365384615384615 0.036057692307692304
0 0.2956730769230769 0.7920673076923077 0.014423076923076924 0.016826923076923076
0 0.21033653846153846 0.796875 0.026442307692307692 0.026442307692307692
0 0.234375 0.8389423076923077 0.016826923076923076 0.014423076923076924
0 0.11057692307692307 0.8545673076923077 0.03365384615384615 0.03125
0 0.23076923076923078 0.8641826923076923 0.028846153846153848 0.026442307692307692
0 0.1814903846153846 0.8653846153846154 0.036057692307692304 0.03365384615384615
0 0.296875 0.6370192307692307 0.03125 0.014423076923076924
0 0.34134615384615385 0.6706730769230769 0.014423076923076924 0.014423076923076924
0 0.2776442307692308 0.7091346153846154 0.016826923076923076 0.014423076923076924
0 0.28966346153846156 0.7127403846153846 0.01201923076923077 0.016826923076923076
0 0.23798076923076922 0.7199519230769231 0.014423076923076924 0.016826923076923076
0 0.15625 0.7235576923076923 0.038461538461538464 0.03365384615384615
0 0.20192307692307693 0.7259615384615384 0.019230769230769232 0.014423076923076924
0 0.17427884615384615 0.7271634615384616 0.021634615384615384 0.021634615384615384
0 0.25240384615384615 0.7391826923076923 0.014423076923076924 0.016826923076923076
0 0.22596153846153846 0.7524038461538461 0.014423076923076924 0.014423076923076924
0 0.18629807692307693 0.7584134615384616 0.021634615384615384 0.021634615384615384
0 0.2548076923076923 0.765625 0.014423076923076924 0.016826923076923076
0 0.2548076923076923 0.7788461538461539 0.019230769230769232 0.014423076923076924
0 0.6033653846153846 0.9182692307692307 0.038461538461538464 0.038461538461538464
0 0.5336538461538461 0.9699519230769231 0.028846153846153848 0.06009615384615385
0 0.9855769230769231 0.8533653846153846 0.028846153846153848 0.052884615384615384
0 0.5372596153846154 0.8846153846153846 0.036057692307692304 0.038461538461538464