0 0.734375 0.2920673076923077 0.04567307692307692 0.036057692307692304
0 0.4891826923076923 0.2980769230769231 0.021634615384615384 0.03365384615384615
0 0.5492788461538461 0.3076923076923077 0.040865384615384616 0.03365384615384615
0 0.6021634615384616 0.3076923076923077 0.03125 0.03365384615384615
0 0.6947115384615384 0.7127403846153846 0.04807692307692308 0.05048076923076923
0 0.7932692307692307 0.7163461538461539 0.04326923076923077 0.04326923076923077
0 0.2980769230769231 0.7247596153846154 0.03365384615384615 0.040865384615384616
0 0.5649038461538461 0.8064903846153846 0.03365384615384615 0.03125
0 0.36177884615384615 0.8942307692307693 0.036057692307692304 0.03365384615384615
0 0.5324519230769231 0.9182692307692307 0.036057692307692304 0.038461538461538464
0 0.4387019230769231 0.9302884615384616 0.03125 0.028846153846153848
0 0.4879807692307692 0.9435096153846154 0.038461538461538464 0.03125
0 0.5588942307692307 0.11177884615384616 0.04567307692307692 0.05048076923076923
0 0.5673076923076923 0.15745192307692307 0.028846153846153848 0.03125
0 0.6334134615384616 0.18870192307692307 0.06009615384615385 0.05048076923076923