0 0.6382211538461539 0.39783653846153844 0.05048076923076923 0.055288461538461536
0 0.7475961538461539 0.008413461538461538 0.0625 0.016826923076923076
0 0.6105769230769231 0.10336538461538461 0.0673076923076923 0.057692307692307696
0 0.9423076923076923 0.5673076923076923 0.057692307692307696 0.04807692307692308
0 0.5444711538461539 0.8894230769230769 0.05048076923076923 0.04326923076923077
0 0.6430288461538461 0.9098557692307693 0.05048076923076923 0.040865384615384616
0 0.8978365384615384 0.5721153846153846 0.04567307692307692 0.04326923076923077
0 0.8040865384615384 0.9795673076923077 0.05048076923076923 0.040865384615384616
0 0.8185096153846154 0.6009615384615384 0.06971153846153846 0.07211538461538461
0 0.4831730769230769 0.6730769230769231 0.0625 0.04326923076923077
0 0.4387019230769231 0.7223557692307693 0.05048076923076923 0.040865384615384616
0 0.4579326923076923 0.8353365384615384 0.036057692307692304 0.040865384615384616
0 0.9423076923076923 0.5 0.057692307692307696 0.04807692307692308
0 0.8978365384615384 0.4951923076923077 0.04567307692307692 0.04326923076923077
0 0.8185096153846154 0.4855769230769231 0.06971153846153846 0.03365384615384615