0 0.31850961538461536 0.2536057692307692 0.07451923076923077 0.06971153846153846
0 0.5276442307692307 0.3269230769230769 0.06971153846153846 0.0673076923076923
0 0.41947115384615385 0.3473557692307692 0.06490384615384616 0.06009615384615385
0 0.3641826923076923 0.4014423076923077 0.04567307692307692 0.052884615384615384
0 0.47115384615384615 0.43509615384615385 0.04807692307692308 0.04807692307692308
0 0.40865384615384615 0.53125 0.04807692307692308 0.0625
0 0.7692307692307693 0.5733173076923077 0.0673076923076923 0.05048076923076923
0 0.27403846153846156 0.5925480769230769 0.052884615384615384 0.055288461538461536
0 0.5865384615384616 0.6514423076923077 0.09615384615384616 0.04326923076923077
0 0.29086538461538464 0.7103365384615384 0.052884615384615384 0.04567307692307692
0 0.5985576923076923 0.7536057692307693 0.04326923076923077 0.026442307692307692
0 0.7271634615384616 0.8581730769230769 0.040865384615384616 0.03365384615384615
0 0.9723557692307693 0.5721153846153846 0.05048076923076923 0.052884615384615384