0 0.37740384615384615 0.21153846153846154 0.03365384615384615 0.02403846153846154
0 0.23677884615384615 0.3762019230769231 0.040865384615384616 0.026442307692307692
0 0.21033653846153846 0.3894230769230769 0.040865384615384616 0.03365384615384615
0 0.25841346153846156 0.4519230769230769 0.036057692307692304 0.038461538461538464
0 0.31850961538461536 0.4675480769230769 0.036057692307692304 0.026442307692307692
0 0.2704326923076923 0.48197115384615385 0.036057692307692304 0.01201923076923077
0 0.609375 0.4543269230769231 0.040865384615384616 0.038461538461538464
0 0.2824519230769231 0.6610576923076923 0.026442307692307692 0.028846153846153848
0 0.2536057692307692 0.6694711538461539 0.026442307692307692 0.026442307692307692
0 0.30649038461538464 0.6850961538461539 0.03125 0.02403846153846154
0 0.27403846153846156 0.6971153846153846 0.028846153846153848 0.02403846153846154
0 0.4170673076923077 0.9338942307692307 0.03125 0.03125
0 0.17427884615384615 0.96875 0.04567307692307692 0.04326923076923077
0 0.359375 0.9891826923076923 0.04567307692307692 0.021634615384615384
0 0.25600961538461536 0.6478365384615384 0.03125 0.021634615384615384
0 0.359375 0.6598557692307693 0.026442307692307692 0.026442307692307692
0 0.8485576923076923 0.9747596153846154 0.028846153846153848 0.03125