0 0.5264423076923077 0.2692307692307692 0.038461538461538464 0.038461538461538464
0 0.9771634615384616 0.31971153846153844 0.04567307692307692 0.052884615384615384
0 0.4495192307692308 0.3245192307692308 0.04326923076923077 0.0673076923076923
0 0.921875 0.38221153846153844 0.06971153846153846 0.057692307692307696
0 0.8413461538461539 0.4026442307692308 0.052884615384615384 0.05048076923076923
0 0.7079326923076923 0.4891826923076923 0.05048076923076923 0.04567307692307692
0 0.9795673076923077 0.17427884615384615 0.040865384615384616 0.06971153846153846
0 0.9206730769230769 0.20432692307692307 0.052884615384615384 0.052884615384615384
0 0.4567307692307692 0.23557692307692307 0.04326923076923077 0.038461538461538464
0 0.2644230769230769 0.6442307692307693 0.03365384615384615 0.028846153846153848
0 0.30649038461538464 0.6610576923076923 0.03125 0.019230769230769232
0 0.28725961538461536 0.6875 0.021634615384615384 0.019230769230769232
0 0.21995192307692307 0.6887019230769231 0.040865384615384616 0.03125
0 0.06129807692307692 0.7379807692307693 0.04567307692307692 0.04807692307692308