0 0.23677884615384615 0.037259615384615384 0.04567307692307692 0.036057692307692304
0 0.16105769230769232 0.11538461538461539 0.02403846153846154 0.02403846153846154
0 0.13822115384615385 0.12860576923076922 0.026442307692307692 0.021634615384615384
0 0.2127403846153846 0.13221153846153846 0.026442307692307692 0.02403846153846154
0 0.1045673076923077 0.1622596153846154 0.026442307692307692 0.021634615384615384
0 0.21754807692307693 0.16105769230769232 0.021634615384615384 0.02403846153846154
0 0.030048076923076924 0.171875 0.021634615384615384 0.021634615384615384
0 0.08052884615384616 0.17548076923076922 0.021634615384615384 0.019230769230769232
0 0.23677884615384615 0.90625 0.07451923076923077 0.0673076923076923
0 0.036057692307692304 0.984375 0.04326923076923077 0.03125
0 0.09495192307692307 0.9927884615384616 0.05048076923076923 0.014423076923076924
0 0.640625 0.875 0.05048076923076923 0.0625