0 0.5396634615384616 0.007211538461538462 0.04567307692307692 0.014423076923076924
0 0.5709134615384616 0.07211538461538461 0.04567307692307692 0.03365384615384615
0 0.7872596153846154 0.015625 0.06009615384615385 0.03125
0 0.8353365384615384 0.08173076923076923 0.04567307692307692 0.038461538461538464
0 0.7860576923076923 0.0829326923076923 0.04326923076923077 0.036057692307692304
0 0.6514423076923077 0.08533653846153846 0.04807692307692308 0.021634615384615384
0 0.9242788461538461 0.09014423076923077 0.036057692307692304 0.040865384615384616
0 0.6730769230769231 0.10216346153846154 0.052884615384615384 0.03125
0 0.9831730769230769 0.10576923076923077 0.028846153846153848 0.03365384615384615
0 0.7151442307692307 0.10817307692307693 0.06009615384615385 0.057692307692307696
0 0.8353365384615384 0.12139423076923077 0.04567307692307692 0.040865384615384616
0 0.8846153846153846 0.18509615384615385 0.04807692307692308 0.04807692307692308
0 0.7824519230769231 0.1875 0.036057692307692304 0.04807692307692308
0 0.8088942307692307 0.19951923076923078 0.040865384615384616 0.03365384615384615
0 0.6730769230769231 0.20192307692307693 0.04807692307692308 0.04326923076923077
0 0.7427884615384616 0.2247596153846154 0.04807692307692308 0.036057692307692304
0 0.9819711538461539 0.22355769230769232 0.036057692307692304 0.038461538461538464
0 0.9050480769230769 0.23317307692307693 0.05048076923076923 0.038461538461538464
0 0.8305288461538461 0.23918269230769232 0.040865384615384616 0.026442307692307692
0 0.6346153846153846 0.24519230769230768 0.052884615384615384 0.07211538461538461
0 0.7379807692307693 0.25 0.04326923076923077 0.038461538461538464
0 0.8317307692307693 0.25841346153846156 0.038461538461538464 0.036057692307692304
0 0.7644230769230769 0.25721153846153844 0.052884615384615384 0.04326923076923077
0 0.9831730769230769 0.2704326923076923 0.03365384615384615 0.036057692307692304
0 0.9098557692307693 0.2776442307692308 0.05048076923076923 0.036057692307692304
0 0.7367788461538461 0.2824519230769231 0.055288461538461536 0.036057692307692304
0 0.7163461538461539 0.28966346153846156 0.052884615384615384 0.036057692307692304
0 0.6862980769230769 0.296875 0.04567307692307692 0.04567307692307692
0 0.8028846153846154 0.3125 0.04326923076923077 0.03365384615384615
0 0.7836538461538461 0.3125 0.03365384615384615 0.03365384615384615
0 0.9735576923076923 0.3161057692307692 0.04807692307692308 0.03125
0 0.7367788461538461 0.33413461538461536 0.04567307692307692 0.038461538461538464
0 0.8629807692307693 0.33533653846153844 0.038461538461538464 0.04567307692307692
0 0.8942307692307693 0.3473557692307692 0.028846153846153848 0.05048076923076923
0 0.6538461538461539 0.35096153846153844 0.04326923076923077 0.04807692307692308
0 0.8473557692307693 0.35336538461538464 0.040865384615384616 0.057692307692307696
0 0.6322115384615384 0.3605769230769231 0.04807692307692308 0.038461538461538464
0 0.7680288461538461 0.37740384615384615 0.04567307692307692 0.04326923076923077
0 0.6153846153846154 0.38100961538461536 0.014423076923076924 0.036057692307692304
0 0.7223557692307693 0.38341346153846156 0.04567307692307692 0.03125
0 0.6622596153846154 0.38461538461538464 0.040865384615384616 0.028846153846153848
0 0.96875 0.390625 0.038461538461538464 0.016826923076923076
0 0.26802884615384615 0.5733173076923077 0.06490384615384616 0.0889423076923077
0 0.9507211538461539 0.8425480769230769 0.021634615384615384 0.021634615384615384
0 0.8822115384615384 0.8689903846153846 0.038461538461538464 0.040865384615384616
0 0.7728365384615384 0.9555288461538461 0.021634615384615384 0.021634615384615384
0 0.7860576923076923 0.9831730769230769 0.052884615384615384 0.03365384615384615