0 0.5036057692307693 0.2403846153846154 0.026442307692307692 0.028846153846153848
0 0.47475961538461536 0.24879807692307693 0.026442307692307692 0.026442307692307692
0 0.5276442307692307 0.2644230769230769 0.03125 0.02403846153846154
0 0.4951923076923077 0.2764423076923077 0.028846153846153848 0.02403846153846154
0 0.6382211538461539 0.5132211538461539 0.03125 0.03125
0 0.3954326923076923 0.5480769230769231 0.04567307692307692 0.04326923076923077
0 0.7776442307692307 0.5552884615384616 0.04567307692307692 0.04326923076923077
0 0.5805288461538461 0.5793269230769231 0.04567307692307692 0.04326923076923077
0 0.38100961538461536 0.8689903846153846 0.026442307692307692 0.021634615384615384
0 0.41225961538461536 0.875 0.03125 0.02403846153846154
0 0.47716346153846156 0.22716346153846154 0.03125 0.021634615384615384
0 0.5805288461538461 0.23918269230769232 0.026442307692307692 0.026442307692307692