0 0.8173076923076923 0.375 0.03365384615384615 0.02403846153846154
0 0.7223557692307693 0.38221153846153844 0.036057692307692304 0.028846153846153848
0 0.7680288461538461 0.40625 0.026442307692307692 0.02403846153846154
0 0.796875 0.40625 0.026442307692307692 0.019230769230769232
0 0.828125 0.41225961538461536 0.021634615384615384 0.021634615384615384
0 0.8209134615384616 0.45913461538461536 0.036057692307692304 0.028846153846153848
0 0.6706730769230769 0.6177884615384616 0.028846153846153848 0.02403846153846154
0 0.6346153846153846 0.6286057692307693 0.038461538461538464 0.040865384615384616
0 0.6117788461538461 0.6754807692307693 0.026442307692307692 0.028846153846153848
0 0.5913461538461539 0.90625 0.02403846153846154 0.028846153846153848
0 0.6129807692307693 0.9134615384615384 0.03365384615384615 0.03365384615384615