0 0.18509615384615385 0.4423076923076923 0.057692307692307696 0.057692307692307696
0 0.3713942307692308 0.7295673076923077 0.05048076923076923 0.040865384615384616
0 0.40625 0.7307692307692307 0.028846153846153848 0.02403846153846154
0 0.18629807692307693 0.7536057692307693 0.06971153846153846 0.05048076923076923
0 0.6225961538461539 0.8161057692307693 0.03365384615384615 0.040865384615384616
0 0.3485576923076923 0.8629807692307693 0.057692307692307696 0.04326923076923077
0 0.4182692307692308 0.8689903846153846 0.04326923076923077 0.03125
0 0.4495192307692308 0.8990384615384616 0.04326923076923077 0.03365384615384615
0 0.5420673076923077 0.9483173076923077 0.05048076923076923 0.026442307692307692
0 0.30408653846153844 0.6766826923076923 0.05048076923076923 0.040865384615384616
0 0.34375 0.6754807692307693 0.028846153846153848 0.02403846153846154
0 0.2704326923076923 0.6814903846153846 0.036057692307692304 0.036057692307692304
0 0.14903846153846154 0.7055288461538461 0.0625 0.05048076923076923
0 0.9963942307692307 0.7235576923076923 0.007211538461538462 0.02403846153846154