0 0.3004807692307692 0.2644230769230769 0.038461538461538464 0.04807692307692308
0 0.23677884615384615 0.4050480769230769 0.07451923076923077 0.055288461538461536
0 0.36778846153846156 0.5048076923076923 0.052884615384615384 0.04326923076923077
0 0.12980769230769232 0.6057692307692307 0.0625 0.08653846153846154
0 0.2860576923076923 0.6322115384615384 0.0673076923076923 0.0625
0 0.08173076923076923 0.7295673076923077 0.0625 0.06971153846153846
0 0.2536057692307692 0.7536057692307693 0.05048076923076923 0.05048076923076923
0 0.43149038461538464 0.08653846153846154 0.05048076923076923 0.038461538461538464
0 0.23197115384615385 0.11177884615384616 0.04567307692307692 0.05048076923076923
0 0.22235576923076922 0.1935096153846154 0.04567307692307692 0.06490384615384616
0 0.026442307692307692 0.7283653846153846 0.052884615384615384 0.07211538461538461