0 0.01201923076923077 0.04447115384615385 0.02403846153846154 0.036057692307692304
0 0.24519230769230768 0.4651442307692308 0.019230769230769232 0.021634615384615384
0 0.07572115384615384 0.4855769230769231 0.026442307692307692 0.02403846153846154
0 0.5829326923076923 0.018028846153846152 0.06971153846153846 0.036057692307692304
0 0.5168269230769231 0.03245192307692308 0.014423076923076924 0.04567307692307692
0 0.5757211538461539 0.09615384615384616 0.04567307692307692 0.057692307692307696
0 0.6358173076923077 0.10576923076923077 0.04567307692307692 0.052884615384615384
0 0.7860576923076923 0.11298076923076923 0.04807692307692308 0.04326923076923077
0 0.5661057692307693 0.17307692307692307 0.06009615384615385 0.052884615384615384
0 0.7115384615384616 0.20552884615384615 0.052884615384615384 0.06009615384615385
0 0.7692307692307693 0.21754807692307693 0.0625 0.08413461538461539
0 0.6358173076923077 0.23197115384615385 0.06971153846153846 0.06490384615384616
0 0.5444711538461539 0.24879807692307693 0.06971153846153846 0.06490384615384616