0 0.6694711538461539 0.42427884615384615 0.07451923076923077 0.055288461538461536
0 0.9675480769230769 0.4483173076923077 0.036057692307692304 0.04567307692307692
0 0.328125 0.4519230769230769 0.06971153846153846 0.057692307692307696
0 0.3557692307692308 0.5084134615384616 0.07211538461538461 0.05048076923076923
0 0.4879807692307692 0.6177884615384616 0.0625 0.052884615384615384
0 0.35697115384615385 0.6394230769230769 0.06490384615384616 0.04326923076923077
0 0.5384615384615384 0.6959134615384616 0.052884615384615384 0.040865384615384616
0 0.25721153846153844 0.7151442307692307 0.052884615384615384 0.040865384615384616
0 0.7692307692307693 0.7151442307692307 0.04326923076923077 0.036057692307692304
0 0.7247596153846154 0.7632211538461539 0.06009615384615385 0.06009615384615385
0 0.5697115384615384 0.8257211538461539 0.04807692307692308 0.04567307692307692
0 0.6370192307692307 0.8401442307692307 0.052884615384615384 0.040865384615384616
0 0.4651442307692308 0.2692307692307692 0.055288461538461536 0.04807692307692308
0 0.7235576923076923 0.9771634615384616 0.0625 0.040865384615384616
0 0.5697115384615384 0.9266826923076923 0.04807692307692308 0.04567307692307692
0 0.6370192307692307 0.9122596153846154 0.052884615384615384 0.040865384615384616