0 0.3425480769230769 0.10336538461538461 0.03125 0.038461538461538464
0 0.27283653846153844 0.29927884615384615 0.03125 0.040865384615384616
0 0.38100961538461536 0.4579326923076923 0.03125 0.03125
0 0.5913461538461539 0.010817307692307692 0.038461538461538464 0.021634615384615384
0 0.8846153846153846 0.234375 0.03365384615384615 0.036057692307692304
0 0.7632211538461539 0.31971153846153844 0.040865384615384616 0.028846153846153848
0 0.7632211538461539 0.49399038461538464 0.040865384615384616 0.01201923076923077
0 0.5144230769230769 0.5817307692307693 0.014423076923076924 0.019230769230769232
0 0.4543269230769231 0.5817307692307693 0.02403846153846154 0.019230769230769232
0 0.5384615384615384 0.6850961538461539 0.028846153846153848 0.02403846153846154
0 0.515625 0.7127403846153846 0.026442307692307692 0.021634615384615384
0 0.5877403846153846 0.7151442307692307 0.021634615384615384 0.026442307692307692
0 0.5240384615384616 0.8245192307692307 0.028846153846153848 0.019230769230769232
0 0.7487980769230769 0.9507211538461539 0.026442307692307692 0.026442307692307692
0 0.7043269230769231 0.9663461538461539 0.02403846153846154 0.019230769230769232