0 0.6971153846153846 0.2644230769230769 0.038461538461538464 0.04807692307692308
0 0.4675480769230769 0.296875 0.04567307692307692 0.036057692307692304
0 0.8221153846153846 0.48197115384615385 0.04807692307692308 0.04567307692307692
0 0.6310096153846154 0.5036057692307693 0.05048076923076923 0.04567307692307692
0 0.8701923076923077 0.6057692307692307 0.0625 0.08653846153846154
0 0.7139423076923077 0.6322115384615384 0.0673076923076923 0.0625
0 0.9170673076923077 0.7283653846153846 0.06009615384615385 0.07211538461538461
0 0.75 0.7548076923076923 0.04326923076923077 0.04807692307692308
0 0.7704326923076923 0.11177884615384616 0.04567307692307692 0.05048076923076923
0 0.7800480769230769 0.1935096153846154 0.04567307692307692 0.06490384615384616
0 0.9747596153846154 0.7295673076923077 0.04567307692307692 0.07451923076923077