0 0.24158653846153846 0.19471153846153846 0.036057692307692304 0.038461538461538464
0 0.24759615384615385 0.3125 0.028846153846153848 0.028846153846153848
0 0.18990384615384615 0.47716346153846156 0.03365384615384615 0.026442307692307692
0 0.484375 0.31971153846153844 0.01201923076923077 0.03365384615384615
0 0.5901442307692307 0.3233173076923077 0.03125 0.03125
0 0.6057692307692307 0.43990384615384615 0.03365384615384615 0.028846153846153848
0 0.6310096153846154 0.46634615384615385 0.03125 0.019230769230769232
0 0.5012019230769231 0.49278846153846156 0.03125 0.014423076923076924
0 0.4254807692307692 0.5324519230769231 0.028846153846153848 0.021634615384615384
0 0.3449519230769231 0.9158653846153846 0.036057692307692304 0.028846153846153848
0 0.7956730769230769 0.8533653846153846 0.052884615384615384 0.052884615384615384
0 0.8449519230769231 0.9555288461538461 0.05048076923076923 0.036057692307692304
0 0.8762019230769231 0.9663461538461539 0.036057692307692304 0.02403846153846154