0 0.2247596153846154 0.08774038461538461 0.026442307692307692 0.026442307692307692
0 0.2644230769230769 0.1201923076923077 0.028846153846153848 0.028846153846153848
0 0.1502403846153846 0.14543269230769232 0.036057692307692304 0.03125
0 0.17908653846153846 0.06610576923076923 0.026442307692307692 0.036057692307692304
0 0.6959134615384616 0.052884615384615384 0.055288461538461536 0.057692307692307696
0 0.6310096153846154 0.07451923076923077 0.05048076923076923 0.057692307692307696
0 0.7295673076923077 0.12740384615384615 0.055288461538461536 0.052884615384615384
0 0.5276442307692307 0.14423076923076922 0.055288461538461536 0.0625
0 0.4254807692307692 0.18269230769230768 0.03365384615384615 0.04326923076923077
0 0.44350961538461536 0.18389423076923078 0.03125 0.036057692307692304
0 0.47836538461538464 0.19951923076923078 0.03365384615384615 0.038461538461538464
0 0.7367788461538461 0.26322115384615385 0.06490384615384616 0.06009615384615385
0 0.5060096153846154 0.35697115384615385 0.06490384615384616 0.04567307692307692
0 0.6802884615384616 0.37259615384615385 0.057692307692307696 0.052884615384615384
0 0.6418269230769231 0.39903846153846156 0.052884615384615384 0.038461538461538464
0 0.47475961538461536 0.41225961538461536 0.04567307692307692 0.040865384615384616
0 0.6165865384615384 0.4170673076923077 0.040865384615384616 0.036057692307692304
0 0.234375 0.7463942307692307 0.036057692307692304 0.036057692307692304
0 0.7487980769230769 0.5901442307692307 0.03125 0.026442307692307692
0 0.8557692307692307 0.5925480769230769 0.03365384615384615 0.03125
0 0.9350961538461539 0.6045673076923077 0.038461538461538464 0.026442307692307692
0 0.5096153846153846 0.6514423076923077 0.038461538461538464 0.028846153846153848
0 0.6634615384615384 0.6682692307692307 0.028846153846153848 0.02403846153846154
0 0.7980769230769231 0.6730769230769231 0.057692307692307696 0.04326923076923077
0 0.5408653846153846 0.6850961538461539 0.028846153846153848 0.019230769230769232
0 0.4879807692307692 0.6935096153846154 0.04326923076923077 0.036057692307692304
0 0.96875 0.7463942307692307 0.028846153846153848 0.021634615384615384
0 0.9254807692307693 0.7451923076923077 0.028846153846153848 0.019230769230769232
0 0.8581730769230769 0.7620192307692307 0.028846153846153848 0.03365384615384615
0 0.9230769230769231 0.765625 0.02403846153846154 0.021634615384615384
0 0.890625 0.7704326923076923 0.016826923076923076 0.016826923076923076
0 0.9086538461538461 0.7848557692307693 0.02403846153846154 0.03125
0 0.9254807692307693 0.7872596153846154 0.02403846153846154 0.021634615384615384
0 0.9639423076923077 0.7896634615384616 0.03365384615384615 0.03125
0 0.8173076923076923 0.796875 0.02403846153846154 0.016826923076923076
0 0.9266826923076923 0.8088942307692307 0.026442307692307692 0.016826923076923076
0 0.8233173076923077 0.8112980769230769 0.016826923076923076 0.016826923076923076
0 0.8557692307692307 0.828125 0.028846153846153848 0.021634615384615384
0 0.9266826923076923 0.8305288461538461 0.026442307692307692 0.016826923076923076
0 0.8233173076923077 0.8353365384615384 0.03125 0.021634615384615384
0 0.9110576923076923 0.8497596153846154 0.019230769230769232 0.021634615384615384
0 0.8245192307692307 0.8521634615384616 0.019230769230769232 0.016826923076923076
0 0.8461538461538461 0.8653846153846154 0.028846153846153848 0.02403846153846154
0 0.5084134615384616 0.9026442307692307 0.040865384615384616 0.026442307692307692
0 0.8317307692307693 0.9447115384615384 0.03365384615384615 0.02403846153846154
0 0.90625 0.5600961538461539 0.019230769230769232 0.02403846153846154
0 0.9254807692307693 0.5745192307692307 0.02403846153846154 0.019230769230769232
0 0.8317307692307693 0.5805288461538461 0.03365384615384615 0.03125