0 0.24639423076923078 0.5901442307692307 0.04567307692307692 0.04567307692307692
0 0.9507211538461539 0.5180288461538461 0.0985576923076923 0.05048076923076923
0 0.9278846153846154 0.8954326923076923 0.11538461538461539 0.06009615384615385
0 0.7560096153846154 0.5444711538461539 0.05048076923076923 0.06009615384615385
0 0.7956730769230769 0.5612980769230769 0.0673076923076923 0.04567307692307692
0 0.7548076923076923 0.5973557692307693 0.07692307692307693 0.026442307692307692
0 0.8762019230769231 0.6370192307692307 0.06971153846153846 0.057692307692307696
0 0.8149038461538461 0.6454326923076923 0.0625 0.04567307692307692
0 0.6334134615384616 0.6586538461538461 0.03125 0.038461538461538464
0 0.78125 0.6911057692307693 0.052884615384615384 0.04567307692307692
0 0.6814903846153846 0.6959134615384616 0.06009615384615385 0.04567307692307692
0 0.7103365384615384 0.7331730769230769 0.05048076923076923 0.0673076923076923
0 0.7524038461538461 0.7620192307692307 0.04326923076923077 0.04326923076923077
0 0.7055288461538461 0.7980769230769231 0.05048076923076923 0.052884615384615384
0 0.859375 0.8076923076923077 0.11778846153846154 0.11538461538461539
0 0.9543269230769231 0.8137019230769231 0.04326923076923077 0.05048076923076923
0 0.9507211538461539 0.4362980769230769 0.0985576923076923 0.05048076923076923
0 0.7560096153846154 0.4098557692307692 0.05048076923076923 0.06009615384615385
0 0.7956730769230769 0.39302884615384615 0.0673076923076923 0.04567307692307692
0 0.7560096153846154 0.3641826923076923 0.07932692307692307 0.01201923076923077