0 0.1778846153846154 0.10336538461538461 0.03365384615384615 0.028846153846153848
0 0.25721153846153844 0.16105769230769232 0.038461538461538464 0.03365384615384615
0 0.31850961538461536 0.21875 0.026442307692307692 0.028846153846153848
0 0.9915865384615384 0.3545673076923077 0.016826923076923076 0.040865384615384616
0 0.41225961538461536 0.5516826923076923 0.03125 0.03125
0 0.16947115384615385 0.5865384615384616 0.04567307692307692 0.04326923076923077
0 0.5492788461538461 0.59375 0.040865384615384616 0.04326923076923077
0 0.3545673076923077 0.6177884615384616 0.04567307692307692 0.04326923076923077
0 0.15504807692307693 0.9074519230769231 0.026442307692307692 0.021634615384615384
0 0.18629807692307693 0.9134615384615384 0.03125 0.02403846153846154
0 0.7872596153846154 0.8305288461538461 0.04567307692307692 0.04567307692307692