0 0.2800480769230769 0.1045673076923077 0.036057692307692304 0.036057692307692304
0 0.009615384615384616 0.19471153846153846 0.019230769230769232 0.038461538461538464
0 0.4338942307692308 0.11298076923076923 0.06490384615384616 0.057692307692307696
0 0.5949519230769231 0.14302884615384615 0.040865384615384616 0.036057692307692304
0 0.5949519230769231 0.14302884615384615 0.036057692307692304 0.03125
0 0.7199519230769231 0.25 0.036057692307692304 0.03365384615384615
0 0.7752403846153846 0.25961538461538464 0.026442307692307692 0.019230769230769232
0 0.7211538461538461 0.33052884615384615 0.04326923076923077 0.026442307692307692
0 0.7956730769230769 0.41586538461538464 0.019230769230769232 0.02403846153846154
0 0.18629807692307693 0.65625 0.06490384615384616 0.07692307692307693
0 0.3076923076923077 0.9134615384615384 0.02403846153846154 0.0673076923076923
0 0.6899038461538461 0.7391826923076923 0.028846153846153848 0.036057692307692304
0 0.4543269230769231 0.8389423076923077 0.07692307692307693 0.057692307692307696
0 0.7584134615384616 0.8533653846153846 0.10336538461538461 0.07692307692307693
0 0.8305288461538461 0.9723557692307693 0.06971153846153846 0.055288461538461536
0 0.9435096153846154 0.9735576923076923 0.07451923076923077 0.052884615384615384
0 0.7319711538461539 0.984375 0.11778846153846154 0.03125
0 0.8233173076923077 0.6057692307692307 0.08413461538461539 0.07211538461538461
0 0.4807692307692308 0.6189903846153846 0.052884615384615384 0.040865384615384616
0 0.7355769230769231 0.6514423076923077 0.038461538461538464 0.03365384615384615
0 0.6598557692307693 0.6862980769230769 0.036057692307692304 0.026442307692307692