0 0.3137019230769231 0.6538461538461539 0.04567307692307692 0.038461538461538464
0 0.4855769230769231 0.6610576923076923 0.04807692307692308 0.038461538461538464
0 0.39663461538461536 0.6682692307692307 0.038461538461538464 0.03365384615384615
0 0.4735576923076923 0.49399038461538464 0.038461538461538464 0.01201923076923077
0 0.41225961538461536 0.4963942307692308 0.03125 0.016826923076923076
0 0.3629807692307692 0.49759615384615385 0.03365384615384615 0.019230769230769232
0 0.25 0.5036057692307693 0.04807692307692308 0.03125
0 0.5925480769230769 0.5072115384615384 0.03125 0.038461538461538464
0 0.31490384615384615 0.5108173076923077 0.04807692307692308 0.040865384615384616
0 0.38341346153846156 0.5649038461538461 0.04567307692307692 0.03365384615384615
0 0.5673076923076923 0.5733173076923077 0.04807692307692308 0.040865384615384616
0 0.5853365384615384 0.6177884615384616 0.040865384615384616 0.038461538461538464
0 0.7007211538461539 0.6346153846153846 0.05048076923076923 0.04807692307692308