0 0.8076923076923077 0.014423076923076924 0.03365384615384615 0.028846153846153848
0 0.671875 0.25 0.036057692307692304 0.028846153846153848
0 0.671875 0.25 0.040865384615384616 0.03365384615384615
0 0.8197115384615384 0.31490384615384615 0.038461538461538464 0.04326923076923077
0 0.46634615384615385 0.3473557692307692 0.02403846153846154 0.021634615384615384
0 0.546875 0.35697115384615385 0.036057692307692304 0.03125
0 0.49278846153846156 0.3737980769230769 0.028846153846153848 0.03125
0 0.5432692307692307 0.4254807692307692 0.04326923076923077 0.004807692307692308
0 0.8185096153846154 0.054086538461538464 0.03125 0.03125
0 0.7127403846153846 0.009615384615384616 0.05048076923076923 0.019230769230769232
0 0.8329326923076923 0.21995192307692307 0.06490384615384616 0.055288461538461536
0 0.3942307692307692 0.6141826923076923 0.028846153846153848 0.03125