0 0.2608173076923077 0.4723557692307692 0.036057692307692304 0.03125
0 0.39903846153846156 0.4879807692307692 0.03365384615384615 0.03365384615384615
0 0.8137019230769231 0.2932692307692308 0.026442307692307692 0.019230769230769232
0 0.9038461538461539 0.31850961538461536 0.03365384615384615 0.021634615384615384
0 0.7331730769230769 0.33413461538461536 0.04326923076923077 0.03365384615384615
0 0.6550480769230769 0.35697115384615385 0.036057692307692304 0.036057692307692304
0 0.8245192307692307 0.38461538461538464 0.038461538461538464 0.03365384615384615
0 0.90625 0.3858173076923077 0.028846153846153848 0.026442307692307692
0 0.6538461538461539 0.38822115384615385 0.028846153846153848 0.026442307692307692
0 0.6923076923076923 0.4110576923076923 0.028846153846153848 0.019230769230769232
0 0.7427884615384616 0.4230769230769231 0.03365384615384615 0.028846153846153848
0 0.9230769230769231 0.4230769230769231 0.052884615384615384 0.04326923076923077
0 0.7860576923076923 0.4362980769230769 0.038461538461538464 0.026442307692307692
0 0.984375 0.44591346153846156 0.03125 0.021634615384615384
0 0.8545673076923077 0.46274038461538464 0.05048076923076923 0.036057692307692304
0 0.7764423076923077 0.4699519230769231 0.038461538461538464 0.026442307692307692
0 0.9411057692307693 0.2091346153846154 0.036057692307692304 0.03365384615384615
0 0.7283653846153846 0.25240384615384615 0.03365384615384615 0.028846153846153848
0 0.8004807692307693 0.2608173076923077 0.038461538461538464 0.026442307692307692
0 0.171875 0.5576923076923077 0.07451923076923077 0.038461538461538464
0 0.40384615384615385 0.5721153846153846 0.03365384615384615 0.04326923076923077
0 0.44471153846153844 0.5733173076923077 0.03365384615384615 0.03125
0 0.2980769230769231 0.6021634615384616 0.04807692307692308 0.03125
0 0.12980769230769232 0.609375 0.0625 0.04567307692307692
0 0.26802884615384615 0.6117788461538461 0.040865384615384616 0.036057692307692304
0 0.06129807692307692 0.65625 0.055288461538461536 0.04326923076923077
0 0.484375 0.6610576923076923 0.03125 0.04326923076923077
0 0.27283653846153844 0.6682692307692307 0.06490384615384616 0.028846153846153848
0 0.46153846153846156 0.7451923076923077 0.04807692307692308 0.028846153846153848
0 0.39663461538461536 0.5372596153846154 0.04326923076923077 0.036057692307692304
0 0.046875 0.5384615384615384 0.03125 0.038461538461538464
0 0.06009615384615385 0.9891826923076923 0.057692307692307696 0.021634615384615384
0 0.4831730769230769 0.9867788461538461 0.03365384615384615 0.026442307692307692
0 0.27283653846153844 0.9867788461538461 0.06490384615384616 0.026442307692307692
0 0.46153846153846156 0.9110576923076923 0.04807692307692308 0.028846153846153848