0 0.07932692307692307 0.33052884615384615 0.0625 0.06490384615384616
0 0.7992788461538461 0.359375 0.06009615384615385 0.055288461538461536
0 0.7367788461538461 0.42427884615384615 0.04567307692307692 0.055288461538461536
0 0.6838942307692307 0.4423076923076923 0.055288461538461536 0.0673076923076923
0 0.6478365384615384 0.5288461538461539 0.07932692307692307 0.0625
0 0.28725961538461536 0.6875 0.05048076923076923 0.03365384615384615
0 0.23557692307692307 0.7175480769230769 0.0625 0.055288461538461536
0 0.3004807692307692 0.7175480769230769 0.038461538461538464 0.036057692307692304
0 0.3004807692307692 0.7704326923076923 0.07211538461538461 0.06009615384615385
0 0.2980769230769231 0.8713942307692307 0.052884615384615384 0.04567307692307692
0 0.24879807692307693 0.953125 0.0889423076923077 0.0889423076923077
0 0.32091346153846156 0.9615384615384616 0.040865384615384616 0.04807692307692308
0 0.31850961538461536 0.6430288461538461 0.040865384615384616 0.007211538461538462
0 0.5709134615384616 0.7512019230769231 0.05048076923076923 0.05048076923076923
0 0.47836538461538464 0.7596153846153846 0.03365384615384615 0.03365384615384615
0 0.8028846153846154 0.78125 0.038461538461538464 0.038461538461538464