0 0.34975961538461536 0.5805288461538461 0.021634615384615384 0.026442307692307692
0 0.6454326923076923 0.4579326923076923 0.036057692307692304 0.040865384615384616
0 0.18269230769230768 0.921875 0.057692307692307696 0.05048076923076923
0 0.3317307692307692 0.9447115384615384 0.0625 0.052884615384615384
0 0.5516826923076923 0.6983173076923077 0.036057692307692304 0.040865384615384616
0 0.25841346153846156 0.7560096153846154 0.05048076923076923 0.04567307692307692
0 0.28725961538461536 0.8269230769230769 0.05048076923076923 0.04326923076923077
0 0.9555288461538461 0.6237980769230769 0.04567307692307692 0.03125
0 0.6394230769230769 0.6322115384615384 0.0625 0.04326923076923077
0 0.9615384615384616 0.6610576923076923 0.052884615384615384 0.038461538461538464
0 0.6790865384615384 0.6622596153846154 0.036057692307692304 0.05048076923076923
0 0.6514423076923077 0.6742788461538461 0.04326923076923077 0.04567307692307692
0 0.9495192307692307 0.7103365384615384 0.038461538461538464 0.026442307692307692
0 0.6117788461538461 0.7151442307692307 0.05048076923076923 0.036057692307692304
0 0.6262019230769231 0.7608173076923077 0.04567307692307692 0.06009615384615385