0 0.43028846153846156 0.49278846153846156 0.019230769230769232 0.014423076923076924
0 0.7139423076923077 0.3581730769230769 0.03365384615384615 0.028846153846153848
0 0.7596153846153846 0.3798076923076923 0.038461538461538464 0.028846153846153848
0 0.7055288461538461 0.3858173076923077 0.036057692307692304 0.026442307692307692
0 0.9002403846153846 0.38461538461538464 0.040865384615384616 0.03365384615384615
0 0.7752403846153846 0.42908653846153844 0.036057692307692304 0.03125
0 0.8016826923076923 0.43149038461538464 0.03125 0.036057692307692304
0 0.8774038461538461 0.4338942307692308 0.02403846153846154 0.03125
0 0.6177884615384616 0.4723557692307692 0.028846153846153848 0.03125
0 0.7848557692307693 0.47596153846153844 0.03125 0.03365384615384615
0 0.6826923076923077 0.49399038461538464 0.03365384615384615 0.01201923076923077
0 0.7644230769230769 0.5144230769230769 0.057692307692307696 0.028846153846153848