0 0.3173076923076923 0.05889423076923077 0.04326923076923077 0.036057692307692304
0 0.4795673076923077 0.0985576923076923 0.036057692307692304 0.038461538461538464
0 0.5745192307692307 0.21033653846153846 0.04326923076923077 0.036057692307692304
0 0.5420673076923077 0.2403846153846154 0.036057692307692304 0.03365384615384615
0 0.6081730769230769 0.3137019230769231 0.038461538461538464 0.05048076923076923
0 0.4699519230769231 0.3545673076923077 0.040865384615384616 0.04567307692307692
0 0.4074519230769231 0.3641826923076923 0.040865384615384616 0.03125
0 0.35096153846153844 0.47115384615384615 0.038461538461538464 0.038461538461538464
0 0.8581730769230769 0.36899038461538464 0.04326923076923077 0.04567307692307692
0 0.671875 0.7079326923076923 0.05048076923076923 0.04567307692307692
0 0.10697115384615384 0.8173076923076923 0.05048076923076923 0.038461538461538464
0 0.06490384615384616 0.8822115384615384 0.038461538461538464 0.038461538461538464