0 0.028846153846153848 0.3485576923076923 0.038461538461538464 0.052884615384615384
0 0.96875 0.004807692307692308 0.052884615384615384 0.009615384615384616
0 0.9495192307692307 0.055288461538461536 0.03365384615384615 0.028846153846153848
0 0.9603365384615384 0.08533653846153846 0.03125 0.026442307692307692
0 0.5925480769230769 0.09014423076923077 0.021634615384615384 0.021634615384615384
0 0.8605769230769231 0.1141826923076923 0.038461538461538464 0.036057692307692304
0 0.6069711538461539 0.15264423076923078 0.03125 0.021634615384615384
0 0.05889423076923077 0.9038461538461539 0.021634615384615384 0.028846153846153848
0 0.03245192307692308 0.9639423076923077 0.03125 0.04326923076923077
0 0.9519230769230769 0.9375 0.04326923076923077 0.03365384615384615
0 0.8894230769230769 0.9519230769230769 0.028846153846153848 0.03365384615384615
0 0.7764423076923077 0.59375 0.052884615384615384 0.04807692307692308