0 0.3076923076923077 0.234375 0.04807692307692308 0.036057692307692304
0 0.20552884615384615 0.25841346153846156 0.06971153846153846 0.055288461538461536
0 0.9122596153846154 0.27163461538461536 0.04567307692307692 0.04326923076923077
0 0.2692307692307692 0.7079326923076923 0.038461538461538464 0.036057692307692304
0 0.1875 0.8221153846153846 0.052884615384615384 0.04326923076923077
0 0.6334134615384616 0.8365384615384616 0.040865384615384616 0.038461538461538464
0 0.21995192307692307 0.8413461538461539 0.03125 0.02403846153846154
0 0.2247596153846154 0.9567307692307693 0.036057692307692304 0.028846153846153848
0 0.21514423076923078 0.9783653846153846 0.036057692307692304 0.028846153846153848
0 0.7247596153846154 0.8930288461538461 0.026442307692307692 0.021634615384615384
0 0.7043269230769231 0.9086538461538461 0.02403846153846154 0.028846153846153848
0 0.8040865384615384 0.9795673076923077 0.04567307692307692 0.040865384615384616