0 0.4362980769230769 0.29927884615384615 0.07932692307692307 0.10817307692307693
0 0.5360576923076923 0.3137019230769231 0.038461538461538464 0.040865384615384616
0 0.5168269230769231 0.3701923076923077 0.04326923076923077 0.04807692307692308
0 0.46153846153846156 0.4411057692307692 0.03365384615384615 0.036057692307692304
0 0.7644230769230769 0.4807692307692308 0.08653846153846154 0.08173076923076923
0 0.6730769230769231 0.6730769230769231 0.057692307692307696 0.0625
0 0.4795673076923077 0.08173076923076923 0.036057692307692304 0.04326923076923077
0 0.5276442307692307 0.08653846153846154 0.05048076923076923 0.04326923076923077
0 0.5276442307692307 0.18990384615384615 0.06971153846153846 0.057692307692307696
0 0.4807692307692308 0.22596153846153846 0.07211538461538461 0.0625
0 0.9699519230769231 0.48197115384615385 0.055288461538461536 0.08413461538461539