0 0.19230769230769232 0.11538461538461539 0.02403846153846154 0.028846153846153848
0 0.1502403846153846 0.1622596153846154 0.021634615384615384 0.021634615384615384
0 0.29927884615384615 0.21153846153846154 0.021634615384615384 0.019230769230769232
0 0.2403846153846154 0.5024038461538461 0.02403846153846154 0.02403846153846154
0 0.03245192307692308 0.53125 0.036057692307692304 0.014423076923076924
0 0.828125 0.003605769230769231 0.036057692307692304 0.007211538461538462
0 0.5492788461538461 0.019230769230769232 0.04567307692307692 0.038461538461538464
0 0.9831730769230769 0.4170673076923077 0.03365384615384615 0.03125
0 0.9891826923076923 0.47115384615384615 0.021634615384615384 0.038461538461538464
0 0.6490384615384616 0.7295673076923077 0.07692307692307693 0.055288461538461536
0 0.7067307692307693 0.8365384615384616 0.11057692307692307 0.07692307692307693
0 0.7788461538461539 0.6105769230769231 0.07211538461538461 0.057692307692307696