0 0.5264423076923077 0.1141826923076923 0.057692307692307696 0.055288461538461536
0 0.2283653846153846 0.22596153846153846 0.052884615384615384 0.057692307692307696
0 0.171875 0.24759615384615385 0.036057692307692304 0.028846153846153848
0 0.43149038461538464 0.5997596153846154 0.06490384615384616 0.04567307692307692
0 0.5564903846153846 0.6814903846153846 0.04567307692307692 0.036057692307692304
0 0.3545673076923077 0.7644230769230769 0.06490384615384616 0.0625
0 0.5252403846153846 0.8461538461538461 0.0889423076923077 0.0673076923076923
0 0.5372596153846154 0.8677884615384616 0.026442307692307692 0.019230769230769232
0 0.5108173076923077 0.8990384615384616 0.036057692307692304 0.03365384615384615
0 0.49759615384615385 0.453125 0.08173076923076923 0.055288461538461536
0 0.27283653846153844 0.5012019230769231 0.06490384615384616 0.06490384615384616
0 0.5264423076923077 0.5036057692307693 0.052884615384615384 0.05048076923076923
0 0.4338942307692308 0.5180288461538461 0.04567307692307692 0.040865384615384616
0 0.4387019230769231 0.5180288461538461 0.06009615384615385 0.055288461538461536
0 0.21995192307692307 0.5540865384615384 0.06490384615384616 0.055288461538461536
0 0.6430288461538461 0.7007211538461539 0.10817307692307693 0.0985576923076923
0 0.6346153846153846 0.7872596153846154 0.09134615384615384 0.09375
0 0.6454326923076923 0.5360576923076923 0.11298076923076923 0.14423076923076922