0 0.32091346153846156 0.30408653846153844 0.04567307692307692 0.036057692307692304
0 0.09254807692307693 0.5745192307692307 0.05048076923076923 0.04326923076923077
0 0.7716346153846154 0.49158653846153844 0.03365384615384615 0.04567307692307692
0 0.9663461538461539 0.515625 0.038461538461538464 0.036057692307692304
0 0.9182692307692307 0.5540865384615384 0.04326923076923077 0.040865384615384616
0 0.9951923076923077 0.5552884615384616 0.009615384615384616 0.038461538461538464
0 0.9891826923076923 0.5889423076923077 0.021634615384615384 0.038461538461538464
0 0.10216346153846154 0.6923076923076923 0.021634615384615384 0.004807692307692308
0 0.18629807692307693 0.7752403846153846 0.021634615384615384 0.026442307692307692
0 0.12740384615384615 0.7992788461538461 0.019230769230769232 0.021634615384615384
0 0.1622596153846154 0.8100961538461539 0.021634615384615384 0.02403846153846154
0 0.17427884615384615 0.8112980769230769 0.021634615384615384 0.021634615384615384
0 0.17067307692307693 0.8269230769230769 0.03365384615384615 0.019230769230769232
0 0.7980769230769231 0.8112980769230769 0.038461538461538464 0.040865384615384616
0 0.765625 0.8461538461538461 0.04567307692307692 0.03365384615384615
0 0.8161057692307693 0.8629807692307693 0.040865384615384616 0.038461538461538464