0 0.7403846153846154 0.46274038461538464 0.04326923076923077 0.05048076923076923
0 0.008413461538461538 0.4963942307692308 0.016826923076923076 0.016826923076923076
0 0.5300480769230769 0.5012019230769231 0.03125 0.026442307692307692
0 0.15144230769230768 0.5072115384615384 0.028846153846153848 0.02403846153846154
0 0.2860576923076923 0.5120192307692307 0.057692307692307696 0.04326923076923077
0 0.028846153846153848 0.5240384615384616 0.028846153846153848 0.019230769230769232
0 0.4567307692307692 0.5853365384615384 0.028846153846153848 0.021634615384615384
0 0.41346153846153844 0.5841346153846154 0.028846153846153848 0.019230769230769232
0 0.34615384615384615 0.6009615384615384 0.028846153846153848 0.03365384615384615
0 0.4110576923076923 0.6045673076923077 0.02403846153846154 0.021634615384615384
0 0.3786057692307692 0.609375 0.016826923076923076 0.016826923076923076
0 0.39663461538461536 0.6237980769230769 0.02403846153846154 0.03125
0 0.41346153846153844 0.6262019230769231 0.02403846153846154 0.021634615384615384
0 0.4519230769230769 0.6286057692307693 0.03365384615384615 0.03125
0 0.30528846153846156 0.6358173076923077 0.02403846153846154 0.016826923076923076
0 0.41466346153846156 0.6478365384615384 0.026442307692307692 0.016826923076923076
0 0.3112980769230769 0.6502403846153846 0.016826923076923076 0.016826923076923076
0 0.34375 0.6670673076923077 0.028846153846153848 0.021634615384615384
0 0.41466346153846156 0.6694711538461539 0.026442307692307692 0.016826923076923076
0 0.3112980769230769 0.6742788461538461 0.03125 0.021634615384615384
0 0.39903846153846156 0.6887019230769231 0.019230769230769232 0.021634615384615384
0 0.3125 0.6911057692307693 0.019230769230769232 0.016826923076923076
0 0.33413461538461536 0.7043269230769231 0.028846153846153848 0.02403846153846154
0 0.008413461538461538 0.7415865384615384 0.016826923076923076 0.026442307692307692
0 0.31971153846153844 0.7836538461538461 0.03365384615384615 0.02403846153846154
0 0.33413461538461536 0.9927884615384616 0.028846153846153848 0.014423076923076924
0 0.008413461538461538 0.9627403846153846 0.016826923076923076 0.026442307692307692
0 0.31971153846153844 0.9182692307692307 0.03365384615384615 0.02403846153846154