0 0.23677884615384615 0.46274038461538464 0.026442307692307692 0.021634615384615384
0 0.1502403846153846 0.484375 0.016826923076923076 0.021634615384615384
0 0.2127403846153846 0.5793269230769231 0.03125 0.02403846153846154
0 0.09495192307692307 0.5925480769230769 0.026442307692307692 0.021634615384615384
0 0.06971153846153846 0.6514423076923077 0.014423076923076924 0.019230769230769232
0 0.037259615384615384 0.6971153846153846 0.021634615384615384 0.02403846153846154
0 0.1466346153846154 0.7019230769230769 0.019230769230769232 0.038461538461538464
0 0.28846153846153844 0.7055288461538461 0.02403846153846154 0.021634615384615384
0 0.41466346153846156 0.7524038461538461 0.026442307692307692 0.019230769230769232
0 0.109375 0.8088942307692307 0.016826923076923076 0.021634615384615384
0 0.3389423076923077 0.4326923076923077 0.019230769230769232 0.019230769230769232