0 0.10697115384615384 0.11899038461538461 0.040865384615384616 0.026442307692307692
0 0.1346153846153846 0.14182692307692307 0.028846153846153848 0.028846153846153848
0 0.04567307692307692 0.17548076923076922 0.038461538461538464 0.028846153846153848
0 0.019230769230769232 0.3425480769230769 0.038461538461538464 0.04567307692307692
0 0.11177884615384616 0.43149038461538464 0.036057692307692304 0.040865384615384616
0 0.07211538461538461 0.4519230769230769 0.03365384615384615 0.038461538461538464
0 0.19110576923076922 0.453125 0.040865384615384616 0.040865384615384616
0 0.11298076923076923 0.49158653846153844 0.03365384615384615 0.036057692307692304
0 0.25600961538461536 0.4987980769230769 0.03125 0.03125
0 0.08533653846153846 0.5060096153846154 0.03125 0.03125
0 0.9014423076923077 0.25240384615384615 0.0673076923076923 0.08173076923076923
0 0.7451923076923077 0.26802884615384615 0.04326923076923077 0.05048076923076923
0 0.5252403846153846 0.5408653846153846 0.03125 0.02403846153846154
0 0.5048076923076923 0.5528846153846154 0.038461538461538464 0.03365384615384615
0 0.4795673076923077 0.609375 0.09375 0.08413461538461539
0 0.4230769230769231 0.7151442307692307 0.038461538461538464 0.03125
0 0.5396634615384616 0.7475961538461539 0.040865384615384616 0.03365384615384615
0 0.484375 0.7836538461538461 0.040865384615384616 0.02403846153846154
0 0.39903846153846156 0.8040865384615384 0.03365384615384615 0.026442307692307692
0 0.47836538461538464 0.8076923076923077 0.04807692307692308 0.02403846153846154
0 0.3858173076923077 0.8305288461538461 0.036057692307692304 0.026442307692307692
0 0.453125 0.8317307692307693 0.036057692307692304 0.028846153846153848
0 0.47836538461538464 0.8521634615384616 0.057692307692307696 0.04567307692307692
0 0.7512019230769231 0.6646634615384616 0.04567307692307692 0.04567307692307692
0 0.8810096153846154 0.7223557692307693 0.055288461538461536 0.040865384615384616