0 0.2283653846153846 0.0625 0.03365384615384615 0.02403846153846154
0 0.29447115384615385 0.18509615384615385 0.021634615384615384 0.038461538461538464
0 0.15264423076923078 0.18870192307692307 0.026442307692307692 0.021634615384615384
0 0.02403846153846154 0.23557692307692307 0.028846153846153848 0.019230769230769232
0 0.32572115384615385 0.2920673076923077 0.007211538461538462 0.021634615384615384
0 0.3762019230769231 0.3737980769230769 0.07932692307692307 0.07451923076923077
0 0.7127403846153846 0.10096153846153846 0.05048076923076923 0.052884615384615384
0 0.7355769230769231 0.18870192307692307 0.052884615384615384 0.036057692307692304
0 0.7127403846153846 0.028846153846153848 0.05048076923076923 0.052884615384615384
0 0.18389423076923078 0.6754807692307693 0.04567307692307692 0.038461538461538464
0 0.2668269230769231 0.6899038461538461 0.038461538461538464 0.03365384615384615
0 0.2824519230769231 0.5228365384615384 0.03125 0.007211538461538462
0 0.23317307692307693 0.5240384615384616 0.03365384615384615 0.009615384615384616
0 0.1201923076923077 0.5300480769230769 0.04807692307692308 0.021634615384615384
0 0.18509615384615385 0.5360576923076923 0.04807692307692308 0.03365384615384615
0 0.2536057692307692 0.5865384615384616 0.04567307692307692 0.03365384615384615
0 0.875 0.9735576923076923 0.0673076923076923 0.052884615384615384
0 0.4387019230769231 0.9807692307692307 0.05048076923076923 0.038461538461538464
0 0.4735576923076923 0.9831730769230769 0.028846153846153848 0.02403846153846154
0 0.9663461538461539 0.9915865384615384 0.028846153846153848 0.016826923076923076
0 0.3713942307692308 0.9290865384615384 0.05048076923076923 0.040865384615384616
0 0.4110576923076923 0.9278846153846154 0.028846153846153848 0.02403846153846154
0 0.3425480769230769 0.9338942307692307 0.026442307692307692 0.036057692307692304