0 0.006009615384615385 0.22235576923076922 0.01201923076923077 0.03125
0 0.5288461538461539 0.15745192307692307 0.02403846153846154 0.016826923076923076
0 0.5685096153846154 0.15865384615384615 0.021634615384615384 0.019230769230769232
0 0.5853365384615384 0.18509615384615385 0.021634615384615384 0.019230769230769232
0 0.49038461538461536 0.20432692307692307 0.02403846153846154 0.02403846153846154
0 0.5168269230769231 0.21514423076923078 0.02403846153846154 0.016826923076923076
0 0.484375 0.2439903846153846 0.01201923076923077 0.016826923076923076
0 0.5757211538461539 0.24278846153846154 0.021634615384615384 0.019230769230769232
0 0.5168269230769231 0.2536057692307692 0.019230769230769232 0.021634615384615384
0 0.5 0.2536057692307692 0.02403846153846154 0.03125
0 0.5516826923076923 0.27163461538461536 0.026442307692307692 0.019230769230769232
0 0.7728365384615384 0.27283653846153844 0.026442307692307692 0.03125
0 0.7415865384615384 0.27403846153846156 0.016826923076923076 0.019230769230769232
0 0.8617788461538461 0.3112980769230769 0.021634615384615384 0.021634615384615384
0 0.8185096153846154 0.34615384615384615 0.016826923076923076 0.019230769230769232
0 0.578125 0.984375 0.055288461538461536 0.03125
0 0.6153846153846154 0.5925480769230769 0.038461538461538464 0.036057692307692304