0 0.04447115384615385 0.11899038461538461 0.036057692307692304 0.04567307692307692
0 0.7944711538461539 0.18028846153846154 0.055288461538461536 0.0673076923076923
0 0.7079326923076923 0.008413461538461538 0.04567307692307692 0.016826923076923076
0 0.421875 0.04326923076923077 0.007211538461538462 0.028846153846153848
0 0.8088942307692307 0.09375 0.04567307692307692 0.057692307692307696
0 0.2764423076923077 0.7836538461538461 0.04326923076923077 0.04326923076923077
0 0.14543269230769232 0.8245192307692307 0.06009615384615385 0.04807692307692308
0 0.17668269230769232 0.9723557692307693 0.055288461538461536 0.04567307692307692
0 0.8629807692307693 0.38822115384615385 0.052884615384615384 0.05048076923076923
0 0.9254807692307693 0.44711538461538464 0.04326923076923077 0.04326923076923077
0 0.9591346153846154 0.5 0.04326923076923077 0.057692307692307696