0 0.35336538461538464 0.18629807692307693 0.04326923076923077 0.04567307692307692
0 0.15144230769230768 0.052884615384615384 0.052884615384615384 0.04326923076923077
0 0.39903846153846156 0.7848557692307693 0.019230769230769232 0.036057692307692304
0 0.15625 0.8461538461538461 0.04326923076923077 0.03365384615384615
0 0.2800480769230769 0.8497596153846154 0.06009615384615385 0.04567307692307692
0 0.36658653846153844 0.8653846153846154 0.04567307692307692 0.038461538461538464
0 0.1935096153846154 0.9074519230769231 0.04567307692307692 0.04567307692307692
0 0.019230769230769232 0.9086538461538461 0.028846153846153848 0.028846153846153848
0 0.3112980769230769 0.5649038461538461 0.04567307692307692 0.014423076923076924
0 0.3557692307692308 0.9927884615384616 0.03365384615384615 0.014423076923076924
0 0.17067307692307693 0.5697115384615384 0.03365384615384615 0.02403846153846154
0 0.2091346153846154 0.5817307692307693 0.038461538461538464 0.03365384615384615
0 0.35697115384615385 0.6033653846153846 0.036057692307692304 0.03365384615384615
0 0.06490384615384616 0.6971153846153846 0.057692307692307696 0.057692307692307696
0 0.7067307692307693 0.6189903846153846 0.052884615384615384 0.026442307692307692
0 0.6382211538461539 0.6237980769230769 0.08413461538461539 0.05048076923076923
0 0.7007211538461539 0.8125 0.06009615384615385 0.0673076923076923
0 0.6129807692307693 0.8485576923076923 0.038461538461538464 0.03365384615384615