0 0.3641826923076923 0.5252403846153846 0.026442307692307692 0.021634615384615384
0 0.35336538461538464 0.6021634615384616 0.019230769230769232 0.01201923076923077
0 0.24759615384615385 0.6033653846153846 0.014423076923076924 0.009615384615384616
0 0.23076923076923078 0.2980769230769231 0.019230769230769232 0.014423076923076924
0 0.23076923076923078 0.028846153846153848 0.019230769230769232 0.014423076923076924
0 0.625 0.22235576923076922 0.052884615384615384 0.055288461538461536
0 0.12379807692307693 0.6430288461538461 0.05048076923076923 0.04567307692307692
0 0.15625 0.6670673076923077 0.04807692307692308 0.06009615384615385
0 0.5240384615384616 0.6742788461538461 0.04326923076923077 0.03125
0 0.20552884615384615 0.7560096153846154 0.05048076923076923 0.04567307692307692
0 0.5661057692307693 0.7944711538461539 0.040865384615384616 0.036057692307692304
0 0.5721153846153846 0.8413461538461539 0.03365384615384615 0.028846153846153848
0 0.4951923076923077 0.8617788461538461 0.04326923076923077 0.04567307692307692
0 0.36778846153846156 0.8858173076923077 0.028846153846153848 0.04567307692307692
0 0.421875 0.9819711538461539 0.06009615384615385 0.036057692307692304
0 0.6971153846153846 0.7644230769230769 0.0673076923076923 0.052884615384615384
0 0.6394230769230769 0.8293269230769231 0.038461538461538464 0.052884615384615384
0 0.6213942307692307 0.8533653846153846 0.04567307692307692 0.052884615384615384