0 0.11057692307692307 0.5612980769230769 0.057692307692307696 0.055288461538461536
0 0.7836538461538461 0.16826923076923078 0.04807692307692308 0.04807692307692308
0 0.7872596153846154 0.2824519230769231 0.036057692307692304 0.040865384615384616
0 0.8653846153846154 0.3605769230769231 0.052884615384615384 0.057692307692307696
0 0.7079326923076923 0.40625 0.055288461538461536 0.052884615384615384
0 0.5865384615384616 0.5444711538461539 0.052884615384615384 0.06009615384615385
0 0.5673076923076923 0.578125 0.038461538461538464 0.021634615384615384
0 0.19110576923076922 0.7536057692307693 0.04567307692307692 0.04567307692307692
0 0.71875 0.796875 0.019230769230769232 0.016826923076923076
0 0.8245192307692307 0.8016826923076923 0.014423076923076924 0.016826923076923076
0 0.6838942307692307 0.9375 0.03125 0.028846153846153848
0 0.8076923076923077 0.9555288461538461 0.03365384615384615 0.03125