0 0.30649038461538464 0.9771634615384616 0.040865384615384616 0.036057692307692304
0 0.18629807692307693 0.5685096153846154 0.040865384615384616 0.036057692307692304
0 0.5348557692307693 0.4951923076923077 0.03125 0.038461538461538464
0 0.8016826923076923 0.6117788461538461 0.03125 0.021634615384615384
0 0.8293269230769231 0.6213942307692307 0.028846153846153848 0.021634615384615384
0 0.84375 0.6706730769230769 0.028846153846153848 0.02403846153846154
0 0.7884615384615384 0.6875 0.038461538461538464 0.038461538461538464
0 0.4651442307692308 0.6911057692307693 0.03125 0.040865384615384616
0 0.7752403846153846 0.8449519230769231 0.026442307692307692 0.021634615384615384
0 0.5733173076923077 0.8497596153846154 0.03125 0.03125
0 0.7115384615384616 0.9338942307692307 0.028846153846153848 0.03125
0 0.6442307692307693 0.9783653846153846 0.038461538461538464 0.03365384615384615
0 0.8173076923076923 0.9795673076923077 0.04326923076923077 0.040865384615384616