0 0.45072115384615385 0.24519230769230768 0.04567307692307692 0.052884615384615384
0 0.40865384615384615 0.2644230769230769 0.03365384615384615 0.04807692307692308
0 0.5504807692307693 0.27283653846153844 0.028846153846153848 0.036057692307692304
0 0.38461538461538464 0.3112980769230769 0.028846153846153848 0.036057692307692304
0 0.6947115384615384 0.36899038461538464 0.04326923076923077 0.040865384615384616
0 0.5372596153846154 0.5649038461538461 0.036057692307692304 0.03365384615384615
0 0.14543269230769232 0.6213942307692307 0.040865384615384616 0.036057692307692304
0 0.16826923076923078 0.6442307692307693 0.04326923076923077 0.04326923076923077
0 0.42908653846153844 0.6502403846153846 0.026442307692307692 0.026442307692307692
0 0.23197115384615385 0.6875 0.03125 0.028846153846153848
0 0.27163461538461536 0.6875 0.02403846153846154 0.028846153846153848
0 0.3329326923076923 0.6983173076923077 0.03125 0.03125
0 0.47115384615384615 0.7211538461538461 0.057692307692307696 0.04807692307692308
0 0.38221153846153844 0.7896634615384616 0.052884615384615384 0.040865384615384616
0 0.3088942307692308 0.8016826923076923 0.03125 0.03125
0 0.30649038461538464 0.8882211538461539 0.026442307692307692 0.03125
0 0.3858173076923077 0.8990384615384616 0.021634615384615384 0.02403846153846154
0 0.4879807692307692 0.15264423076923078 0.038461538461538464 0.036057692307692304
0 0.3557692307692308 0.22956730769230768 0.038461538461538464 0.05048076923076923
0 0.5144230769230769 0.23317307692307693 0.038461538461538464 0.04326923076923077