0 0.46274038461538464 0.8161057692307693 0.04567307692307692 0.040865384615384616
0 0.05048076923076923 0.9963942307692307 0.028846153846153848 0.007211538461538462
0 0.5709134615384616 0.7319711538461539 0.026442307692307692 0.040865384615384616
0 0.6033653846153846 0.7355769230769231 0.0673076923076923 0.04326923076923077
0 0.6887019230769231 0.7992788461538461 0.036057692307692304 0.026442307692307692
0 0.6117788461538461 0.8149038461538461 0.04567307692307692 0.038461538461538464
0 0.8209134615384616 0.8221153846153846 0.05048076923076923 0.038461538461538464
0 0.7728365384615384 0.8317307692307693 0.03125 0.028846153846153848
0 0.6850961538461539 0.9026442307692307 0.04807692307692308 0.040865384615384616
0 0.8137019230769231 0.9122596153846154 0.03125 0.026442307692307692
0 0.7427884615384616 0.9170673076923077 0.03365384615384615 0.036057692307692304
0 0.734375 0.9855769230769231 0.04567307692307692 0.028846153846153848