0 0.5456730769230769 0.03485576923076923 0.038461538461538464 0.04567307692307692
0 0.32211538461538464 0.078125 0.03365384615384615 0.03125
0 0.25 0.13221153846153846 0.028846153846153848 0.02403846153846154
0 0.48197115384615385 0.21153846153846154 0.040865384615384616 0.04326923076923077
0 0.23798076923076922 0.27403846153846156 0.038461538461538464 0.038461538461538464
0 0.5444711538461539 0.41346153846153844 0.036057692307692304 0.009615384615384616
0 0.9350961538461539 0.009615384615384616 0.03365384615384615 0.019230769230769232
0 0.9278846153846154 0.028846153846153848 0.038461538461538464 0.028846153846153848
0 0.3112980769230769 0.9855769230769231 0.04567307692307692 0.028846153846153848
0 0.6466346153846154 0.4963942307692308 0.0673076923076923 0.040865384615384616
0 0.6550480769230769 0.7620192307692307 0.04567307692307692 0.052884615384615384
0 0.8040865384615384 0.7716346153846154 0.026442307692307692 0.02403846153846154
0 0.7427884615384616 0.9783653846153846 0.03365384615384615 0.04326923076923077