0 0.11177884615384616 0.010817307692307692 0.05048076923076923 0.021634615384615384
0 0.030048076923076924 0.06850961538461539 0.06009615384615385 0.07451923076923077
0 0.23918269230769232 0.15384615384615385 0.07932692307692307 0.0673076923076923
0 0.19951923076923078 0.22596153846153846 0.028846153846153848 0.028846153846153848
0 0.125 0.2536057692307692 0.04326923076923077 0.04567307692307692
0 0.9002403846153846 0.054086538461538464 0.021634615384615384 0.026442307692307692
0 0.5805288461538461 0.7884615384615384 0.06490384615384616 0.04807692307692308
0 0.4807692307692308 0.7908653846153846 0.04326923076923077 0.038461538461538464
0 0.2668269230769231 0.9014423076923077 0.04326923076923077 0.028846153846153848
0 0.4675480769230769 0.921875 0.04567307692307692 0.03125
0 0.5384615384615384 0.9338942307692307 0.03365384615384615 0.03125
0 0.8990384615384616 0.8798076923076923 0.02403846153846154 0.019230769230769232
0 0.9915865384615384 0.9302884615384616 0.016826923076923076 0.03365384615384615