0 0.3125 0.030048076923076924 0.028846153846153848 0.026442307692307692
0 0.013221153846153846 0.06129807692307692 0.026442307692307692 0.040865384615384616
0 0.3016826923076923 0.06971153846153846 0.036057692307692304 0.03365384615384615
0 0.5180288461538461 0.08173076923076923 0.03125 0.028846153846153848
0 0.31490384615384615 0.09254807692307693 0.028846153846153848 0.03125
0 0.037259615384615384 0.11298076923076923 0.03125 0.03365384615384615
0 0.2536057692307692 0.5841346153846154 0.040865384615384616 0.038461538461538464
0 0.3016826923076923 0.5865384615384616 0.04567307692307692 0.04326923076923077
0 0.2932692307692308 0.6490384615384616 0.052884615384615384 0.04807692307692308
0 0.59375 0.6658653846153846 0.04326923076923077 0.038461538461538464
0 0.5841346153846154 0.7103365384615384 0.03365384615384615 0.04567307692307692
0 0.5024038461538461 0.8293269230769231 0.08173076923076923 0.09615384615384616
0 0.5060096153846154 0.9495192307692307 0.055288461538461536 0.04326923076923077
0 0.8353365384615384 0.9278846153846154 0.03125 0.028846153846153848