0 0.5841346153846154 0.27403846153846156 0.009615384615384616 0.03365384615384615
0 0.8305288461538461 0.3425480769230769 0.04567307692307692 0.040865384615384616
0 0.59375 0.4050480769230769 0.028846153846153848 0.03125
0 0.7644230769230769 0.45072115384615385 0.0625 0.026442307692307692
0 0.5612980769230769 0.984375 0.036057692307692304 0.03125
0 0.33052884615384615 0.71875 0.06971153846153846 0.057692307692307696
0 0.5516826923076923 0.7944711538461539 0.055288461538461536 0.05048076923076923
0 0.234375 0.8497596153846154 0.06971153846153846 0.06490384615384616
0 0.36538461538461536 0.8894230769230769 0.04326923076923077 0.04326923076923077
0 0.30408653846153844 0.9074519230769231 0.05048076923076923 0.05048076923076923
0 0.375 0.9350961538461539 0.052884615384615384 0.03365384615384615
0 0.8125 0.5889423076923077 0.08173076923076923 0.038461538461538464
0 0.7091346153846154 0.8004807692307693 0.11057692307692307 0.11057692307692307
0 0.9747596153846154 0.5889423076923077 0.05048076923076923 0.038461538461538464