0 0.018028846153846152 0.2860576923076923 0.036057692307692304 0.028846153846153848
0 0.019230769230769232 0.28966346153846156 0.02403846153846154 0.03125
0 0.29447115384615385 0.3858173076923077 0.026442307692307692 0.021634615384615384
0 0.1935096153846154 0.4026442307692308 0.03125 0.036057692307692304
0 0.22355769230769232 0.4098557692307692 0.014423076923076924 0.016826923076923076
0 0.8112980769230769 0.11298076923076923 0.055288461538461536 0.057692307692307696
0 0.8581730769230769 0.21875 0.052884615384615384 0.04326923076923077
0 0.6418269230769231 0.31009615384615385 0.038461538461538464 0.038461538461538464
0 0.3605769230769231 0.6538461538461539 0.03365384615384615 0.04326923076923077
0 0.8978365384615384 0.6322115384615384 0.0985576923076923 0.1201923076923077
0 0.96875 0.5396634615384616 0.0625 0.040865384615384616