0 0.4074519230769231 0.04927884615384615 0.040865384615384616 0.040865384615384616
0 0.34134615384615385 0.20072115384615385 0.03365384615384615 0.03125
0 0.32091346153846156 0.2283653846153846 0.036057692307692304 0.03365384615384615
0 0.014423076923076924 0.44591346153846156 0.028846153846153848 0.06009615384615385
0 0.8966346153846154 0.4891826923076923 0.03365384615384615 0.036057692307692304
0 0.4014423076923077 0.7704326923076923 0.04807692307692308 0.040865384615384616
0 0.46274038461538464 0.7788461538461539 0.036057692307692304 0.03365384615384615
0 0.47716346153846156 0.8185096153846154 0.036057692307692304 0.026442307692307692
0 0.7596153846153846 0.5757211538461539 0.0673076923076923 0.06009615384615385
0 0.8209134615384616 0.6009615384615384 0.06490384615384616 0.057692307692307696
0 0.9146634615384616 0.6478365384615384 0.05048076923076923 0.04567307692307692
0 0.9867788461538461 0.7235576923076923 0.026442307692307692 0.09615384615384616
0 0.9735576923076923 0.8641826923076923 0.052884615384615384 0.12259615384615384