0 0.49759615384615385 0.37259615384615385 0.04326923076923077 0.038461538461538464
0 0.41466346153846156 0.515625 0.040865384615384616 0.036057692307692304
0 0.32211538461538464 0.5276442307692307 0.028846153846153848 0.021634615384615384
0 0.23677884615384615 0.5456730769230769 0.026442307692307692 0.04326923076923077
0 0.6838942307692307 0.2247596153846154 0.06009615384615385 0.036057692307692304
0 0.8725961538461539 0.5084134615384616 0.04807692307692308 0.036057692307692304
0 0.8521634615384616 0.5576923076923077 0.04567307692307692 0.057692307692307696
0 0.18028846153846154 0.7379807692307693 0.02403846153846154 0.02403846153846154
0 0.2644230769230769 0.7451923076923077 0.02403846153846154 0.02403846153846154
0 0.3076923076923077 0.7584134615384616 0.028846153846153848 0.021634615384615384
0 0.33774038461538464 0.7764423076923077 0.026442307692307692 0.028846153846153848
0 0.078125 0.828125 0.021634615384615384 0.021634615384615384
0 0.018028846153846152 0.8725961538461539 0.036057692307692304 0.04807692307692308
0 0.3112980769230769 0.8882211538461539 0.040865384615384616 0.040865384615384616
0 0.3125 0.6875 0.02403846153846154 0.02403846153846154