0 0.24879807692307693 0.14302884615384615 0.036057692307692304 0.03125
0 0.2932692307692308 0.17548076923076922 0.038461538461538464 0.038461538461538464
0 0.4026442307692308 0.28125 0.03125 0.04326923076923077
0 0.234375 0.3016826923076923 0.026442307692307692 0.026442307692307692
0 0.33533653846153844 0.30528846153846156 0.036057692307692304 0.03365384615384615
0 0.3701923076923077 0.3137019230769231 0.03365384615384615 0.036057692307692304
0 0.7860576923076923 0.15384615384615385 0.038461538461538464 0.03365384615384615
0 0.47836538461538464 0.765625 0.03365384615384615 0.03125
0 0.5949519230769231 0.7704326923076923 0.036057692307692304 0.04567307692307692
0 0.4855769230769231 0.8545673076923077 0.03365384615384615 0.040865384615384616
0 0.5336538461538461 0.8822115384615384 0.04326923076923077 0.03365384615384615