0 0.3245192307692308 0.10697115384615384 0.03365384615384615 0.03125
0 0.32091346153846156 0.31971153846153844 0.040865384615384616 0.04326923076923077
0 0.9158653846153846 0.01201923076923077 0.04807692307692308 0.02403846153846154
0 0.8112980769230769 0.010817307692307692 0.05048076923076923 0.021634615384615384
0 0.7596153846153846 0.03485576923076923 0.0625 0.055288461538461536
0 0.8245192307692307 0.03485576923076923 0.038461538461538464 0.036057692307692304
0 0.8245192307692307 0.08774038461538461 0.07211538461538461 0.06009615384615385
0 0.8221153846153846 0.18870192307692307 0.052884615384615384 0.04567307692307692
0 0.7728365384615384 0.2704326923076923 0.0889423076923077 0.0889423076923077
0 0.8449519230769231 0.27884615384615385 0.040865384615384616 0.04807692307692308
0 0.27283653846153844 0.6610576923076923 0.10817307692307693 0.0673076923076923
0 0.703125 0.7355769230769231 0.04567307692307692 0.038461538461538464
0 0.9038461538461539 0.6911057692307693 0.04326923076923077 0.055288461538461536