0 0.8545673076923077 0.18028846153846154 0.036057692307692304 0.04807692307692308
0 0.6165865384615384 0.3954326923076923 0.036057692307692304 0.040865384615384616
0 0.7752403846153846 0.4326923076923077 0.03125 0.028846153846153848
0 0.5480769230769231 0.6875 0.038461538461538464 0.028846153846153848
0 0.8088942307692307 0.6875 0.026442307692307692 0.028846153846153848
0 0.5877403846153846 0.6971153846153846 0.036057692307692304 0.028846153846153848
0 0.7175480769230769 0.7019230769230769 0.03125 0.019230769230769232
0 0.7632211538461539 0.7067307692307693 0.036057692307692304 0.02403846153846154
0 0.4326923076923077 0.7199519230769231 0.028846153846153848 0.026442307692307692
0 0.7019230769230769 0.7283653846153846 0.038461538461538464 0.02403846153846154
0 0.6430288461538461 0.7367788461538461 0.036057692307692304 0.03125
0 0.5276442307692307 0.7427884615384616 0.03125 0.03365384615384615
0 0.9014423076923077 0.7427884615384616 0.03365384615384615 0.03365384615384615
0 0.7391826923076923 0.7512019230769231 0.026442307692307692 0.021634615384615384
0 0.7151442307692307 0.7560096153846154 0.021634615384615384 0.026442307692307692
0 0.6346153846153846 0.7776442307692307 0.03365384615384615 0.03125
0 0.6021634615384616 0.78125 0.03125 0.03365384615384615
0 0.5 0.7824519230769231 0.028846153846153848 0.026442307692307692
0 0.36177884615384615 0.7908653846153846 0.007211538461538462 0.028846153846153848
0 0.8125 0.8076923076923077 0.03365384615384615 0.02403846153846154
0 0.4483173076923077 0.8161057692307693 0.04567307692307692 0.03125
0 0.7740384615384616 0.8173076923076923 0.038461538461538464 0.03365384615384615
0 0.6045673076923077 0.8221153846153846 0.040865384615384616 0.04326923076923077
0 0.7415865384615384 0.8245192307692307 0.036057692307692304 0.03365384615384615
0 0.8052884615384616 0.84375 0.028846153846153848 0.028846153846153848
0 0.4206730769230769 0.8497596153846154 0.028846153846153848 0.021634615384615384
0 0.36778846153846156 0.8485576923076923 0.019230769230769232 0.028846153846153848
0 0.8004807692307693 0.859375 0.03365384615384615 0.026442307692307692
0 0.375 0.8713942307692307 0.028846153846153848 0.026442307692307692
0 0.44471153846153844 0.875 0.038461538461538464 0.02403846153846154
0 0.7548076923076923 0.8798076923076923 0.028846153846153848 0.028846153846153848
0 0.7932692307692307 0.9002403846153846 0.028846153846153848 0.026442307692307692
0 0.36778846153846156 0.9110576923076923 0.019230769230769232 0.028846153846153848
0 0.890625 0.9110576923076923 0.03125 0.03365384615384615
0 0.36538461538461536 0.9615384615384616 0.014423076923076924 0.028846153846153848
0 0.7680288461538461 0.5024038461538461 0.05048076923076923 0.028846153846153848
0 0.4206730769230769 0.9951923076923077 0.028846153846153848 0.009615384615384616
0 0.6370192307692307 0.5276442307692307 0.038461538461538464 0.026442307692307692
0 0.7199519230769231 0.5504807692307693 0.036057692307692304 0.02403846153846154
0 0.5348557692307693 0.5600961538461539 0.026442307692307692 0.02403846153846154
0 0.7788461538461539 0.5612980769230769 0.028846153846153848 0.026442307692307692
0 0.7692307692307693 0.5769230769230769 0.03365384615384615 0.02403846153846154
0 0.6430288461538461 0.5853365384615384 0.03125 0.03125
0 0.7091346153846154 0.6021634615384616 0.028846153846153848 0.026442307692307692
0 0.5949519230769231 0.6081730769230769 0.026442307692307692 0.03365384615384615
0 0.765625 0.6141826923076923 0.026442307692307692 0.026442307692307692
0 0.5300480769230769 0.6165865384615384 0.03125 0.021634615384615384
0 0.6790865384615384 0.625 0.03125 0.02403846153846154
0 0.7536057692307693 0.6370192307692307 0.03125 0.028846153846153848
0 0.6153846153846154 0.6502403846153846 0.028846153846153848 0.03125
0 0.5733173076923077 0.6538461538461539 0.026442307692307692 0.02403846153846154
0 0.7211538461538461 0.6538461538461539 0.02403846153846154 0.02403846153846154
0 0.5264423076923077 0.6598557692307693 0.038461538461538464 0.03125
0 0.6778846153846154 0.6598557692307693 0.028846153846153848 0.021634615384615384
0 0.7764423076923077 0.6706730769230769 0.028846153846153848 0.02403846153846154
0 0.8377403846153846 0.6730769230769231 0.03125 0.03365384615384615