0 0.9399038461538461 0.0985576923076923 0.038461538461538464 0.057692307692307696
0 0.7427884615384616 0.4699519230769231 0.038461538461538464 0.036057692307692304
0 0.09495192307692307 0.4951923076923077 0.026442307692307692 0.014423076923076924
0 0.24759615384615385 0.49759615384615385 0.02403846153846154 0.019230769230769232
0 0.40024038461538464 0.5 0.021634615384615384 0.019230769230769232
0 0.30408653846153844 0.5192307692307693 0.026442307692307692 0.02403846153846154
0 0.15985576923076922 0.5216346153846154 0.021634615384615384 0.02403846153846154
0 0.3317307692307692 0.5300480769230769 0.02403846153846154 0.016826923076923076
0 0.17067307692307693 0.546875 0.02403846153846154 0.026442307692307692
0 0.19591346153846154 0.5480769230769231 0.021634615384615384 0.019230769230769232
0 0.2920673076923077 0.5588942307692307 0.026442307692307692 0.016826923076923076
0 0.390625 0.5576923076923077 0.021634615384615384 0.019230769230769232
0 0.3317307692307692 0.5685096153846154 0.019230769230769232 0.021634615384615384
0 0.31490384615384615 0.5685096153846154 0.02403846153846154 0.03125
0 0.13581730769230768 0.5745192307692307 0.016826923076923076 0.019230769230769232
0 0.21875 0.5769230769230769 0.03365384615384615 0.028846153846153848
0 0.36658653846153844 0.5865384615384616 0.026442307692307692 0.019230769230769232
0 0.22235576923076922 0.6189903846153846 0.026442307692307692 0.016826923076923076
0 0.18629807692307693 0.6262019230769231 0.021634615384615384 0.021634615384615384
0 0.2091346153846154 0.6586538461538461 0.019230769230769232 0.019230769230769232
0 0.7860576923076923 0.4963942307692308 0.08653846153846154 0.016826923076923076
0 0.8545673076923077 0.5036057692307693 0.06490384615384616 0.03125
0 0.9819711538461539 0.5084134615384616 0.036057692307692304 0.040865384615384616
0 0.7980769230769231 0.5288461538461539 0.038461538461538464 0.04326923076923077
0 0.75 0.5288461538461539 0.0625 0.052884615384615384
0 0.7764423076923077 0.5889423076923077 0.0673076923076923 0.057692307692307696
0 0.8449519230769231 0.6057692307692307 0.06971153846153846 0.057692307692307696
0 0.9795673076923077 0.6165865384615384 0.040865384615384616 0.06490384615384616
0 0.9038461538461539 0.6274038461538461 0.04326923076923077 0.03365384615384615
0 0.8161057692307693 0.6610576923076923 0.06009615384615385 0.057692307692307696
0 0.8990384615384616 0.6838942307692307 0.0673076923076923 0.055288461538461536
0 0.6418269230769231 0.7680288461538461 0.052884615384615384 0.040865384615384616
0 0.5865384615384616 0.7704326923076923 0.04807692307692308 0.040865384615384616
0 0.7644230769230769 0.7860576923076923 0.052884615384615384 0.0673076923076923
0 0.6875 0.8449519230769231 0.0625 0.07451923076923077
0 0.7620192307692307 0.8966346153846154 0.10096153846153846 0.07211538461538461
0 0.5288461538461539 0.7704326923076923 0.019230769230769232 0.040865384615384616