0 0.22596153846153846 0.11057692307692307 0.0625 0.052884615384615384
0 0.14182692307692307 0.11177884615384616 0.04326923076923077 0.036057692307692304
0 0.10336538461538461 0.17427884615384615 0.038461538461538464 0.036057692307692304
0 0.11057692307692307 0.23918269230769232 0.04326923076923077 0.04567307692307692
0 0.7079326923076923 0.2704326923076923 0.04567307692307692 0.036057692307692304
0 0.4723557692307692 0.5576923076923077 0.06490384615384616 0.07211538461538461
0 0.5697115384615384 0.5769230769230769 0.0625 0.052884615384615384
0 0.71875 0.6009615384615384 0.0625 0.057692307692307696
0 0.5889423076923077 0.7728365384615384 0.08173076923076923 0.055288461538461536
0 0.45913461538461536 0.7824519230769231 0.038461538461538464 0.05048076923076923
0 0.5420673076923077 0.8425480769230769 0.04567307692307692 0.055288461538461536
0 0.5817307692307693 0.9338942307692307 0.038461538461538464 0.03125
0 0.6394230769230769 0.9338942307692307 0.03365384615384615 0.03125
0 0.5408653846153846 0.5276442307692307 0.057692307692307696 0.055288461538461536