0 0.4375 0.06850961538461539 0.0673076923076923 0.06971153846153846
0 0.3004807692307692 0.42788461538461536 0.052884615384615384 0.052884615384615384
0 0.6790865384615384 0.35216346153846156 0.03125 0.036057692307692304
0 0.04927884615384615 0.5889423076923077 0.026442307692307692 0.019230769230769232
0 0.13822115384615385 0.6201923076923077 0.040865384615384616 0.02403846153846154
0 0.6129807692307693 0.7764423076923077 0.057692307692307696 0.028846153846153848
0 0.5408653846153846 0.7956730769230769 0.052884615384615384 0.0625
0 0.546875 0.8064903846153846 0.05048076923076923 0.036057692307692304
0 0.6622596153846154 0.8197115384615384 0.036057692307692304 0.057692307692307696
0 0.5264423076923077 0.8473557692307693 0.052884615384615384 0.036057692307692304
0 0.6141826923076923 0.8557692307692307 0.036057692307692304 0.03365384615384615
0 0.6466346153846154 0.8762019230769231 0.04326923076923077 0.036057692307692304
0 0.5733173076923077 0.9819711538461539 0.06971153846153846 0.036057692307692304
0 0.5360576923076923 0.7355769230769231 0.0625 0.04326923076923077