0 0.09615384615384616 0.004807692307692308 0.038461538461538464 0.009615384615384616
0 0.14182692307692307 0.008413461538461538 0.028846153846153848 0.016826923076923076
0 0.21634615384615385 0.015625 0.03365384615384615 0.03125
0 0.19831730769230768 0.09254807692307693 0.03125 0.026442307692307692
0 0.04927884615384615 0.31490384615384615 0.03125 0.02403846153846154
0 0.10697115384615384 0.36778846153846156 0.06009615384615385 0.057692307692307696
0 0.014423076923076924 0.39663461538461536 0.028846153846153848 0.028846153846153848
0 0.9495192307692307 0.01201923076923077 0.0625 0.02403846153846154
0 0.6983173076923077 0.015625 0.036057692307692304 0.03125
0 0.7235576923076923 0.02403846153846154 0.038461538461538464 0.03365384615384615
0 0.5108173076923077 0.038461538461538464 0.03125 0.03365384615384615
0 0.9146634615384616 0.04807692307692308 0.06971153846153846 0.052884615384615384
0 0.6802884615384616 0.16346153846153846 0.04326923076923077 0.03365384615384615
0 0.7572115384615384 0.16466346153846154 0.04326923076923077 0.03125
0 0.6490384615384616 0.1935096153846154 0.04326923076923077 0.036057692307692304
0 0.5528846153846154 0.23557692307692307 0.038461538461538464 0.028846153846153848
0 0.013221153846153846 0.59375 0.026442307692307692 0.03365384615384615
0 0.020432692307692308 0.7067307692307693 0.036057692307692304 0.03365384615384615
0 0.014423076923076924 0.5336538461538461 0.028846153846153848 0.04326923076923077
0 0.028846153846153848 0.5745192307692307 0.03365384615384615 0.03365384615384615
0 0.7199519230769231 0.7512019230769231 0.03125 0.03125
0 0.7403846153846154 0.84375 0.038461538461538464 0.028846153846153848