0 0.4074519230769231 0.29927884615384615 0.026442307692307692 0.021634615384615384
0 0.32091346153846156 0.32091346153846156 0.016826923076923076 0.021634615384615384
0 0.38341346153846156 0.41586538461538464 0.03125 0.02403846153846154
0 0.265625 0.42908653846153844 0.026442307692307692 0.021634615384615384
0 0.2403846153846154 0.4879807692307692 0.014423076923076924 0.019230769230769232
0 0.20793269230769232 0.5336538461538461 0.021634615384615384 0.02403846153846154
0 0.3173076923076923 0.5384615384615384 0.019230769230769232 0.038461538461538464
0 0.45913461538461536 0.5420673076923077 0.02403846153846154 0.021634615384615384
0 0.5853365384615384 0.5889423076923077 0.026442307692307692 0.019230769230769232
0 0.2800480769230769 0.6454326923076923 0.016826923076923076 0.021634615384615384
0 0.5096153846153846 0.2692307692307692 0.019230769230769232 0.019230769230769232