0 0.38822115384615385 0.0733173076923077 0.021634615384615384 0.026442307692307692
0 0.4362980769230769 0.11057692307692307 0.021634615384615384 0.02403846153846154
0 0.3004807692307692 0.5060096153846154 0.052884615384615384 0.036057692307692304
0 0.11177884615384616 0.5288461538461539 0.04567307692307692 0.04326923076923077
0 0.36778846153846156 0.5324519230769231 0.03365384615384615 0.036057692307692304
0 0.22596153846153846 0.5600961538461539 0.038461538461538464 0.038461538461538464
0 0.45072115384615385 0.5685096153846154 0.036057692307692304 0.036057692307692304
0 0.43149038461538464 0.7572115384615384 0.036057692307692304 0.028846153846153848
0 0.19230769230769232 0.35697115384615385 0.038461538461538464 0.016826923076923076
0 0.13221153846153846 0.375 0.038461538461538464 0.028846153846153848
0 0.2848557692307692 0.37740384615384615 0.04567307692307692 0.038461538461538464
0 0.46153846153846156 0.38822115384615385 0.03365384615384615 0.04567307692307692
0 0.37740384615384615 0.42427884615384615 0.052884615384615384 0.04567307692307692
0 0.7103365384615384 0.8040865384615384 0.040865384615384616 0.04567307692307692
0 0.5697115384615384 0.8701923076923077 0.04326923076923077 0.028846153846153848