0 0.265625 0.0673076923076923 0.026442307692307692 0.02403846153846154
0 0.39903846153846156 0.1502403846153846 0.02403846153846154 0.026442307692307692
0 0.49399038461538464 0.42788461538461536 0.04567307692307692 0.04807692307692308
0 0.5348557692307693 0.4567307692307692 0.040865384615384616 0.02403846153846154
0 0.16466346153846154 0.6826923076923077 0.026442307692307692 0.02403846153846154
0 0.11177884615384616 0.6262019230769231 0.036057692307692304 0.026442307692307692
0 0.45552884615384615 0.6634615384615384 0.021634615384615384 0.02403846153846154
0 0.5456730769230769 0.6862980769230769 0.019230769230769232 0.021634615384615384
0 0.6670673076923077 0.6875 0.026442307692307692 0.019230769230769232
0 0.44711538461538464 0.7067307692307693 0.014423076923076924 0.014423076923076924
0 0.5324519230769231 0.7391826923076923 0.021634615384615384 0.021634615384615384
0 0.46875 0.7560096153846154 0.028846153846153848 0.021634615384615384
0 0.5120192307692307 0.6418269230769231 0.02403846153846154 0.02403846153846154