0 0.27163461538461536 0.0985576923076923 0.03365384615384615 0.03365384615384615
0 0.13822115384615385 0.22956730769230768 0.055288461538461536 0.05048076923076923
0 0.12980769230769232 0.5216346153846154 0.04326923076923077 0.03365384615384615
0 0.32211538461538464 0.5300480769230769 0.03365384615384615 0.03125
0 0.28125 0.578125 0.0625 0.040865384615384616
0 0.20552884615384615 0.6394230769230769 0.06971153846153846 0.057692307692307696
0 0.24639423076923078 0.6887019230769231 0.08413461538461539 0.06490384615384616
0 0.03125 0.7403846153846154 0.0625 0.04326923076923077
0 0.16346153846153846 0.42427884615384615 0.057692307692307696 0.026442307692307692
0 0.23557692307692307 0.44350961538461536 0.052884615384615384 0.06009615384615385
0 0.23197115384615385 0.4519230769230769 0.05048076923076923 0.03365384615384615
0 0.11658653846153846 0.4675480769230769 0.036057692307692304 0.055288461538461536
0 0.2548076923076923 0.49278846153846156 0.0625 0.03365384615384615
0 0.16466346153846154 0.5036057692307693 0.036057692307692304 0.03125
0 0.7247596153846154 0.6394230769230769 0.10336538461538461 0.07692307692307693
0 0.7319711538461539 0.6478365384615384 0.10336538461538461 0.09375
0 0.5709134615384616 0.7668269230769231 0.09375 0.09134615384615384
0 0.5048076923076923 0.8545673076923077 0.07211538461538461 0.06971153846153846
0 0.5576923076923077 0.8641826923076923 0.1778846153846154 0.12259615384615384
0 0.7259615384615384 0.27524038461538464 0.11538461538461539 0.03125
0 0.875 0.3173076923076923 0.11057692307692307 0.07692307692307693
0 0.5048076923076923 0.984375 0.07211538461538461 0.03125
0 0.5576923076923077 0.9651442307692307 0.1778846153846154 0.06971153846153846