0 0.4963942307692308 0.19110576923076922 0.026442307692307692 0.04567307692307692
0 0.4879807692307692 0.5144230769230769 0.03365384615384615 0.03365384615384615
0 0.7560096153846154 0.30528846153846156 0.06009615384615385 0.04807692307692308
0 0.013221153846153846 0.6742788461538461 0.026442307692307692 0.036057692307692304
0 0.328125 0.7463942307692307 0.040865384615384616 0.03125
0 0.20072115384615385 0.7548076923076923 0.05048076923076923 0.04326923076923077
0 0.36177884615384615 0.7752403846153846 0.036057692307692304 0.036057692307692304
0 0.12740384615384615 0.8100961538461539 0.03365384615384615 0.04326923076923077
0 0.13341346153846154 0.8846153846153846 0.040865384615384616 0.038461538461538464
0 0.5300480769230769 0.8701923076923077 0.03125 0.038461538461538464
0 0.796875 0.9867788461538461 0.03125 0.021634615384615384
0 0.8245192307692307 0.9927884615384616 0.028846153846153848 0.014423076923076924