0 0.47475961538461536 0.3269230769230769 0.06971153846153846 0.0673076923076923
0 0.5829326923076923 0.3473557692307692 0.06490384615384616 0.06009615384615385
0 0.6382211538461539 0.4014423076923077 0.04567307692307692 0.052884615384615384
0 0.5288461538461539 0.43509615384615385 0.04807692307692308 0.04807692307692308
0 0.5913461538461539 0.53125 0.04807692307692308 0.0625
0 0.23076923076923078 0.5733173076923077 0.0673076923076923 0.05048076923076923
0 0.7259615384615384 0.5925480769230769 0.052884615384615384 0.055288461538461536
0 0.4182692307692308 0.6574519230769231 0.10576923076923077 0.055288461538461536
0 0.7175480769230769 0.7043269230769231 0.06971153846153846 0.0625
0 0.6838942307692307 0.23918269230769232 0.07451923076923077 0.06971153846153846
0 0.027644230769230768 0.5721153846153846 0.055288461538461536 0.052884615384615384