0 0.17548076923076922 0.26322115384615385 0.03365384615384615 0.03125
0 0.2920673076923077 0.3088942307692308 0.05048076923076923 0.040865384615384616
0 0.6105769230769231 0.006009615384615385 0.04326923076923077 0.01201923076923077
0 0.6574519230769231 0.016826923076923076 0.06971153846153846 0.03365384615384615
0 0.6622596153846154 0.042067307692307696 0.03125 0.03125
0 0.8521634615384616 0.06009615384615385 0.036057692307692304 0.04326923076923077
0 0.5853365384615384 0.09975961538461539 0.05048076923076923 0.04567307692307692
0 0.7632211538461539 0.109375 0.04567307692307692 0.040865384615384616
0 0.06610576923076923 0.5721153846153846 0.05048076923076923 0.038461538461538464
0 0.09495192307692307 0.6117788461538461 0.040865384615384616 0.03125
0 0.06129807692307692 0.7151442307692307 0.036057692307692304 0.04567307692307692
0 0.24639423076923078 0.9723557692307693 0.03125 0.036057692307692304
0 0.3112980769230769 0.9879807692307693 0.040865384615384616 0.02403846153846154
0 0.671875 0.6430288461538461 0.036057692307692304 0.026442307692307692
0 0.8822115384615384 0.6887019230769231 0.028846153846153848 0.026442307692307692
0 0.8269230769230769 0.7211538461538461 0.028846153846153848 0.038461538461538464
0 0.9903846153846154 0.7319711538461539 0.019230769230769232 0.026442307692307692
0 0.8978365384615384 0.7355769230769231 0.036057692307692304 0.03365384615384615
0 0.8233173076923077 0.7992788461538461 0.04567307692307692 0.04567307692307692