0 0.4387019230769231 0.052884615384615384 0.036057692307692304 0.03365384615384615
0 0.3389423076923077 0.4543269230769231 0.04326923076923077 0.04326923076923077
0 0.7175480769230769 0.2800480769230769 0.036057692307692304 0.03125
0 0.8954326923076923 0.3389423076923077 0.026442307692307692 0.028846153846153848
0 0.8713942307692307 0.3954326923076923 0.026442307692307692 0.026442307692307692
0 0.8449519230769231 0.4170673076923077 0.021634615384615384 0.026442307692307692
0 0.1502403846153846 0.7235576923076923 0.040865384615384616 0.03365384615384615
0 0.171875 0.7944711538461539 0.03125 0.03125
0 0.21875 0.890625 0.02403846153846154 0.036057692307692304
0 0.203125 0.9182692307692307 0.036057692307692304 0.03365384615384615
0 0.7463942307692307 0.5576923076923077 0.03125 0.038461538461538464