0 0.014423076923076924 0.08774038461538461 0.028846153846153848 0.05048076923076923
0 0.31009615384615385 0.3269230769230769 0.057692307692307696 0.057692307692307696
0 0.7331730769230769 0.10817307692307693 0.028846153846153848 0.028846153846153848
0 0.9206730769230769 0.33533653846153844 0.028846153846153848 0.026442307692307692
0 0.7872596153846154 0.421875 0.016826923076923076 0.021634615384615384
0 0.9350961538461539 0.4807692307692308 0.02403846153846154 0.019230769230769232
0 0.3269230769230769 0.8737980769230769 0.052884615384615384 0.06009615384615385
0 0.8125 0.6634615384615384 0.057692307692307696 0.04807692307692308
0 0.7680288461538461 0.6682692307692307 0.04567307692307692 0.04326923076923077
0 0.8125 0.5961538461538461 0.057692307692307696 0.04807692307692308
0 0.7680288461538461 0.5913461538461539 0.04567307692307692 0.04326923076923077