0 0.515625 0.042067307692307696 0.06971153846153846 0.07932692307692307
0 0.4014423076923077 0.06610576923076923 0.04326923076923077 0.05048076923076923
0 0.45072115384615385 0.0733173076923077 0.04567307692307692 0.036057692307692304
0 0.5072115384615384 0.10216346153846154 0.07211538461538461 0.06971153846153846
0 0.4206730769230769 0.11658653846153846 0.038461538461538464 0.040865384615384616
0 0.34375 0.12259615384615384 0.09134615384615384 0.09134615384615384
0 0.5432692307692307 0.15985576923076922 0.04326923076923077 0.04567307692307692
0 0.9362980769230769 0.04567307692307692 0.07932692307692307 0.09134615384615384
0 0.15384615384615385 0.6346153846153846 0.038461538461538464 0.038461538461538464
0 0.6069711538461539 0.6850961538461539 0.05048076923076923 0.052884615384615384
0 0.056490384615384616 0.6899038461538461 0.08413461538461539 0.0673076923076923
0 0.004807692307692308 0.7139423076923077 0.009615384615384616 0.028846153846153848
0 0.5492788461538461 0.7475961538461539 0.06971153846153846 0.057692307692307696
0 0.46875 0.7680288461538461 0.052884615384615384 0.05048076923076923
0 0.33533653846153844 0.8545673076923077 0.05048076923076923 0.04567307692307692
0 0.028846153846153848 0.9819711538461539 0.057692307692307696 0.036057692307692304
0 0.609375 0.546875 0.04567307692307692 0.055288461538461536
0 0.5480769230769231 0.5697115384615384 0.052884615384615384 0.052884615384615384
0 0.08413461538461539 0.6009615384615384 0.04326923076923077 0.038461538461538464
0 0.9663461538461539 0.890625 0.038461538461538464 0.040865384615384616