0 0.2980769230769231 0.37259615384615385 0.0673076923076923 0.04326923076923077
0 0.7487980769230769 0.2403846153846154 0.06971153846153846 0.07211538461538461
0 0.9014423076923077 0.6442307692307693 0.052884615384615384 0.019230769230769232
0 0.9699519230769231 0.6778846153846154 0.06009615384615385 0.03365384615384615
0 0.8677884615384616 0.7644230769230769 0.052884615384615384 0.03365384615384615
0 0.9819711538461539 0.8173076923076923 0.036057692307692304 0.04807692307692308
0 0.8233173076923077 0.8641826923076923 0.05048076923076923 0.026442307692307692
0 0.9675480769230769 0.9194711538461539 0.04567307692307692 0.05048076923076923
0 0.9338942307692307 0.9483173076923077 0.05048076923076923 0.03125
0 0.890625 0.9615384615384616 0.036057692307692304 0.04807692307692308
0 0.7487980769230769 0.5829326923076923 0.06971153846153846 0.036057692307692304