0 0.07091346153846154 0.33413461538461536 0.055288461538461536 0.052884615384615384
0 0.5625 0.3112980769230769 0.12980769230769232 0.12259615384615384
0 0.8305288461538461 0.33653846153846156 0.07932692307692307 0.0673076923076923
0 0.6983173076923077 0.4483173076923077 0.13221153846153846 0.11778846153846154
0 0.6322115384615384 0.5036057692307693 0.07692307692307693 0.07451923076923077
0 0.5264423076923077 0.6514423076923077 0.12980769230769232 0.07692307692307693
0 0.8918269230769231 0.6682692307692307 0.0625 0.04326923076923077
0 0.7307692307692307 0.6754807692307693 0.08173076923076923 0.028846153846153848
0 0.4182692307692308 0.14182692307692307 0.07692307692307693 0.10576923076923077
0 0.4855769230769231 0.14543269230769232 0.07211538461538461 0.07932692307692307
0 0.5384615384615384 0.18629807692307693 0.08173076923076923 0.0889423076923077
0 0.5408653846153846 0.8966346153846154 0.038461538461538464 0.052884615384615384
0 0.4567307692307692 0.9290865384615384 0.052884615384615384 0.06009615384615385