0 0.7704326923076923 0.11298076923076923 0.026442307692307692 0.019230769230769232
0 0.8605769230769231 0.13822115384615385 0.03365384615384615 0.021634615384615384
0 0.6899038461538461 0.15384615384615385 0.04326923076923077 0.03365384615384615
0 0.6117788461538461 0.17668269230769232 0.036057692307692304 0.036057692307692304
0 0.78125 0.20432692307692307 0.038461538461538464 0.03365384615384615
0 0.8629807692307693 0.20552884615384615 0.028846153846153848 0.026442307692307692
0 0.6105769230769231 0.20793269230769232 0.028846153846153848 0.026442307692307692
0 0.6490384615384616 0.23076923076923078 0.028846153846153848 0.019230769230769232
0 0.6995192307692307 0.24278846153846154 0.03365384615384615 0.028846153846153848
0 0.8798076923076923 0.24278846153846154 0.052884615384615384 0.04326923076923077
0 0.7427884615384616 0.25600961538461536 0.038461538461538464 0.026442307692307692
0 0.9435096153846154 0.265625 0.036057692307692304 0.021634615384615384
0 0.8112980769230769 0.2764423076923077 0.05048076923076923 0.02403846153846154
0 0.7331730769230769 0.2824519230769231 0.038461538461538464 0.01201923076923077
0 0.8978365384615384 0.028846153846153848 0.036057692307692304 0.03365384615384615
0 0.6850961538461539 0.07211538461538461 0.03365384615384615 0.028846153846153848
0 0.7572115384615384 0.08052884615384616 0.038461538461538464 0.026442307692307692
0 0.14182692307692307 0.8112980769230769 0.052884615384615384 0.06009615384615385