0 0.1658653846153846 0.009615384615384616 0.028846153846153848 0.019230769230769232
0 0.47596153846153844 0.05889423076923077 0.04326923076923077 0.040865384615384616
0 0.31850961538461536 0.2548076923076923 0.036057692307692304 0.03365384615384615
0 0.21033653846153846 0.3401442307692308 0.026442307692307692 0.026442307692307692
0 0.014423076923076924 0.37740384615384615 0.028846153846153848 0.028846153846153848
0 0.052884615384615384 0.37740384615384615 0.02403846153846154 0.028846153846153848
0 0.1141826923076923 0.38822115384615385 0.03125 0.03125
0 0.25240384615384615 0.4110576923076923 0.057692307692307696 0.04807692307692308
0 0.7572115384615384 0.19230769230769232 0.052884615384615384 0.04807692307692308
0 0.6875 0.32091346153846156 0.04807692307692308 0.055288461538461536
0 0.6754807692307693 0.3605769230769231 0.04807692307692308 0.038461538461538464
0 0.2800480769230769 0.5036057692307693 0.06009615384615385 0.06490384615384616
0 0.234375 0.5697115384615384 0.0985576923076923 0.1346153846153846
0 0.4026442307692308 0.7019230769230769 0.05048076923076923 0.057692307692307696
0 0.44711538461538464 0.7247596153846154 0.04807692307692308 0.055288461538461536
0 0.41225961538461536 0.7824519230769231 0.1466346153846154 0.11778846153846154
0 0.16826923076923078 0.8605769230769231 0.1346153846153846 0.125
0 0.037259615384615384 0.9170673076923077 0.07451923076923077 0.10817307692307693
0 0.8569711538461539 0.4699519230769231 0.03125 0.036057692307692304
0 0.7235576923076923 0.6141826923076923 0.028846153846153848 0.026442307692307692
0 0.7752403846153846 0.6983173076923077 0.036057692307692304 0.03125
0 0.6346153846153846 0.7055288461538461 0.02403846153846154 0.026442307692307692