0 0.96875 0.13701923076923078 0.028846153846153848 0.038461538461538464
0 0.9026442307692307 0.2536057692307692 0.10336538461538461 0.07932692307692307
0 0.8305288461538461 0.3762019230769231 0.06971153846153846 0.06009615384615385
0 0.9290865384615384 0.4014423076923077 0.11778846153846154 0.0673076923076923
0 0.8185096153846154 0.49038461538461536 0.06009615384615385 0.038461538461538464
0 0.9375 0.5024038461538461 0.0625 0.014423076923076924
0 0.8377403846153846 0.021634615384615384 0.08413461538461539 0.04326923076923077
0 0.9230769230769231 0.051682692307692304 0.038461538461538464 0.036057692307692304
0 0.9915865384615384 0.08413461538461539 0.016826923076923076 0.028846153846153848
0 0.3125 0.6995192307692307 0.03365384615384615 0.04807692307692308
0 0.6742788461538461 0.8774038461538461 0.05048076923076923 0.04326923076923077
0 0.9146634615384616 0.6995192307692307 0.036057692307692304 0.03365384615384615
0 0.9158653846153846 0.875 0.02403846153846154 0.02403846153846154