0 0.49278846153846156 0.28365384615384615 0.052884615384615384 0.04807692307692308
0 0.44350961538461536 0.3269230769230769 0.04567307692307692 0.038461538461538464
0 0.38461538461538464 0.3942307692307692 0.057692307692307696 0.04807692307692308
0 0.3629807692307692 0.43990384615384615 0.04807692307692308 0.04326923076923077
0 0.3858173076923077 0.47475961538461536 0.04567307692307692 0.03125
0 0.36177884615384615 0.48197115384615385 0.04567307692307692 0.036057692307692304
0 0.3629807692307692 0.5084134615384616 0.038461538461538464 0.036057692307692304
0 0.5637019230769231 0.5697115384615384 0.07932692307692307 0.0625
0 0.33653846153846156 0.6538461538461539 0.052884615384615384 0.038461538461538464
0 0.29927884615384615 0.6814903846153846 0.04567307692307692 0.04567307692307692
0 0.29447115384615385 0.8245192307692307 0.055288461538461536 0.04807692307692308