0 0.2608173076923077 0.07692307692307693 0.04567307692307692 0.04807692307692308
0 0.2692307692307692 0.14182692307692307 0.03365384615384615 0.038461538461538464
0 0.17067307692307693 0.2980769230769231 0.028846153846153848 0.028846153846153848
0 0.8653846153846154 0.3125 0.0625 0.014423076923076924
0 0.1658653846153846 0.4651442307692308 0.1201923076923077 0.10336538461538461
0 0.18389423076923078 0.8161057692307693 0.04567307692307692 0.040865384615384616
0 0.46875 0.38822115384615385 0.0625 0.06490384615384616
0 0.6382211538461539 0.6334134615384616 0.040865384615384616 0.0889423076923077
0 0.6538461538461539 0.7536057692307693 0.03365384615384615 0.036057692307692304
0 0.8629807692307693 0.7692307692307693 0.04807692307692308 0.04807692307692308
0 0.96875 0.8605769230769231 0.03365384615384615 0.038461538461538464
0 0.7043269230769231 0.8894230769230769 0.052884615384615384 0.0673076923076923
0 0.7512019230769231 0.8894230769230769 0.040865384615384616 0.03365384615384615
0 0.8353365384615384 0.9879807692307693 0.036057692307692304 0.02403846153846154
0 0.9855769230769231 0.9891826923076923 0.028846153846153848 0.021634615384615384
0 0.7740384615384616 0.3737980769230769 0.1346153846153846 0.10817307692307693
0 0.734375 0.4795673076923077 0.04567307692307692 0.06009615384615385