0 0.30649038461538464 0.25240384615384615 0.026442307692307692 0.02403846153846154
0 0.35216346153846156 0.26322115384615385 0.040865384615384616 0.036057692307692304
0 0.5949519230769231 0.46634615384615385 0.03125 0.02403846153846154
0 0.34975961538461536 0.47475961538461536 0.036057692307692304 0.036057692307692304
0 0.21514423076923078 0.5769230769230769 0.03125 0.03365384615384615
0 0.6153846153846154 0.6057692307692307 0.028846153846153848 0.028846153846153848
0 0.10576923076923077 0.6237980769230769 0.03365384615384615 0.03125
0 0.5949519230769231 0.6478365384615384 0.036057692307692304 0.03125
0 0.4254807692307692 0.7067307692307693 0.04326923076923077 0.038461538461538464
0 0.1875 0.7067307692307693 0.03365384615384615 0.03365384615384615
0 0.40024038461538464 0.8725961538461539 0.036057692307692304 0.028846153846153848
0 0.007211538461538462 0.6225961538461539 0.014423076923076924 0.03365384615384615