0 0.006009615384615385 0.10697115384615384 0.01201923076923077 0.04567307692307692
0 0.49038461538461536 0.4675480769230769 0.038461538461538464 0.06009615384615385
0 0.14903846153846154 0.5060096153846154 0.052884615384615384 0.04567307692307692
0 0.7007211538461539 0.037259615384615384 0.08413461538461539 0.07451923076923077
0 0.5913461538461539 0.055288461538461536 0.052884615384615384 0.04807692307692308
0 0.7091346153846154 0.16466346153846154 0.07211538461538461 0.08413461538461539
0 0.5721153846153846 0.25 0.08173076923076923 0.057692307692307696
0 0.7115384615384616 0.2608173076923077 0.04326923076923077 0.055288461538461536
0 0.6189903846153846 0.3137019230769231 0.04567307692307692 0.055288461538461536
0 0.5841346153846154 0.38341346153846156 0.04326923076923077 0.036057692307692304
0 0.5817307692307693 0.41466346153846156 0.04326923076923077 0.03125
0 0.2247596153846154 0.5540865384615384 0.036057692307692304 0.03125
0 0.39903846153846156 0.9879807692307693 0.038461538461538464 0.02403846153846154