0 0.3545673076923077 0.46033653846153844 0.040865384615384616 0.04567307692307692
0 0.47716346153846156 0.5 0.036057692307692304 0.03365384615384615
0 0.25961538461538464 0.5540865384615384 0.04326923076923077 0.04567307692307692
0 0.640625 0.5949519230769231 0.036057692307692304 0.03125
0 0.18990384615384615 0.6021634615384616 0.038461538461538464 0.026442307692307692
0 0.6286057692307693 0.6430288461538461 0.040865384615384616 0.03125
0 0.18870192307692307 0.6478365384615384 0.040865384615384616 0.026442307692307692
0 0.04927884615384615 0.6778846153846154 0.03125 0.038461538461538464
0 0.15985576923076922 0.7536057692307693 0.05048076923076923 0.04567307692307692
0 0.41947115384615385 0.9122596153846154 0.04567307692307692 0.036057692307692304
0 0.3317307692307692 0.22355769230769232 0.03365384615384615 0.038461538461538464