0 0.18389423076923078 0.42908653846153844 0.036057692307692304 0.036057692307692304
0 0.46033653846153844 0.5504807692307693 0.040865384615384616 0.04326923076923077
0 0.9927884615384616 0.5324519230769231 0.014423076923076924 0.03125
0 0.6153846153846154 0.5757211538461539 0.019230769230769232 0.021634615384615384
0 0.9435096153846154 0.6213942307692307 0.04567307692307692 0.05048076923076923
0 0.9603365384615384 0.6610576923076923 0.021634615384615384 0.028846153846153848
0 0.8185096153846154 0.6634615384615384 0.03125 0.03365384615384615
0 0.9182692307692307 0.6694711538461539 0.019230769230769232 0.026442307692307692
0 0.8810096153846154 0.6983173076923077 0.03125 0.026442307692307692
0 0.9266826923076923 0.6983173076923077 0.026442307692307692 0.021634615384615384
0 0.8605769230769231 0.7475961538461539 0.028846153846153848 0.02403846153846154
0 0.8449519230769231 0.7740384615384616 0.03125 0.02403846153846154
0 0.8329326923076923 0.7920673076923077 0.026442307692307692 0.021634615384615384
0 0.8725961538461539 0.8185096153846154 0.028846153846153848 0.026442307692307692
0 0.8930288461538461 0.8401442307692307 0.026442307692307692 0.021634615384615384
0 0.8545673076923077 0.8882211538461539 0.03125 0.03125
0 0.8930288461538461 0.9230769230769231 0.03125 0.02403846153846154
0 0.8521634615384616 0.9314903846153846 0.026442307692307692 0.026442307692307692
0 0.7836538461538461 0.9375 0.028846153846153848 0.019230769230769232
0 0.8774038461538461 0.9519230769230769 0.02403846153846154 0.02403846153846154
0 0.8149038461538461 0.9567307692307693 0.02403846153846154 0.02403846153846154