0 0.21634615384615385 0.47596153846153844 0.04326923076923077 0.02403846153846154
0 0.9278846153846154 0.020432692307692308 0.0625 0.040865384615384616
0 0.9471153846153846 0.09254807692307693 0.04807692307692308 0.05048076923076923
0 0.7872596153846154 0.16706730769230768 0.040865384615384616 0.05048076923076923
0 0.8894230769230769 0.2127403846153846 0.052884615384615384 0.055288461538461536
0 0.9206730769230769 0.2668269230769231 0.0625 0.052884615384615384
0 0.8245192307692307 0.36177884615384615 0.052884615384615384 0.04567307692307692
0 0.8677884615384616 0.37259615384615385 0.052884615384615384 0.04807692307692308
0 0.9230769230769231 0.4387019230769231 0.0625 0.07932692307692307
0 0.37740384615384615 0.7199519230769231 0.04326923076923077 0.036057692307692304
0 0.0673076923076923 0.7307692307692307 0.038461538461538464 0.038461538461538464
0 0.18028846153846154 0.8978365384615384 0.04807692307692308 0.040865384615384616