0 0.11538461538461539 0.014423076923076924 0.03365384615384615 0.028846153846153848
0 0.3473557692307692 0.02283653846153846 0.026442307692307692 0.03125
0 0.390625 0.05048076923076923 0.03125 0.02403846153846154
0 0.2956730769230769 0.057692307692307696 0.03365384615384615 0.028846153846153848
0 0.4098557692307692 0.08533653846153846 0.021634615384615384 0.026442307692307692
0 0.31009615384615385 0.10216346153846154 0.019230769230769232 0.016826923076923076
0 0.33533653846153844 0.10576923076923077 0.021634615384615384 0.02403846153846154
0 0.4338942307692308 0.10817307692307693 0.021634615384615384 0.02403846153846154
0 0.5024038461538461 0.13221153846153846 0.02403846153846154 0.028846153846153848
0 0.34134615384615385 0.1466346153846154 0.028846153846153848 0.028846153846153848
0 0.234375 0.18990384615384615 0.03125 0.014423076923076924
0 0.3557692307692308 0.21153846153846154 0.028846153846153848 0.03365384615384615
0 0.38341346153846156 0.2620192307692308 0.03125 0.03365384615384615