0 0.06850961538461539 0.46634615384615385 0.040865384615384616 0.04326923076923077
0 0.7512019230769231 0.1622596153846154 0.07451923076923077 0.06971153846153846
0 0.8245192307692307 0.125 0.08653846153846154 0.10096153846153846
0 0.8581730769230769 0.7175480769230769 0.028846153846153848 0.036057692307692304
0 0.6298076923076923 0.8173076923076923 0.0625 0.057692307692307696
0 0.9266826923076923 0.8317307692307693 0.10336538461538461 0.07692307692307693
0 0.9819711538461539 0.9519230769230769 0.036057692307692304 0.057692307692307696
0 0.9002403846153846 0.9735576923076923 0.11778846153846154 0.052884615384615384
0 0.9663461538461539 0.5216346153846154 0.057692307692307696 0.02403846153846154
0 0.9747596153846154 0.5841346153846154 0.05048076923076923 0.07211538461538461
0 0.6490384615384616 0.5973557692307693 0.052884615384615384 0.040865384615384616
0 0.9038461538461539 0.6298076923076923 0.038461538461538464 0.03365384615384615
0 0.828125 0.6646634615384616 0.036057692307692304 0.026442307692307692