0 0.23557692307692307 0.4423076923076923 0.038461538461538464 0.03365384615384615
0 0.33413461538461536 0.18509615384615385 0.057692307692307696 0.057692307692307696
0 0.41346153846153844 0.2127403846153846 0.0625 0.05048076923076923
0 0.3485576923076923 0.3173076923076923 0.04326923076923077 0.03365384615384615
0 0.38100961538461536 0.33653846153846156 0.036057692307692304 0.028846153846153848
0 0.051682692307692304 0.9867788461538461 0.040865384615384616 0.026442307692307692
0 0.3161057692307692 0.7463942307692307 0.036057692307692304 0.036057692307692304
0 0.39783653846153844 0.7704326923076923 0.036057692307692304 0.03125
0 0.38822115384615385 0.7992788461538461 0.03125 0.03125
0 0.38822115384615385 0.8257211538461539 0.03125 0.016826923076923076
0 0.46153846153846156 0.9543269230769231 0.04326923076923077 0.038461538461538464