0 0.4675480769230769 0.296875 0.036057692307692304 0.036057692307692304
0 0.5036057692307693 0.33533653846153844 0.055288461538461536 0.036057692307692304
0 0.24759615384615385 0.36778846153846156 0.057692307692307696 0.0625
0 0.36899038461538464 0.4423076923076923 0.04567307692307692 0.04326923076923077
0 0.5372596153846154 0.5384615384615384 0.040865384615384616 0.03365384615384615
0 0.08653846153846154 0.7355769230769231 0.07692307692307693 0.08653846153846154
0 0.009615384615384616 0.9495192307692307 0.019230769230769232 0.0625
0 0.5637019230769231 0.9759615384615384 0.021634615384615384 0.038461538461538464
0 0.33653846153846156 0.9819711538461539 0.03365384615384615 0.036057692307692304
0 0.2608173076923077 0.9807692307692307 0.06009615384615385 0.038461538461538464
0 0.9387019230769231 0.9411057692307693 0.06490384615384616 0.06971153846153846
0 0.7668269230769231 0.9831730769230769 0.07211538461538461 0.03365384615384615
0 0.9603365384615384 0.7415865384615384 0.04567307692307692 0.05048076923076923
0 0.984375 0.7920673076923077 0.03125 0.06490384615384616
0 0.9603365384615384 0.625 0.04567307692307692 0.014423076923076924