0 0.33653846153846156 0.09735576923076923 0.03365384615384615 0.036057692307692304
0 0.34134615384615385 0.15384615384615385 0.07692307692307693 0.0625
0 0.4098557692307692 0.2932692307692308 0.055288461538461536 0.03365384615384615
0 0.4675480769230769 0.34375 0.06009615384615385 0.04807692307692308
0 0.36177884615384615 0.34615384615384615 0.04567307692307692 0.052884615384615384
0 0.8149038461538461 0.1778846153846154 0.0673076923076923 0.052884615384615384
0 0.7572115384615384 0.24278846153846154 0.038461538461538464 0.052884615384615384
0 0.7355769230769231 0.2668269230769231 0.052884615384615384 0.052884615384615384
0 0.6141826923076923 0.296875 0.09375 0.0889423076923077
0 0.5024038461538461 0.7560096153846154 0.04326923076923077 0.036057692307692304
0 0.21634615384615385 0.8521634615384616 0.038461538461538464 0.036057692307692304
0 0.5709134615384616 0.9723557692307693 0.04567307692307692 0.055288461538461536