0 0.21033653846153846 0.15144230769230768 0.07451923076923077 0.08653846153846154
0 0.5588942307692307 0.16466346153846154 0.036057692307692304 0.03125
0 0.27283653846153844 0.24639423076923078 0.040865384615384616 0.055288461538461536
0 0.33774038461538464 0.2692307692307692 0.04567307692307692 0.057692307692307696
0 0.59375 0.2704326923076923 0.04326923076923077 0.04567307692307692
0 0.6790865384615384 0.12379807692307693 0.04567307692307692 0.040865384615384616
0 0.7247596153846154 0.16466346153846154 0.040865384615384616 0.05048076923076923
0 0.8329326923076923 0.20072115384615385 0.026442307692307692 0.026442307692307692
0 0.9266826923076923 0.20552884615384615 0.055288461538461536 0.040865384615384616
0 0.8581730769230769 0.2800480769230769 0.057692307692307696 0.05048076923076923
0 0.9194711538461539 0.30649038461538464 0.05048076923076923 0.06490384615384616
0 0.4795673076923077 0.5625 0.021634615384615384 0.02403846153846154