0 0.15264423076923078 0.25 0.026442307692307692 0.02403846153846154
0 0.4206730769230769 0.28365384615384615 0.03365384615384615 0.03365384615384615
0 0.9819711538461539 0.04807692307692308 0.036057692307692304 0.0625
0 0.8533653846153846 0.109375 0.052884615384615384 0.055288461538461536
0 0.8701923076923077 0.22716346153846154 0.052884615384615384 0.04567307692307692
0 0.6622596153846154 0.8161057692307693 0.026442307692307692 0.03125
0 0.6165865384615384 0.8641826923076923 0.03125 0.03125
0 0.6875 0.9855769230769231 0.03365384615384615 0.028846153846153848
0 0.4675480769230769 0.43509615384615385 0.040865384615384616 0.03365384615384615
0 0.8377403846153846 0.5769230769230769 0.040865384615384616 0.04326923076923077
0 0.78125 0.5949519230769231 0.057692307692307696 0.055288461538461536
0 0.9110576923076923 0.7608173076923077 0.11538461538461539 0.11298076923076923