0 0.036057692307692304 0.36658653846153844 0.028846153846153848 0.026442307692307692
0 0.6875 0.23798076923076922 0.057692307692307696 0.028846153846153848
0 0.6153846153846154 0.25721153846153844 0.052884615384615384 0.0625
0 0.6213942307692307 0.26802884615384615 0.05048076923076923 0.036057692307692304
0 0.7367788461538461 0.28125 0.036057692307692304 0.057692307692307696
0 0.5961538461538461 0.3088942307692308 0.0625 0.036057692307692304
0 0.6887019230769231 0.3173076923076923 0.036057692307692304 0.03365384615384615
0 0.7211538461538461 0.33774038461538464 0.04326923076923077 0.036057692307692304
0 0.5288461538461539 0.34375 0.03365384615384615 0.03365384615384615
0 0.6478365384615384 0.45552884615384615 0.06971153846153846 0.06009615384615385
0 0.6069711538461539 0.49038461538461536 0.08413461538461539 0.038461538461538464
0 0.6105769230769231 0.1971153846153846 0.0625 0.04326923076923077
0 0.18269230769230768 0.6346153846153846 0.04326923076923077 0.03365384615384615
0 0.5360576923076923 0.6009615384615384 0.052884615384615384 0.07211538461538461
0 0.9519230769230769 0.6911057692307693 0.04807692307692308 0.04567307692307692