0 0.24158653846153846 0.17427884615384615 0.03125 0.03125
0 0.22596153846153846 0.39302884615384615 0.038461538461538464 0.040865384615384616
0 0.9819711538461539 0.1778846153846154 0.036057692307692304 0.028846153846153848
0 0.9519230769230769 0.19951923076923078 0.04807692307692308 0.04807692307692308
0 0.9903846153846154 0.22235576923076922 0.019230769230769232 0.03125
0 0.9495192307692307 0.23197115384615385 0.038461538461538464 0.03125
0 0.9194711538461539 0.23197115384615385 0.04567307692307692 0.040865384615384616
0 0.8786057692307693 0.5348557692307693 0.026442307692307692 0.026442307692307692
0 0.8485576923076923 0.5372596153846154 0.03365384615384615 0.021634615384615384
0 0.8858173076923077 0.5769230769230769 0.03125 0.02403846153846154
0 0.0733173076923077 0.6658653846153846 0.07932692307692307 0.07211538461538461
0 0.19471153846153846 0.7632211538461539 0.07692307692307693 0.06971153846153846
0 0.8653846153846154 0.8305288461538461 0.04326923076923077 0.036057692307692304
0 0.8209134615384616 0.8786057692307693 0.06009615384615385 0.06009615384615385
0 0.6790865384615384 0.9411057692307693 0.021634615384615384 0.04567307692307692
0 0.7331730769230769 0.9555288461538461 0.052884615384615384 0.040865384615384616