0 0.109375 0.359375 0.03125 0.026442307692307692
0 0.08653846153846154 0.4026442307692308 0.028846153846153848 0.03125
0 0.3004807692307692 0.45072115384615385 0.057692307692307696 0.04567307692307692
0 0.7307692307692307 0.2776442307692308 0.04326923076923077 0.036057692307692304
0 0.4206730769230769 0.28846153846153844 0.038461538461538464 0.038461538461538464
0 0.5336538461538461 0.45552884615384615 0.04807692307692308 0.040865384615384616
0 0.11538461538461539 0.5973557692307693 0.057692307692307696 0.040865384615384616
0 0.008413461538461538 0.6490384615384616 0.016826923076923076 0.04326923076923077
0 0.30649038461538464 0.8197115384615384 0.04567307692307692 0.0625
0 0.15865384615384615 0.8870192307692307 0.04326923076923077 0.04326923076923077
0 0.9903846153846154 0.6995192307692307 0.019230769230769232 0.057692307692307696
0 0.6165865384615384 0.7067307692307693 0.04567307692307692 0.038461538461538464
0 0.9807692307692307 0.7283653846153846 0.038461538461538464 0.038461538461538464
0 0.9783653846153846 0.6262019230769231 0.04326923076923077 0.040865384615384616
0 0.8173076923076923 0.6622596153846154 0.04326923076923077 0.055288461538461536