0 0.6658653846153846 0.2800480769230769 0.1201923076923077 0.06490384615384616
0 0.4266826923076923 0.3161057692307692 0.06009615384615385 0.06971153846153846
0 0.49278846153846156 0.3641826923076923 0.052884615384615384 0.04567307692307692
0 0.7139423076923077 0.3918269230769231 0.08653846153846154 0.08653846153846154
0 0.47475961538461536 0.42427884615384615 0.055288461538461536 0.07932692307692307
0 0.41586538461538464 0.4338942307692308 0.057692307692307696 0.07451923076923077
0 0.5805288461538461 0.44711538461538464 0.08413461538461539 0.0625
0 0.5144230769230769 0.46634615384615385 0.0625 0.052884615384615384
0 0.38221153846153844 0.4807692307692308 0.04326923076923077 0.04326923076923077
0 0.5685096153846154 0.5024038461538461 0.036057692307692304 0.04326923076923077
0 0.6165865384615384 0.5024038461538461 0.06009615384615385 0.052884615384615384
0 0.5901442307692307 0.5625 0.06490384615384616 0.057692307692307696
0 0.5240384615384616 0.5793269230769231 0.0673076923076923 0.057692307692307696
0 0.38461538461538464 0.5901442307692307 0.04807692307692308 0.06490384615384616
0 0.5528846153846154 0.6346153846153846 0.057692307692307696 0.057692307692307696
0 0.4795673076923077 0.65625 0.08413461538461539 0.052884615384615384
0 0.7391826923076923 0.7487980769230769 0.04567307692307692 0.036057692307692304
0 0.6021634615384616 0.7596153846153846 0.05048076923076923 0.0673076923076923
0 0.6790865384615384 0.8185096153846154 0.06009615384615385 0.07451923076923077
0 0.4963942307692308 0.08413461538461539 0.04567307692307692 0.03365384615384615
0 0.6045673076923077 0.8701923076923077 0.0985576923076923 0.07211538461538461
0 0.4699519230769231 0.15264423076923078 0.05048076923076923 0.055288461538461536
0 0.41225961538461536 0.16466346153846154 0.040865384615384616 0.036057692307692304
0 0.6153846153846154 0.20192307692307693 0.04326923076923077 0.052884615384615384
0 0.6838942307692307 0.21754807692307693 0.04567307692307692 0.040865384615384616
0 0.44711538461538464 0.22596153846153846 0.038461538461538464 0.03365384615384615
0 0.9555288461538461 0.27884615384615385 0.08413461538461539 0.0673076923076923
0 0.9254807692307693 0.3918269230769231 0.08653846153846154 0.08653846153846154
0 0.9026442307692307 0.7487980769230769 0.04567307692307692 0.036057692307692304
0 0.9627403846153846 0.8185096153846154 0.06009615384615385 0.07451923076923077
0 0.9579326923076923 0.21754807692307693 0.04567307692307692 0.040865384615384616