0 0.025240384615384616 0.625 0.05048076923076923 0.052884615384615384
0 0.21995192307692307 0.6382211538461539 0.06971153846153846 0.06009615384615385
0 0.009615384615384616 0.7151442307692307 0.019230769230769232 0.06009615384615385
0 0.0733173076923077 0.7620192307692307 0.06009615384615385 0.038461538461538464
0 0.3233173076923077 0.7704326923076923 0.05048076923076923 0.04567307692307692
0 0.1622596153846154 0.7728365384615384 0.04567307692307692 0.06009615384615385
0 0.25841346153846156 0.7776442307692307 0.06009615384615385 0.06971153846153846
0 0.056490384615384616 0.8149038461538461 0.04567307692307692 0.04326923076923077
0 0.36658653846153844 0.8389423076923077 0.06009615384615385 0.052884615384615384
0 0.3918269230769231 0.875 0.014423076923076924 0.057692307692307696
0 0.19471153846153846 0.9387019230769231 0.052884615384615384 0.036057692307692304
0 0.3786057692307692 0.9495192307692307 0.040865384615384616 0.0673076923076923
0 0.14182692307692307 0.49038461538461536 0.0625 0.04326923076923077
0 0.037259615384615384 0.5072115384615384 0.05048076923076923 0.0625
0 0.1502403846153846 0.5576923076923077 0.05048076923076923 0.0673076923076923
0 0.20432692307692307 0.5625 0.04326923076923077 0.04326923076923077
0 0.8641826923076923 0.5829326923076923 0.04567307692307692 0.03125
0 0.921875 0.6971153846153846 0.03125 0.03365384615384615