0 0.28966346153846156 0.24519230769230768 0.055288461538461536 0.057692307692307696
0 0.21153846153846154 0.390625 0.057692307692307696 0.055288461538461536
0 0.41947115384615385 0.04447115384615385 0.04567307692307692 0.036057692307692304
0 0.35216346153846156 0.5096153846153846 0.055288461538461536 0.038461538461538464
0 0.3942307692307692 0.5961538461538461 0.03365384615384615 0.04326923076923077
0 0.09495192307692307 0.6189903846153846 0.07451923076923077 0.06971153846153846
0 0.2644230769230769 0.640625 0.09134615384615384 0.07932692307692307
0 0.203125 0.0673076923076923 0.04567307692307692 0.04326923076923077
0 0.40865384615384615 0.6971153846153846 0.04807692307692308 0.03365384615384615
0 0.22956730769230768 0.7752403846153846 0.07932692307692307 0.06971153846153846
0 0.18629807692307693 0.1622596153846154 0.06009615384615385 0.06490384615384616