0 0.17067307692307693 0.2932692307692308 0.028846153846153848 0.038461538461538464
0 0.039663461538461536 0.3269230769230769 0.021634615384615384 0.02403846153846154
0 0.9110576923076923 0.21754807692307693 0.04326923076923077 0.036057692307692304
0 0.4891826923076923 0.6394230769230769 0.021634615384615384 0.019230769230769232
0 0.7620192307692307 0.6646634615384616 0.03365384615384615 0.026442307692307692
0 0.6466346153846154 0.6971153846153846 0.028846153846153848 0.028846153846153848
0 0.6189903846153846 0.6995192307692307 0.036057692307692304 0.03365384615384615
0 0.7151442307692307 0.7439903846153846 0.026442307692307692 0.021634615384615384
0 0.7475961538461539 0.7584134615384616 0.028846153846153848 0.016826923076923076
0 0.7487980769230769 0.7752403846153846 0.026442307692307692 0.016826923076923076
0 0.6814903846153846 0.7776442307692307 0.026442307692307692 0.016826923076923076
0 0.8137019230769231 0.7908653846153846 0.021634615384615384 0.019230769230769232
0 0.6790865384615384 0.7992788461538461 0.021634615384615384 0.016826923076923076
0 0.5036057692307693 0.8052884615384616 0.026442307692307692 0.03365384615384615
0 0.640625 0.84375 0.026442307692307692 0.019230769230769232
0 0.6586538461538461 0.8834134615384616 0.028846153846153848 0.021634615384615384
0 0.6298076923076923 0.9074519230769231 0.019230769230769232 0.021634615384615384
0 0.6069711538461539 0.9110576923076923 0.026442307692307692 0.019230769230769232
0 0.5132211538461539 0.9194711538461539 0.021634615384615384 0.016826923076923076
0 0.5096153846153846 0.9314903846153846 0.019230769230769232 0.016826923076923076
0 0.6382211538461539 0.9399038461538461 0.021634615384615384 0.019230769230769232
0 0.49399038461538464 0.9579326923076923 0.026442307692307692 0.026442307692307692
0 0.5865384615384616 0.9579326923076923 0.028846153846153848 0.026442307692307692