0 0.055288461538461536 0.28846153846153844 0.03365384615384615 0.03365384615384615
0 0.33653846153846156 0.3076923076923077 0.038461538461538464 0.04326923076923077
0 0.7067307692307693 0.35096153846153844 0.052884615384615384 0.04326923076923077
0 0.8365384615384616 0.44591346153846156 0.02403846153846154 0.026442307692307692
0 0.46153846153846156 0.5612980769230769 0.04326923076923077 0.03125
0 0.5540865384615384 0.7956730769230769 0.036057692307692304 0.04807692307692308
0 0.5480769230769231 0.8473557692307693 0.038461538461538464 0.036057692307692304
0 0.36177884615384615 0.47475961538461536 0.036057692307692304 0.01201923076923077
0 0.5913461538461539 0.6947115384615384 0.02403846153846154 0.038461538461538464
0 0.75 0.7439903846153846 0.028846153846153848 0.026442307692307692
0 0.7451923076923077 0.7728365384615384 0.03365384615384615 0.03125