0 0.7560096153846154 0.13581730769230768 0.04567307692307692 0.036057692307692304
0 0.6802884615384616 0.21394230769230768 0.02403846153846154 0.02403846153846154
0 0.6574519230769231 0.22716346153846154 0.026442307692307692 0.021634615384615384
0 0.7319711538461539 0.23076923076923078 0.026442307692307692 0.02403846153846154
0 0.6237980769230769 0.2608173076923077 0.026442307692307692 0.021634615384615384
0 0.7367788461538461 0.25961538461538464 0.021634615384615384 0.02403846153846154
0 0.5492788461538461 0.2704326923076923 0.021634615384615384 0.021634615384615384
0 0.5997596153846154 0.27403846153846156 0.021634615384615384 0.019230769230769232
0 0.421875 0.7836538461538461 0.026442307692307692 0.028846153846153848
0 0.8990384615384616 0.8209134615384616 0.028846153846153848 0.03125
0 0.8713942307692307 0.8581730769230769 0.021634615384615384 0.028846153846153848