0 0.4987980769230769 0.3641826923076923 0.05048076923076923 0.05048076923076923
0 0.5132211538461539 0.41225961538461536 0.05048076923076923 0.055288461538461536
0 0.3245192307692308 0.4266826923076923 0.052884615384615384 0.06490384615384616
0 0.4699519230769231 0.5661057692307693 0.03125 0.03125
0 0.5685096153846154 0.1622596153846154 0.036057692307692304 0.021634615384615384
0 0.09375 0.6153846153846154 0.07692307692307693 0.03365384615384615
0 0.07932692307692307 0.7391826923076923 0.08173076923076923 0.07932692307692307
0 0.021634615384615384 0.8233173076923077 0.04326923076923077 0.05048076923076923
0 0.8677884615384616 0.6454326923076923 0.028846153846153848 0.021634615384615384
0 0.8293269230769231 0.8966346153846154 0.038461538461538464 0.02403846153846154
0 0.8581730769230769 0.9615384615384616 0.04326923076923077 0.04326923076923077
0 0.9483173076923077 0.9915865384615384 0.040865384615384616 0.016826923076923076