0 0.9795673076923077 0.375 0.040865384615384616 0.0625
0 0.35096153846153844 0.3858173076923077 0.02403846153846154 0.06009615384615385
0 0.5805288461538461 0.44591346153846156 0.06009615384615385 0.026442307692307692
0 0.4735576923076923 0.29086538461538464 0.0673076923076923 0.0625
0 0.4675480769230769 0.2932692307692308 0.04567307692307692 0.04326923076923077
0 0.640625 0.5168269230769231 0.13221153846153846 0.11538461538461539
0 0.7043269230769231 0.5709134615384616 0.07692307692307693 0.07451923076923077
0 0.8100961538461539 0.7379807692307693 0.12980769230769232 0.11538461538461539
0 0.44471153846153844 0.7427884615384616 0.0625 0.057692307692307696
0 0.6057692307692307 0.7572115384615384 0.08173076923076923 0.057692307692307696
0 0.3581730769230769 0.7740384615384616 0.038461538461538464 0.052884615384615384
0 0.4735576923076923 0.7956730769230769 0.07692307692307693 0.0625
0 0.8341346153846154 0.9639423076923077 0.07692307692307693 0.0625