0 0.46153846153846156 0.5252403846153846 0.03365384615384615 0.03125
0 0.6610576923076923 0.640625 0.04807692307692308 0.016826923076923076
0 0.16346153846153846 0.7379807692307693 0.028846153846153848 0.028846153846153848
0 0.016826923076923076 0.8245192307692307 0.03365384615384615 0.03365384615384615
0 0.6682692307692307 0.7872596153846154 0.03365384615384615 0.026442307692307692
0 0.5576923076923077 0.8197115384615384 0.019230769230769232 0.028846153846153848
0 0.6213942307692307 0.8665865384615384 0.026442307692307692 0.021634615384615384
0 0.6538461538461539 0.8810096153846154 0.028846153846153848 0.016826923076923076
0 0.6550480769230769 0.8978365384615384 0.026442307692307692 0.016826923076923076
0 0.5877403846153846 0.9002403846153846 0.026442307692307692 0.016826923076923076
0 0.7199519230769231 0.9134615384615384 0.021634615384615384 0.019230769230769232
0 0.5853365384615384 0.921875 0.021634615384615384 0.016826923076923076
0 0.5540865384615384 0.9663461538461539 0.01201923076923077 0.019230769230769232
0 0.5649038461538461 0.9975961538461539 0.028846153846153848 0.004807692307692308