0 0.036057692307692304 0.08533653846153846 0.03365384615384615 0.036057692307692304
0 0.24519230769230768 0.10096153846153846 0.04807692307692308 0.04807692307692308
0 0.35096153846153844 0.19230769230769232 0.03365384615384615 0.038461538461538464
0 0.08653846153846154 0.22115384615384615 0.052884615384615384 0.0673076923076923
0 0.13341346153846154 0.22115384615384615 0.040865384615384616 0.03365384615384615
0 0.21754807692307693 0.33052884615384615 0.036057692307692304 0.04567307692307692
0 0.36899038461538464 0.3329326923076923 0.03125 0.04567307692307692
0 0.10697115384615384 0.4675480769230769 0.040865384615384616 0.040865384615384616
0 0.3173076923076923 0.5084134615384616 0.052884615384615384 0.04567307692307692
0 0.6538461538461539 0.36177884615384615 0.019230769230769232 0.021634615384615384
0 0.3605769230769231 0.6742788461538461 0.057692307692307696 0.04567307692307692
0 0.234375 0.984375 0.05048076923076923 0.03125
0 0.47596153846153844 0.7487980769230769 0.014423076923076924 0.04567307692307692
0 0.5697115384615384 0.9675480769230769 0.052884615384615384 0.04567307692307692