0 0.2091346153846154 0.04326923076923077 0.09615384615384616 0.08653846153846154
0 0.30288461538461536 0.26322115384615385 0.08173076923076923 0.06971153846153846
0 0.23798076923076922 0.33052884615384615 0.08653846153846154 0.07451923076923077
0 0.43509615384615385 0.5637019230769231 0.014423076923076924 0.05048076923076923
0 0.4423076923076923 0.6153846153846154 0.028846153846153848 0.04807692307692308
0 0.48677884615384615 0.038461538461538464 0.04567307692307692 0.052884615384615384
0 0.3125 0.7379807692307693 0.03365384615384615 0.02403846153846154
0 0.21754807692307693 0.7451923076923077 0.036057692307692304 0.028846153846153848
0 0.26322115384615385 0.7692307692307693 0.026442307692307692 0.02403846153846154
0 0.2920673076923077 0.7692307692307693 0.026442307692307692 0.019230769230769232
0 0.3233173076923077 0.7752403846153846 0.021634615384615384 0.021634615384615384
0 0.3161057692307692 0.8221153846153846 0.036057692307692304 0.028846153846153848
0 0.1658653846153846 0.9807692307692307 0.028846153846153848 0.02403846153846154
0 0.12980769230769232 0.9855769230769231 0.038461538461538464 0.028846153846153848