0 0.20552884615384615 0.13341346153846154 0.04567307692307692 0.040865384615384616
0 0.11658653846153846 0.5865384615384616 0.04567307692307692 0.02403846153846154
0 0.07091346153846154 0.5913461538461539 0.05048076923076923 0.014423076923076924
0 0.3004807692307692 0.042067307692307696 0.052884615384615384 0.04567307692307692
0 0.16826923076923078 0.06129807692307692 0.03365384615384615 0.036057692307692304
0 0.7908653846153846 0.5769230769230769 0.0673076923076923 0.04326923076923077
0 0.11899038461538461 0.6045673076923077 0.026442307692307692 0.01201923076923077
0 0.19471153846153846 0.8353365384615384 0.02403846153846154 0.021634615384615384
0 0.21634615384615385 0.8653846153846154 0.02403846153846154 0.02403846153846154
0 0.8725961538461539 0.8413461538461539 0.03365384615384615 0.038461538461538464
0 0.8269230769230769 0.8629807692307693 0.03365384615384615 0.028846153846153848