0 0.35216346153846156 0.28365384615384615 0.08413461538461539 0.07211538461538461
0 0.45913461538461536 0.30288461538461536 0.0625 0.052884615384615384
0 0.6081730769230769 0.3269230769230769 0.0625 0.057692307692307696
0 0.17668269230769232 0.3858173076923077 0.06971153846153846 0.06971153846153846
0 0.47836538461538464 0.4987980769230769 0.08173076923076923 0.055288461538461536
0 0.3389423076923077 0.5084134615384616 0.057692307692307696 0.05048076923076923
0 0.43149038461538464 0.5685096153846154 0.04567307692307692 0.055288461538461536
0 0.47115384615384615 0.6598557692307693 0.038461538461538464 0.03125
0 0.5288461538461539 0.6598557692307693 0.03365384615384615 0.03125
0 0.2920673076923077 0.10336538461538461 0.04567307692307692 0.04807692307692308
0 0.15985576923076922 0.11778846153846154 0.0889423076923077 0.07692307692307693
0 0.43028846153846156 0.2536057692307692 0.057692307692307696 0.055288461538461536