0 0.11177884615384616 0.016826923076923076 0.03125 0.03365384615384615
0 0.10336538461538461 0.052884615384615384 0.02403846153846154 0.038461538461538464
0 0.19471153846153846 0.140625 0.03365384615384615 0.03125
0 0.19951923076923078 0.2403846153846154 0.038461538461538464 0.02403846153846154
0 0.3088942307692308 0.46153846153846156 0.036057692307692304 0.028846153846153848
0 0.8641826923076923 0.09495192307692307 0.026442307692307692 0.021634615384615384
0 0.6995192307692307 0.10817307692307693 0.03365384615384615 0.03365384615384615
0 0.8870192307692307 0.15384615384615385 0.02403846153846154 0.02403846153846154
0 0.2512019230769231 0.9903846153846154 0.040865384615384616 0.019230769230769232
0 0.0625 0.9891826923076923 0.04807692307692308 0.021634615384615384
0 0.29447115384615385 0.5745192307692307 0.03125 0.03365384615384615