0 0.7211538461538461 0.14783653846153846 0.0625 0.055288461538461536
0 0.5132211538461539 0.234375 0.07451923076923077 0.07451923076923077
0 0.7644230769230769 0.23798076923076922 0.08653846153846154 0.0673076923076923
0 0.16105769230769232 0.59375 0.04326923076923077 0.03365384615384615
0 0.36658653846153844 0.6177884615384616 0.06971153846153846 0.057692307692307696
0 0.12379807692307693 0.6394230769230769 0.040865384615384616 0.038461538461538464
0 0.28365384615384615 0.6430288461538461 0.04807692307692308 0.04567307692307692
0 0.11778846153846154 0.6899038461538461 0.04807692307692308 0.04326923076923077
0 0.27524038461538464 0.6899038461538461 0.05048076923076923 0.04326923076923077
0 0.359375 0.7067307692307693 0.04567307692307692 0.057692307692307696
0 0.4182692307692308 0.7163461538461539 0.04326923076923077 0.052884615384615384
0 0.13822115384615385 0.7704326923076923 0.0889423076923077 0.06971153846153846
0 0.22355769230769232 0.7764423076923077 0.052884615384615384 0.04807692307692308
0 0.34975961538461536 0.7836538461538461 0.06009615384615385 0.052884615384615384
0 0.15144230769230768 0.8377403846153846 0.057692307692307696 0.05048076923076923
0 0.41225961538461536 0.8425480769230769 0.055288461538461536 0.06490384615384616
0 0.31850961538461536 0.859375 0.0889423076923077 0.06490384615384616
0 0.22956730769230768 0.9591346153846154 0.05048076923076923 0.0625
0 0.13701923076923078 0.9939903846153846 0.038461538461538464 0.01201923076923077
0 0.4182692307692308 0.5204326923076923 0.04326923076923077 0.036057692307692304
0 0.9831730769230769 0.6189903846153846 0.03365384615384615 0.06009615384615385
0 0.7055288461538461 0.6466346153846154 0.06009615384615385 0.04326923076923077
0 0.9278846153846154 0.6610576923076923 0.04326923076923077 0.04326923076923077
0 0.5865384615384616 0.6742788461538461 0.057692307692307696 0.06009615384615385
0 0.953125 0.6862980769230769 0.036057692307692304 0.021634615384615384
0 0.7668269230769231 0.734375 0.0625 0.036057692307692304
0 0.5985576923076923 0.7367788461538461 0.038461538461538464 0.05048076923076923
0 0.5625 0.75 0.052884615384615384 0.04326923076923077
0 0.8713942307692307 0.7932692307692307 0.04567307692307692 0.038461538461538464
0 0.9783653846153846 0.8016826923076923 0.04326923076923077 0.05048076923076923
0 0.9807692307692307 0.8509615384615384 0.038461538461538464 0.04326923076923077
0 0.8918269230769231 0.8798076923076923 0.04326923076923077 0.028846153846153848
0 0.9915865384615384 0.3713942307692308 0.016826923076923076 0.04567307692307692
0 0.8762019230769231 0.3954326923076923 0.04567307692307692 0.036057692307692304
0 0.8894230769230769 0.4519230769230769 0.04326923076923077 0.04326923076923077
0 0.6165865384615384 0.4519230769230769 0.06009615384615385 0.028846153846153848
0 0.5288461538461539 0.4963942307692308 0.0625 0.06009615384615385