0 0.3425480769230769 0.6995192307692307 0.026442307692307692 0.02403846153846154
0 0.21995192307692307 0.7463942307692307 0.026442307692307692 0.03125
0 0.26322115384615385 0.7740384615384616 0.03125 0.02403846153846154
0 0.16826923076923078 0.78125 0.03365384615384615 0.028846153846153848
0 0.2824519230769231 0.8088942307692307 0.021634615384615384 0.026442307692307692
0 0.18269230769230768 0.8257211538461539 0.019230769230769232 0.016826923076923076
0 0.20793269230769232 0.8293269230769231 0.021634615384615384 0.02403846153846154
0 0.30649038461538464 0.8317307692307693 0.021634615384615384 0.02403846153846154
0 0.375 0.8557692307692307 0.02403846153846154 0.028846153846153848
0 0.21394230769230768 0.8701923076923077 0.028846153846153848 0.028846153846153848
0 0.10697115384615384 0.9134615384615384 0.03125 0.014423076923076924
0 0.2283653846153846 0.9350961538461539 0.028846153846153848 0.03365384615384615
0 0.25600961538461536 0.984375 0.03125 0.03125
0 0.6670673076923077 0.640625 0.021634615384615384 0.021634615384615384
0 0.7512019230769231 0.7319711538461539 0.021634615384615384 0.026442307692307692
0 0.6923076923076923 0.7560096153846154 0.019230769230769232 0.021634615384615384
0 0.7271634615384616 0.7668269230769231 0.021634615384615384 0.02403846153846154
0 0.7391826923076923 0.7680288461538461 0.021634615384615384 0.021634615384615384
0 0.7355769230769231 0.7836538461538461 0.03365384615384615 0.019230769230769232