0 0.453125 0.16466346153846154 0.03125 0.055288461538461536
0 0.4050480769230769 0.22956730769230768 0.04567307692307692 0.055288461538461536
0 0.35216346153846156 0.24759615384615385 0.055288461538461536 0.0673076923076923
0 0.3161057692307692 0.33413461538461536 0.07932692307692307 0.0625
0 0.6646634615384616 0.14423076923076922 0.055288461538461536 0.0625
0 0.6983173076923077 0.25721153846153844 0.040865384615384616 0.03365384615384615
0 0.65625 0.296875 0.04807692307692308 0.04567307692307692
0 0.6887019230769231 0.3485576923076923 0.06971153846153846 0.038461538461538464
0 0.7884615384615384 0.03125 0.04807692307692308 0.057692307692307696
0 0.21514423076923078 0.8028846153846154 0.040865384615384616 0.04326923076923077
0 0.09254807692307693 0.9050480769230769 0.040865384615384616 0.04567307692307692
0 0.0625 0.9254807692307693 0.038461538461538464 0.028846153846153848