0 0.25721153846153844 0.010817307692307692 0.07692307692307693 0.021634615384615384
0 0.3329326923076923 0.055288461538461536 0.08413461538461539 0.08173076923076923
0 0.4254807692307692 0.0889423076923077 0.10096153846153846 0.08653846153846154
0 0.40625 0.234375 0.052884615384615384 0.04567307692307692
0 0.2439903846153846 0.3293269230769231 0.09375 0.09134615384615384
0 0.06129807692307692 0.3317307692307692 0.07932692307692307 0.08173076923076923
0 0.08052884615384616 0.5360576923076923 0.036057692307692304 0.03365384615384615
0 0.05048076923076923 0.5697115384615384 0.03365384615384615 0.028846153846153848
0 0.046875 0.5901442307692307 0.036057692307692304 0.03125
0 0.11057692307692307 0.5973557692307693 0.03365384615384615 0.03125
0 0.08052884615384616 0.6310096153846154 0.04567307692307692 0.03125
0 0.08173076923076923 0.6598557692307693 0.038461538461538464 0.03125
0 0.35697115384615385 0.7427884615384616 0.05048076923076923 0.04326923076923077
0 0.3329326923076923 0.8978365384615384 0.04567307692307692 0.05048076923076923