0 0.003605769230769231 0.3389423076923077 0.007211538461538462 0.038461538461538464
0 0.90625 0.018028846153846152 0.0673076923076923 0.036057692307692304
0 0.48677884615384615 0.018028846153846152 0.016826923076923076 0.036057692307692304
0 0.5048076923076923 0.016826923076923076 0.028846153846153848 0.02403846153846154
0 0.9915865384615384 0.03485576923076923 0.016826923076923076 0.036057692307692304
0 0.984375 0.08052884615384616 0.03125 0.040865384615384616
0 0.7307692307692307 0.10216346153846154 0.052884615384615384 0.040865384615384616
0 0.9963942307692307 0.11298076923076923 0.007211538461538462 0.03365384615384615
0 0.5168269230769231 0.15504807692307693 0.04326923076923077 0.03125
0 0.5480769230769231 0.18509615384615385 0.04326923076923077 0.03365384615384615
0 0.640625 0.234375 0.05048076923076923 0.026442307692307692
0 0.42908653846153844 0.7127403846153846 0.03125 0.03125
0 0.16947115384615385 0.7247596153846154 0.016826923076923076 0.03125
0 0.21875 0.9939903846153846 0.02403846153846154 0.01201923076923077