0 0.7704326923076923 0.13822115384615385 0.026442307692307692 0.03125
0 0.7247596153846154 0.18629807692307693 0.03125 0.03125
0 0.9074519230769231 0.19471153846153846 0.036057692307692304 0.03365384615384615
0 0.7956730769230769 0.3076923076923077 0.03365384615384615 0.028846153846153848
0 0.018028846153846152 0.5925480769230769 0.036057692307692304 0.04567307692307692
0 0.04326923076923077 0.6165865384615384 0.04807692307692308 0.06009615384615385
0 0.4110576923076923 0.6237980769230769 0.04326923076923077 0.03125
0 0.09254807692307693 0.7055288461538461 0.05048076923076923 0.04567307692307692
0 0.44591346153846156 0.7439903846153846 0.026442307692307692 0.036057692307692304
0 0.45072115384615385 0.7908653846153846 0.016826923076923076 0.028846153846153848
0 0.38221153846153844 0.8112980769230769 0.04326923076923077 0.04567307692307692
0 0.2548076923076923 0.8353365384615384 0.028846153846153848 0.04567307692307692
0 0.3088942307692308 0.9411057692307693 0.06009615384615385 0.055288461538461536
0 0.18509615384615385 0.984375 0.03365384615384615 0.03125
0 0.3641826923076923 0.9915865384615384 0.036057692307692304 0.016826923076923076
0 0.04807692307692308 0.9915865384615384 0.057692307692307696 0.016826923076923076
0 0.78125 0.9699519230769231 0.08173076923076923 0.06009615384615385