0 0.40865384615384615 0.17908653846153846 0.04326923076923077 0.05048076923076923
0 0.140625 0.39663461538461536 0.055288461538461536 0.057692307692307696
0 0.1875 0.5 0.052884615384615384 0.038461538461538464
0 0.5120192307692307 0.04927884615384615 0.02403846153846154 0.06971153846153846
0 0.9831730769230769 0.15384615384615385 0.03365384615384615 0.0625
0 0.6850961538461539 0.23197115384615385 0.08653846153846154 0.06009615384615385
0 0.5300480769230769 0.27163461538461536 0.06009615384615385 0.052884615384615384
0 0.7896634615384616 0.31850961538461536 0.0985576923076923 0.06009615384615385
0 0.5216346153846154 0.31850961538461536 0.04326923076923077 0.04567307692307692
0 0.5192307692307693 0.42788461538461536 0.038461538461538464 0.052884615384615384
0 0.9867788461538461 0.45072115384615385 0.026442307692307692 0.04567307692307692
0 0.6502403846153846 0.45552884615384615 0.06009615384615385 0.05048076923076923
0 0.609375 0.48677884615384615 0.04567307692307692 0.04567307692307692
0 0.31971153846153844 0.7271634615384616 0.0625 0.055288461538461536
0 0.11177884615384616 0.8137019230769231 0.07451923076923077 0.07451923076923077
0 0.3629807692307692 0.8173076923076923 0.08653846153846154 0.0673076923076923
0 0.6009615384615384 0.8137019230769231 0.03365384615384615 0.040865384615384616
0 0.5300480769230769 0.890625 0.03125 0.036057692307692304