0 0.14903846153846154 0.4987980769230769 0.038461538461538464 0.04567307692307692
0 0.016826923076923076 0.02283653846153846 0.03365384615384615 0.03125
0 0.8557692307692307 0.004807692307692308 0.028846153846153848 0.009615384615384616
0 0.9423076923076923 0.020432692307692308 0.019230769230769232 0.021634615384615384
0 0.8798076923076923 0.11538461538461539 0.03365384615384615 0.02403846153846154
0 0.9915865384615384 0.12860576923076922 0.016826923076923076 0.021634615384615384
0 0.9459134615384616 0.23798076923076922 0.021634615384615384 0.038461538461538464
0 0.8040865384615384 0.24158653846153846 0.026442307692307692 0.021634615384615384
0 0.6754807692307693 0.28846153846153844 0.028846153846153848 0.019230769230769232
0 0.9831730769230769 0.3449519230769231 0.019230769230769232 0.021634615384615384
0 0.27163461538461536 0.7379807692307693 0.038461538461538464 0.052884615384615384
0 0.3016826923076923 0.7884615384615384 0.04567307692307692 0.038461538461538464
0 0.6033653846153846 0.9338942307692307 0.03365384615384615 0.03125