0 0.4387019230769231 0.4375 0.05048076923076923 0.038461538461538464
0 0.29447115384615385 0.036057692307692304 0.055288461538461536 0.04326923076923077
0 0.7632211538461539 0.3629807692307692 0.040865384615384616 0.03365384615384615
0 0.9026442307692307 0.4723557692307692 0.04567307692307692 0.036057692307692304
0 0.7548076923076923 0.5072115384615384 0.04326923076923077 0.057692307692307696
0 0.9338942307692307 0.6153846153846154 0.040865384615384616 0.04807692307692308
0 0.9146634615384616 0.040865384615384616 0.036057692307692304 0.04326923076923077
0 0.49278846153846156 0.8557692307692307 0.038461538461538464 0.057692307692307696
0 0.6370192307692307 0.6610576923076923 0.09615384615384616 0.04326923076923077
0 0.6358173076923077 0.8016826923076923 0.06009615384615385 0.07451923076923077
0 0.609375 0.9014423076923077 0.036057692307692304 0.04807692307692308
0 0.7175480769230769 0.9026442307692307 0.08413461538461539 0.07932692307692307
0 0.5985576923076923 0.9206730769230769 0.019230769230769232 0.052884615384615384
0 0.9891826923076923 0.9026442307692307 0.021634615384615384 0.07932692307692307