0 0.328125 0.020432692307692308 0.055288461538461536 0.040865384615384616
0 0.2692307692307692 0.02403846153846154 0.057692307692307696 0.04807692307692308
0 0.4338942307692308 0.027644230769230768 0.08413461538461539 0.055288461538461536
0 0.36778846153846156 0.04326923076923077 0.0625 0.052884615384615384
0 0.23557692307692307 0.057692307692307696 0.04326923076923077 0.04326923076923077
0 0.421875 0.07932692307692307 0.036057692307692304 0.04326923076923077
0 0.4699519230769231 0.07932692307692307 0.06009615384615385 0.052884615384615384
0 0.44350961538461536 0.13942307692307693 0.06490384615384616 0.057692307692307696
0 0.37740384615384615 0.15625 0.0673076923076923 0.057692307692307696
0 0.23798076923076922 0.16706730769230768 0.04807692307692308 0.06490384615384616
0 0.40625 0.21153846153846154 0.057692307692307696 0.057692307692307696
0 0.3329326923076923 0.23317307692307693 0.08413461538461539 0.052884615384615384
0 0.45552884615384615 0.33653846153846156 0.05048076923076923 0.0673076923076923
0 0.5204326923076923 0.38341346153846156 0.036057692307692304 0.05048076923076923
0 0.9627403846153846 0.36778846153846156 0.04567307692307692 0.04326923076923077
0 0.05889423076923077 0.6923076923076923 0.055288461538461536 0.0625
0 0.8978365384615384 0.6382211538461539 0.07451923076923077 0.0889423076923077
0 0.8725961538461539 0.7692307692307693 0.04807692307692308 0.038461538461538464
0 0.9134615384615384 0.8112980769230769 0.057692307692307696 0.06009615384615385
0 0.8858173076923077 0.875 0.06009615384615385 0.052884615384615384
0 0.8485576923076923 0.9459134615384616 0.0673076923076923 0.055288461538461536
0 0.7608173076923077 0.515625 0.04567307692307692 0.040865384615384616