0 0.19591346153846154 0.44591346153846156 0.10336538461538461 0.07932692307692307
0 0.234375 0.5865384615384616 0.06490384615384616 0.04326923076923077
0 0.07451923076923077 0.5961538461538461 0.04326923076923077 0.057692307692307696
0 0.42788461538461536 0.6045673076923077 0.038461538461538464 0.040865384615384616
0 0.06129807692307692 0.6442307692307693 0.055288461538461536 0.0625
0 0.49038461538461536 0.7415865384615384 0.08173076923076923 0.06490384615384616
0 0.6442307692307693 0.7427884615384616 0.052884615384615384 0.04326923076923077
0 0.4206730769230769 0.7548076923076923 0.04326923076923077 0.04807692307692308
0 0.39302884615384615 0.8028846153846154 0.04567307692307692 0.03365384615384615
0 0.49158653846153844 0.9867788461538461 0.08413461538461539 0.021634615384615384
0 0.6454326923076923 0.9915865384615384 0.055288461538461536 0.01201923076923077
0 0.421875 0.984375 0.04567307692307692 0.026442307692307692
0 0.39302884615384615 0.9471153846153846 0.04567307692307692 0.03365384615384615