0 0.28846153846153844 0.3016826923076923 0.019230769230769232 0.021634615384615384
0 0.2127403846153846 0.5048076923076923 0.026442307692307692 0.009615384615384616
0 0.8149038461538461 0.014423076923076924 0.15865384615384615 0.028846153846153848
0 0.8509615384615384 0.07572115384615384 0.04807692307692308 0.055288461538461536
0 0.5504807692307693 0.078125 0.052884615384615384 0.055288461538461536
0 0.3713942307692308 0.15985576923076922 0.026442307692307692 0.040865384615384616
0 0.44591346153846156 0.21033653846153846 0.04567307692307692 0.040865384615384616
0 0.5 0.22235576923076922 0.02403846153846154 0.03125
0 0.4543269230769231 0.27524038461538464 0.052884615384615384 0.040865384615384616
0 0.49158653846153844 0.2860576923076923 0.04567307692307692 0.038461538461538464
0 0.7175480769230769 0.30288461538461536 0.06009615384615385 0.0673076923076923
0 0.546875 0.32572115384615385 0.03125 0.036057692307692304
0 0.6622596153846154 0.39663461538461536 0.06009615384615385 0.052884615384615384
0 0.171875 0.5552884615384616 0.07451923076923077 0.04326923076923077
0 0.20793269230769232 0.640625 0.08413461538461539 0.05048076923076923
0 0.14543269230769232 0.8293269230769231 0.06009615384615385 0.0673076923076923
0 0.23076923076923078 0.8677884615384616 0.038461538461538464 0.03365384615384615
0 0.6730769230769231 0.6514423076923077 0.038461538461538464 0.038461538461538464