0 0.31490384615384615 0.2247596153846154 0.04326923076923077 0.036057692307692304
0 0.01201923076923077 0.23557692307692307 0.02403846153846154 0.038461538461538464
0 0.11778846153846154 0.4026442307692308 0.04807692307692308 0.040865384615384616
0 0.5841346153846154 0.33533653846153844 0.028846153846153848 0.06490384615384616
0 0.7115384615384616 0.33653846153846156 0.052884615384615384 0.04326923076923077
0 0.42427884615384615 0.4963942307692308 0.021634615384615384 0.016826923076923076
0 0.32091346153846156 0.5528846153846154 0.05048076923076923 0.04326923076923077
0 0.28125 0.6117788461538461 0.04326923076923077 0.040865384615384616
0 0.3125 0.8329326923076923 0.03365384615384615 0.03125
0 0.1875 0.9879807692307693 0.03365384615384615 0.02403846153846154
0 0.8064903846153846 0.7596153846153846 0.05048076923076923 0.04326923076923077
0 0.7127403846153846 0.828125 0.08413461538461539 0.07451923076923077
0 0.9338942307692307 0.9134615384615384 0.07932692307692307 0.0673076923076923
0 0.8942307692307693 0.9855769230769231 0.028846153846153848 0.028846153846153848
0 0.8197115384615384 0.9951923076923077 0.04326923076923077 0.009615384615384616