0 0.06610576923076923 0.20072115384615385 0.04567307692307692 0.040865384615384616
0 0.11177884615384616 0.24158653846153846 0.040865384615384616 0.05048076923076923
0 0.21995192307692307 0.2764423076923077 0.026442307692307692 0.02403846153846154
0 0.3137019230769231 0.27524038461538464 0.055288461538461536 0.026442307692307692
0 0.9807692307692307 0.078125 0.038461538461538464 0.036057692307692304
0 0.9375 0.1045673076923077 0.038461538461538464 0.03125
0 0.8329326923076923 0.1622596153846154 0.036057692307692304 0.040865384615384616
0 0.8040865384615384 0.1658653846153846 0.026442307692307692 0.03365384615384615
0 0.49759615384615385 0.5012019230769231 0.04807692307692308 0.036057692307692304
0 0.12860576923076922 0.7295673076923077 0.04567307692307692 0.04567307692307692
0 0.23798076923076922 0.9483173076923077 0.052884615384615384 0.04567307692307692
0 0.5 0.30528846153846156 0.04326923076923077 0.03365384615384615
0 0.9110576923076923 0.9302884615384616 0.03365384615384615 0.038461538461538464