0 0.17427884615384615 0.41586538461538464 0.06490384615384616 0.052884615384615384
0 0.12620192307692307 0.4951923076923077 0.040865384615384616 0.0625
0 0.9699519230769231 0.36538461538461536 0.03125 0.028846153846153848
0 0.8305288461538461 0.020432692307692308 0.036057692307692304 0.040865384615384616
0 0.46153846153846156 0.9074519230769231 0.052884615384615384 0.036057692307692304
0 0.5396634615384616 0.9086538461538461 0.016826923076923076 0.057692307692307696
0 0.47836538461538464 0.9831730769230769 0.04326923076923077 0.03365384615384615
0 0.5204326923076923 0.9867788461538461 0.055288461538461536 0.026442307692307692
0 0.32091346153846156 0.9855769230769231 0.07932692307692307 0.028846153846153848
0 0.4014423076923077 0.7692307692307693 0.04326923076923077 0.038461538461538464
0 0.4579326923076923 0.7139423076923077 0.05048076923076923 0.02403846153846154
0 0.5168269230769231 0.8617788461538461 0.04807692307692308 0.036057692307692304
0 0.4014423076923077 0.6346153846153846 0.04326923076923077 0.038461538461538464
0 0.4579326923076923 0.6899038461538461 0.05048076923076923 0.02403846153846154
0 0.5168269230769231 0.5504807692307693 0.04807692307692308 0.02403846153846154
0 0.8377403846153846 0.6334134615384616 0.016826923076923076 0.026442307692307692
0 0.8725961538461539 0.6634615384615384 0.014423076923076924 0.014423076923076924
0 0.8497596153846154 0.6935096153846154 0.016826923076923076 0.026442307692307692
0 0.9086538461538461 0.8605769230769231 0.038461538461538464 0.057692307692307696
0 0.84375 0.9915865384615384 0.019230769230769232 0.016826923076923076
0 0.6790865384615384 0.5564903846153846 0.016826923076923076 0.036057692307692304