0 0.7403846153846154 0.014423076923076924 0.0673076923076923 0.028846153846153848
0 0.6826923076923077 0.0673076923076923 0.038461538461538464 0.052884615384615384
0 0.6610576923076923 0.09134615384615384 0.052884615384615384 0.052884615384615384
0 0.5396634615384616 0.12139423076923077 0.09375 0.0889423076923077
0 0.1658653846153846 0.7932692307692307 0.04326923076923077 0.04326923076923077
0 0.5252403846153846 0.453125 0.12259615384615384 0.06490384615384616
0 0.7668269230769231 0.4891826923076923 0.0625 0.06971153846153846
0 0.7007211538461539 0.5372596153846154 0.055288461538461536 0.04567307692307692
0 0.47716346153846156 0.5649038461538461 0.0889423076923077 0.08653846153846154
0 0.6610576923076923 0.5853365384615384 0.04326923076923077 0.05048076923076923
0 0.71875 0.5973557692307693 0.057692307692307696 0.07932692307692307
0 0.7776442307692307 0.6069711538461539 0.06009615384615385 0.07451923076923077
0 0.6105769230769231 0.6201923076923077 0.08653846153846154 0.0625
0 0.6790865384615384 0.6394230769230769 0.06490384615384616 0.052884615384615384
0 0.8112980769230769 0.6538461538461539 0.04567307692307692 0.04326923076923077
0 0.6225961538461539 0.6754807692307693 0.038461538461538464 0.04326923076923077
0 0.5745192307692307 0.6754807692307693 0.0625 0.052884615384615384
0 0.6009615384615384 0.7355769230769231 0.0673076923076923 0.057692307692307696
0 0.6694711538461539 0.7524038461538461 0.06971153846153846 0.057692307692307696
0 0.8088942307692307 0.7632211538461539 0.05048076923076923 0.06490384615384616
0 0.7283653846153846 0.7740384615384616 0.04326923076923077 0.03365384615384615
0 0.640625 0.8076923076923077 0.06009615384615385 0.057692307692307696
0 0.7235576923076923 0.8305288461538461 0.0673076923076923 0.055288461538461536
0 0.46634615384615385 0.9146634615384616 0.052884615384615384 0.040865384615384616
0 0.4110576923076923 0.9170673076923077 0.04807692307692308 0.040865384615384616
0 0.5889423076923077 0.9326923076923077 0.052884615384615384 0.0673076923076923
0 0.5120192307692307 0.9771634615384616 0.0625 0.04567307692307692
0 0.7463942307692307 0.41225961538461536 0.040865384615384616 0.007211538461538462