0 0.10576923076923077 0.44711538461538464 0.04807692307692308 0.038461538461538464
0 0.171875 0.5757211538461539 0.03125 0.055288461538461536
0 0.21033653846153846 0.5841346153846154 0.040865384615384616 0.04807692307692308
0 0.2920673076923077 0.6875 0.04567307692307692 0.04326923076923077
0 0.265625 0.7115384615384616 0.055288461538461536 0.028846153846153848
0 0.16947115384615385 0.765625 0.03125 0.036057692307692304
0 0.16346153846153846 0.7956730769230769 0.038461538461538464 0.03365384615384615
0 0.16947115384615385 0.9939903846153846 0.03125 0.01201923076923077
0 0.16346153846153846 0.9735576923076923 0.038461538461538464 0.03365384615384615
0 0.5997596153846154 0.6370192307692307 0.036057692307692304 0.04326923076923077
0 0.5480769230769231 0.6442307692307693 0.04807692307692308 0.052884615384615384
0 0.7836538461538461 0.6442307692307693 0.038461538461538464 0.03365384615384615
0 0.8737980769230769 0.7956730769230769 0.040865384615384616 0.04807692307692308
0 0.65625 0.8040865384615384 0.08173076923076923 0.06971153846153846