0 0.13701923076923078 0.5204326923076923 0.04807692307692308 0.016826923076923076
0 0.8966346153846154 0.5084134615384616 0.028846153846153848 0.03125
0 0.06971153846153846 0.5432692307692307 0.052884615384615384 0.028846153846153848
0 0.29086538461538464 0.5673076923076923 0.08653846153846154 0.07692307692307693
0 0.051682692307692304 0.5949519230769231 0.055288461538461536 0.07932692307692307
0 0.010817307692307692 0.6045673076923077 0.021634615384615384 0.07451923076923077
0 0.15745192307692307 0.6177884615384616 0.08413461538461539 0.0625
0 0.09134615384615384 0.6370192307692307 0.0625 0.052884615384615384
0 0.14543269230769232 0.6730769230769231 0.036057692307692304 0.04326923076923077
0 0.1935096153846154 0.6730769230769231 0.06009615384615385 0.052884615384615384
0 0.16706730769230768 0.7331730769230769 0.06490384615384616 0.057692307692307696
0 0.10096153846153846 0.75 0.0673076923076923 0.057692307692307696
0 0.12980769230769232 0.8052884615384616 0.057692307692307696 0.057692307692307696
0 0.056490384615384616 0.8269230769230769 0.08413461538461539 0.052884615384615384
0 0.3161057692307692 0.9194711538461539 0.04567307692307692 0.036057692307692304
0 0.17908653846153846 0.9302884615384616 0.05048076923076923 0.0673076923076923
0 0.25600961538461536 0.9759615384615384 0.06009615384615385 0.04807692307692308
0 0.49399038461538464 0.5673076923076923 0.06971153846153846 0.07692307692307693
0 0.4795673076923077 0.9194711538461539 0.04567307692307692 0.036057692307692304
0 0.5192307692307693 0.9759615384615384 0.019230769230769232 0.04807692307692308
0 0.9579326923076923 0.9387019230769231 0.036057692307692304 0.026442307692307692
0 0.7644230769230769 0.9711538461538461 0.038461538461538464 0.028846153846153848