0 0.5576923076923077 0.07932692307692307 0.02403846153846154 0.019230769230769232
0 0.5576923076923077 0.4254807692307692 0.02403846153846154 0.019230769230769232
0 0.7884615384615384 0.17548076923076922 0.038461538461538464 0.028846153846153848
0 0.17668269230769232 0.7223557692307693 0.03125 0.026442307692307692
0 0.15625 0.7355769230769231 0.038461538461538464 0.03365384615384615
0 0.1310096153846154 0.7920673076923077 0.09375 0.08413461538461539
0 0.07451923076923077 0.8978365384615384 0.038461538461538464 0.03125
0 0.19110576923076922 0.9302884615384616 0.040865384615384616 0.03365384615384615
0 0.13581730769230768 0.9663461538461539 0.040865384615384616 0.02403846153846154
0 0.05048076923076923 0.9867788461538461 0.03365384615384615 0.026442307692307692
0 0.12980769230769232 0.9891826923076923 0.04807692307692308 0.021634615384615384
0 0.24278846153846154 0.7007211538461539 0.028846153846153848 0.03125
0 0.9699519230769231 0.5985576923076923 0.04567307692307692 0.052884615384615384