0 0.5949519230769231 0.046875 0.11778846153846154 0.06009615384615385
0 0.9074519230769231 0.04927884615384615 0.05048076923076923 0.06971153846153846
0 0.3954326923076923 0.0829326923076923 0.06971153846153846 0.05048076923076923
0 0.4795673076923077 0.11057692307692307 0.05048076923076923 0.038461538461538464
0 0.7872596153846154 0.1502403846153846 0.07451923076923077 0.06971153846153846
0 0.5649038461538461 0.19230769230769232 0.0673076923076923 0.0625
0 0.8112980769230769 0.3737980769230769 0.07451923076923077 0.03125
0 0.5564903846153846 0.38341346153846156 0.07451923076923077 0.01201923076923077
0 0.9867788461538461 0.5745192307692307 0.026442307692307692 0.08653846153846154
0 0.5372596153846154 0.8245192307692307 0.04567307692307692 0.038461538461538464
0 0.7620192307692307 0.8317307692307693 0.03365384615384615 0.052884615384615384
0 0.8401442307692307 0.8329326923076923 0.06009615384615385 0.06009615384615385
0 0.8774038461538461 0.859375 0.03365384615384615 0.036057692307692304
0 0.8257211538461539 0.8713942307692307 0.021634615384615384 0.026442307692307692
0 0.4951923076923077 0.9026442307692307 0.03365384615384615 0.036057692307692304
0 0.8822115384615384 0.9146634615384616 0.04326923076923077 0.040865384615384616
0 0.4951923076923077 0.9927884615384616 0.03365384615384615 0.014423076923076924
0 0.8822115384615384 0.9855769230769231 0.04326923076923077 0.028846153846153848