0 0.06009615384615385 0.17668269230769232 0.04326923076923077 0.040865384615384616
0 0.7908653846153846 0.03485576923076923 0.07692307692307693 0.06009615384615385
0 0.6730769230769231 0.04927884615384615 0.057692307692307696 0.07451923076923077
0 0.7884615384615384 0.08653846153846154 0.09134615384615384 0.038461538461538464
0 0.7752403846153846 0.20552884615384615 0.06009615384615385 0.06009615384615385
0 0.4483173076923077 0.5228365384615384 0.021634615384615384 0.021634615384615384
0 0.328125 0.5480769230769231 0.021634615384615384 0.019230769230769232
0 0.3605769230769231 0.5588942307692307 0.02403846153846154 0.016826923076923076
0 0.38341346153846156 0.6045673076923077 0.036057692307692304 0.036057692307692304
0 0.27524038461538464 0.6526442307692307 0.016826923076923076 0.021634615384615384
0 0.3449519230769231 0.9951923076923077 0.016826923076923076 0.009615384615384616