0 0.8185096153846154 0.36899038461538464 0.03125 0.026442307692307692
0 0.640625 0.5240384615384616 0.026442307692307692 0.02403846153846154
0 0.8533653846153846 0.5276442307692307 0.028846153846153848 0.026442307692307692
0 0.6009615384615384 0.5384615384615384 0.02403846153846154 0.028846153846153848
0 0.7199519230769231 0.6141826923076923 0.016826923076923076 0.021634615384615384
0 0.46875 0.6153846153846154 0.04807692307692308 0.03365384615384615
0 0.8677884615384616 0.6730769230769231 0.02403846153846154 0.019230769230769232
0 0.6754807692307693 0.7584134615384616 0.038461538461538464 0.036057692307692304
0 0.515625 0.8942307692307693 0.03125 0.03365384615384615
0 0.609375 0.9230769230769231 0.040865384615384616 0.028846153846153848
0 0.640625 0.9387019230769231 0.03125 0.021634615384615384