0 0.7259615384615384 0.08533653846153846 0.057692307692307696 0.06009615384615385
0 0.7704326923076923 0.09615384615384616 0.06009615384615385 0.052884615384615384
0 0.5360576923076923 0.1141826923076923 0.0673076923076923 0.05048076923076923
0 0.31490384615384615 0.19471153846153846 0.07211538461538461 0.052884615384615384
0 0.5072115384615384 0.2644230769230769 0.08173076923076923 0.052884615384615384
0 0.5288461538461539 0.36778846153846156 0.09134615384615384 0.07692307692307693
0 0.8221153846153846 0.6141826923076923 0.057692307692307696 0.04567307692307692
0 0.8305288461538461 0.6634615384615384 0.03125 0.04326923076923077
0 0.7608173076923077 0.8942307692307693 0.04567307692307692 0.03365384615384615
0 0.5372596153846154 0.9471153846153846 0.036057692307692304 0.038461538461538464
0 0.6550480769230769 0.9807692307692307 0.05048076923076923 0.03365384615384615