0 0.3786057692307692 0.1502403846153846 0.03125 0.03125
0 0.3870192307692308 0.4074519230769231 0.03365384615384615 0.036057692307692304
0 0.3737980769230769 0.5456730769230769 0.040865384615384616 0.03365384615384615
0 0.3605769230769231 0.5913461538461539 0.03365384615384615 0.03365384615384615
0 0.3942307692307692 0.6418269230769231 0.028846153846153848 0.03365384615384615
0 0.29086538461538464 0.6478365384615384 0.038461538461538464 0.026442307692307692
0 0.3088942307692308 0.6634615384615384 0.036057692307692304 0.02403846153846154
0 0.28725961538461536 0.6838942307692307 0.026442307692307692 0.026442307692307692
0 0.6334134615384616 0.5492788461538461 0.04567307692307692 0.04567307692307692
0 0.5901442307692307 0.6658653846153846 0.040865384615384616 0.07211538461538461
0 0.9375 0.6983173076923077 0.04326923076923077 0.03125
0 0.0673076923076923 0.8293269230769231 0.03365384615384615 0.028846153846153848
0 0.01201923076923077 0.8377403846153846 0.02403846153846154 0.026442307692307692
0 0.96875 0.8269230769230769 0.0625 0.057692307692307696
0 0.6814903846153846 0.953125 0.07451923076923077 0.07451923076923077
0 0.7944711538461539 0.9819711538461539 0.08413461538461539 0.036057692307692304