0 0.2776442307692308 0.06850961538461539 0.04567307692307692 0.055288461538461536
0 0.40625 0.09014423076923077 0.04807692307692308 0.05048076923076923
0 0.30528846153846156 0.12860576923076922 0.04326923076923077 0.040865384615384616
0 0.38822115384615385 0.13822115384615385 0.05048076923076923 0.040865384615384616
0 0.30528846153846156 0.17307692307692307 0.038461538461538464 0.038461538461538464
0 0.38341346153846156 0.18028846153846154 0.05048076923076923 0.038461538461538464
0 0.3173076923076923 0.21875 0.04807692307692308 0.03365384615384615
0 0.42427884615384615 0.23798076923076922 0.03125 0.04807692307692308
0 0.39663461538461536 0.25 0.028846153846153848 0.052884615384615384
0 0.4326923076923077 0.25841346153846156 0.014423076923076924 0.06009615384615385
0 0.34615384615384615 0.26802884615384615 0.04807692307692308 0.04567307692307692
0 0.32211538461538464 0.30528846153846156 0.038461538461538464 0.038461538461538464
0 0.42908653846153844 0.32572115384615385 0.021634615384615384 0.036057692307692304
0 0.40384615384615385 0.3293269230769231 0.04807692307692308 0.038461538461538464
0 0.36778846153846156 0.3389423076923077 0.04326923076923077 0.038461538461538464
0 0.42908653846153844 0.4110576923076923 0.021634615384615384 0.03365384615384615
0 0.4026442307692308 0.4387019230769231 0.026442307692307692 0.03125
0 0.4326923076923077 0.46153846153846156 0.014423076923076924 0.03365384615384615
0 0.4014423076923077 0.4735576923076923 0.057692307692307696 0.04807692307692308
0 0.4230769230769231 0.5649038461538461 0.03365384615384615 0.057692307692307696
0 0.4254807692307692 0.6165865384615384 0.028846153846153848 0.040865384615384616
0 0.36899038461538464 0.007211538461538462 0.036057692307692304 0.014423076923076924
0 0.3076923076923077 0.013221153846153846 0.028846153846153848 0.026442307692307692
0 0.625 0.2127403846153846 0.014423076923076924 0.016826923076923076
0 0.5396634615384616 0.21754807692307693 0.026442307692307692 0.026442307692307692
0 0.5637019230769231 0.25961538461538464 0.016826923076923076 0.014423076923076924
0 0.4483173076923077 0.27524038461538464 0.016826923076923076 0.03125
0 0.5600961538461539 0.2848557692307692 0.028846153846153848 0.026442307692307692
0 0.5108173076923077 0.2860576923076923 0.036057692307692304 0.03365384615384615
0 0.6826923076923077 0.5552884615384616 0.052884615384615384 0.038461538461538464
0 0.6262019230769231 0.051682692307692304 0.03125 0.026442307692307692
0 0.6706730769230769 0.09134615384615384 0.014423076923076924 0.014423076923076924
0 0.6069711538461539 0.12980769230769232 0.016826923076923076 0.014423076923076924
0 0.6189903846153846 0.13341346153846154 0.01201923076923077 0.016826923076923076
0 0.5673076923076923 0.140625 0.014423076923076924 0.016826923076923076
0 0.4855769230769231 0.14423076923076922 0.038461538461538464 0.03365384615384615
0 0.53125 0.1466346153846154 0.019230769230769232 0.014423076923076924
0 0.5036057692307693 0.14783653846153846 0.021634615384615384 0.021634615384615384
0 0.5817307692307693 0.15985576923076922 0.014423076923076924 0.016826923076923076
0 0.5552884615384616 0.17307692307692307 0.014423076923076924 0.014423076923076924
0 0.515625 0.17908653846153846 0.021634615384615384 0.021634615384615384
0 0.5841346153846154 0.18629807692307693 0.014423076923076924 0.016826923076923076
0 0.5841346153846154 0.19951923076923078 0.019230769230769232 0.014423076923076924
0 0.9855769230769231 0.7115384615384616 0.028846153846153848 0.038461538461538464