0 0.34975961538461536 0.2824519230769231 0.04567307692307692 0.055288461538461536
0 0.8509615384615384 0.28846153846153844 0.04807692307692308 0.038461538461538464
0 0.47836538461538464 0.30408653846153844 0.04807692307692308 0.05048076923076923
0 0.5829326923076923 0.30649038461538464 0.036057692307692304 0.05048076923076923
0 0.5564903846153846 0.31850961538461536 0.040865384615384616 0.036057692307692304
0 0.6899038461538461 0.32091346153846156 0.04807692307692308 0.04567307692307692
0 0.6201923076923077 0.34134615384615385 0.04807692307692308 0.038461538461538464
0 0.37740384615384615 0.3425480769230769 0.04326923076923077 0.040865384615384616
0 0.8088942307692307 0.3473557692307692 0.05048076923076923 0.05048076923076923
0 0.8882211538461539 0.3473557692307692 0.06971153846153846 0.05048076923076923
0 0.46033653846153844 0.35216346153846156 0.05048076923076923 0.040865384615384616
0 0.5348557692307693 0.3557692307692308 0.040865384615384616 0.028846153846153848
0 0.9615384615384616 0.3581730769230769 0.04326923076923077 0.03365384615384615
0 0.7367788461538461 0.3641826923076923 0.06490384615384616 0.07451923076923077
0 0.9146634615384616 0.36778846153846156 0.040865384615384616 0.038461538461538464
0 0.625 0.36899038461538464 0.04326923076923077 0.040865384615384616
0 0.7896634615384616 0.3713942307692308 0.05048076923076923 0.040865384615384616
0 0.53125 0.375 0.038461538461538464 0.038461538461538464
0 0.5985576923076923 0.3762019230769231 0.052884615384615384 0.04567307692307692
0 0.8605769230769231 0.3762019230769231 0.03365384615384615 0.040865384615384616
0 0.7896634615384616 0.37740384615384615 0.08413461538461539 0.08653846153846154
0 0.37740384615384615 0.3870192307692308 0.038461538461538464 0.038461538461538464
0 0.45552884615384615 0.3942307692307692 0.05048076923076923 0.038461538461538464
0 0.6286057692307693 0.39903846153846156 0.055288461538461536 0.038461538461538464
0 0.6466346153846154 0.40625 0.052884615384615384 0.038461538461538464
0 0.6790865384615384 0.41346153846153844 0.04567307692307692 0.04807692307692308
0 0.9435096153846154 0.43028846153846156 0.055288461538461536 0.052884615384615384
0 0.5600961538461539 0.43149038461538464 0.04326923076923077 0.036057692307692304
0 0.5793269230769231 0.43149038461538464 0.03365384615384615 0.036057692307692304
0 0.3894230769230769 0.4326923076923077 0.04807692307692308 0.03365384615384615
0 0.8040865384615384 0.43990384615384615 0.040865384615384616 0.038461538461538464
0 0.8473557692307693 0.4495192307692308 0.036057692307692304 0.04807692307692308
0 0.5 0.4519230769230769 0.038461538461538464 0.04807692307692308
0 0.6286057692307693 0.453125 0.04567307692307692 0.040865384615384616
0 0.46875 0.4639423076923077 0.028846153846153848 0.052884615384615384
0 0.7091346153846154 0.4699519230769231 0.04326923076923077 0.05048076923076923
0 0.5180288461538461 0.4723557692307692 0.040865384615384616 0.06009615384615385
0 0.8173076923076923 0.47596153846153844 0.04807692307692308 0.052884615384615384
0 0.734375 0.4795673076923077 0.05048076923076923 0.040865384615384616
0 0.9591346153846154 0.4795673076923077 0.057692307692307696 0.06009615384615385
0 0.4182692307692308 0.48197115384615385 0.04807692307692308 0.04567307692307692
0 0.9086538461538461 0.49158653846153844 0.052884615384615384 0.040865384615384616
0 0.5973557692307693 0.4987980769230769 0.04567307692307692 0.05048076923076923
0 0.7644230769230769 0.5012019230769231 0.04807692307692308 0.040865384615384616
0 0.6430288461538461 0.5048076923076923 0.04567307692307692 0.038461538461538464
0 0.703125 0.5072115384615384 0.040865384615384616 0.038461538461538464
0 0.8713942307692307 0.5108173076923077 0.055288461538461536 0.04567307692307692
0 0.7764423076923077 0.5180288461538461 0.03365384615384615 0.036057692307692304
0 0.3942307692307692 0.5192307692307693 0.038461538461538464 0.038461538461538464
0 0.8269230769230769 0.5276442307692307 0.038461538461538464 0.04567307692307692
0 0.734375 0.5288461538461539 0.036057692307692304 0.028846153846153848
0 0.515625 0.5396634615384616 0.05048076923076923 0.036057692307692304
0 0.47596153846153844 0.5432692307692307 0.04807692307692308 0.038461538461538464
0 0.9555288461538461 0.5444711538461539 0.040865384615384616 0.06490384615384616
0 0.6201923076923077 0.5480769230769231 0.04326923076923077 0.028846153846153848
0 0.43990384615384615 0.5528846153846154 0.04326923076923077 0.038461538461538464
0 0.7884615384615384 0.5540865384615384 0.04807692307692308 0.036057692307692304
0 0.5528846153846154 0.5564903846153846 0.04326923076923077 0.036057692307692304
0 0.6598557692307693 0.5564903846153846 0.04567307692307692 0.040865384615384616
0 0.7235576923076923 0.5600961538461539 0.038461538461538464 0.04326923076923077
0 0.8942307692307693 0.5625 0.04326923076923077 0.052884615384615384
0 0.6959134615384616 0.5805288461538461 0.04567307692307692 0.036057692307692304
0 0.8677884615384616 0.5817307692307693 0.038461538461538464 0.03365384615384615
0 0.53125 0.6021634615384616 0.04807692307692308 0.05048076923076923
0 0.8293269230769231 0.6057692307692307 0.028846153846153848 0.028846153846153848
0 0.5985576923076923 0.6117788461538461 0.04807692307692308 0.036057692307692304
0 0.5637019230769231 0.6177884615384616 0.05048076923076923 0.038461538461538464
0 0.7680288461538461 0.6189903846153846 0.05048076923076923 0.04567307692307692
0 0.9326923076923077 0.6189903846153846 0.038461538461538464 0.040865384615384616
0 0.8617788461538461 0.6213942307692307 0.04567307692307692 0.040865384615384616
0 0.5048076923076923 0.625 0.028846153846153848 0.03365384615384615
0 0.8317307692307693 0.6334134615384616 0.03365384615384615 0.036057692307692304
0 0.6862980769230769 0.6370192307692307 0.040865384615384616 0.038461538461538464
0 0.9050480769230769 0.6430288461538461 0.03125 0.03125
0 0.7283653846153846 0.6502403846153846 0.038461538461538464 0.03125
0 0.47475961538461536 0.6526442307692307 0.026442307692307692 0.03125
0 0.5540865384615384 0.6526442307692307 0.055288461538461536 0.05048076923076923
0 0.6262019230769231 0.6550480769230769 0.03125 0.036057692307692304
0 0.6045673076923077 0.6658653846153846 0.03125 0.04326923076923077
0 0.8485576923076923 0.6742788461538461 0.04326923076923077 0.04567307692307692
0 0.5144230769230769 0.6754807692307693 0.03365384615384615 0.03365384615384615
0 0.5757211538461539 0.6838942307692307 0.040865384615384616 0.036057692307692304
0 0.7019230769230769 0.6862980769230769 0.038461538461538464 0.026442307692307692
0 0.4735576923076923 0.6875 0.057692307692307696 0.04807692307692308
0 0.7451923076923077 0.6983173076923077 0.04807692307692308 0.03125
0 0.7860576923076923 0.7019230769230769 0.04807692307692308 0.04326923076923077
0 0.8858173076923077 0.7055288461538461 0.03125 0.036057692307692304
0 0.8473557692307693 0.7151442307692307 0.040865384615384616 0.04567307692307692
0 0.6045673076923077 0.7307692307692307 0.040865384615384616 0.04807692307692308
0 0.8149038461538461 0.7451923076923077 0.04807692307692308 0.052884615384615384
0 0.6814903846153846 0.7584134615384616 0.040865384615384616 0.03125
0 0.5564903846153846 0.7632211538461539 0.036057692307692304 0.03125
0 0.7788461538461539 0.7632211538461539 0.052884615384615384 0.040865384615384616
0 0.5889423076923077 0.7692307692307693 0.04807692307692308 0.04807692307692308
0 0.4987980769230769 0.7788461538461539 0.040865384615384616 0.057692307692307696
0 0.8028846153846154 0.7896634615384616 0.04807692307692308 0.03125
0 0.5480769230769231 0.7992788461538461 0.028846153846153848 0.04567307692307692
0 0.6454326923076923 0.8004807692307693 0.026442307692307692 0.03365384615384615
0 0.875 0.8040865384615384 0.04326923076923077 0.03125
0 0.6766826923076923 0.8112980769230769 0.040865384615384616 0.05048076923076923
0 0.8413461538461539 0.8233173076923077 0.038461538461538464 0.03125
0 0.5985576923076923 0.828125 0.052884615384615384 0.04567307692307692
0 0.5084134615384616 0.8305288461538461 0.05048076923076923 0.040865384615384616
0 0.6298076923076923 0.8425480769230769 0.03365384615384615 0.040865384615384616
0 0.8461538461538461 0.8461538461538461 0.028846153846153848 0.028846153846153848
0 0.6141826923076923 0.8665865384615384 0.040865384615384616 0.036057692307692304
0 0.6911057692307693 0.9050480769230769 0.026442307692307692 0.026442307692307692
0 0.6009615384615384 0.9086538461538461 0.04326923076923077 0.03365384615384615
0 0.6382211538461539 0.9146634615384616 0.03125 0.03125
0 0.7127403846153846 0.9194711538461539 0.05048076923076923 0.036057692307692304
0 0.8317307692307693 0.921875 0.04326923076923077 0.040865384615384616
0 0.8425480769230769 0.9483173076923077 0.03125 0.026442307692307692
0 0.9266826923076923 0.9639423076923077 0.040865384615384616 0.028846153846153848
0 0.7379807692307693 0.9651442307692307 0.04807692307692308 0.026442307692307692
0 0.578125 0.12379807692307693 0.06009615384615385 0.05048076923076923
0 0.5300480769230769 0.19831730769230768 0.04567307692307692 0.040865384615384616
0 0.5769230769230769 0.19951923076923078 0.04326923076923077 0.038461538461538464
0 0.7115384615384616 0.20192307692307693 0.04807692307692308 0.02403846153846154
0 0.4411057692307692 0.20673076923076922 0.036057692307692304 0.04326923076923077
0 0.6899038461538461 0.21875 0.052884615384615384 0.03365384615384615
0 0.3798076923076923 0.22235576923076922 0.028846153846153848 0.036057692307692304
0 0.6502403846153846 0.2247596153846154 0.06009615384615385 0.06009615384615385
0 0.5300480769230769 0.23798076923076922 0.04567307692307692 0.04326923076923077
0 0.9254807692307693 0.9903846153846154 0.04326923076923077 0.014423076923076924
0 0.7391826923076923 0.9903846153846154 0.05048076923076923 0.014423076923076924