0 0.3701923076923077 0.03245192307692308 0.04807692307692308 0.05048076923076923
0 0.4206730769230769 0.042067307692307696 0.014423076923076924 0.036057692307692304
0 0.4026442307692308 0.04807692307692308 0.05048076923076923 0.038461538461538464
0 0.34375 0.055288461538461536 0.028846153846153848 0.03365384615384615
0 0.3137019230769231 0.0829326923076923 0.026442307692307692 0.03125
0 0.39302884615384615 0.0829326923076923 0.055288461538461536 0.05048076923076923
0 0.35336538461538464 0.10576923076923077 0.03365384615384615 0.03365384615384615
0 0.4110576923076923 0.1141826923076923 0.03365384615384615 0.036057692307692304
0 0.3125 0.11778846153846154 0.057692307692307696 0.04807692307692308
0 0.3954326923076923 0.1935096153846154 0.036057692307692304 0.03125
0 0.41586538461538464 0.19951923076923078 0.02403846153846154 0.04807692307692308
0 0.33774038461538464 0.2091346153846154 0.040865384615384616 0.057692307692307696
0 0.3870192307692308 0.22956730769230768 0.028846153846153848 0.04567307692307692
0 0.41947115384615385 0.25841346153846156 0.016826923076923076 0.04567307692307692
0 0.3473557692307692 0.2608173076923077 0.05048076923076923 0.040865384615384616
0 0.4230769230769231 0.3389423076923077 0.009615384615384616 0.03365384615384615
0 0.13942307692307693 0.7043269230769231 0.057692307692307696 0.038461538461538464
0 0.21754807692307693 0.7560096153846154 0.021634615384615384 0.016826923076923076
0 0.04447115384615385 0.8774038461538461 0.021634615384615384 0.019230769230769232
0 0.055288461538461536 0.8918269230769231 0.019230769230769232 0.02403846153846154
0 0.07572115384615384 0.8966346153846154 0.016826923076923076 0.02403846153846154
0 0.7692307692307693 0.6069711538461539 0.04807692307692308 0.05048076923076923