0 0.2512019230769231 0.03245192307692308 0.07932692307692307 0.06490384615384616
0 0.37259615384615385 0.12620192307692307 0.07692307692307693 0.06971153846153846
0 0.7860576923076923 0.40384615384615385 0.03365384615384615 0.028846153846153848
0 0.2920673076923077 0.7235576923076923 0.05048076923076923 0.038461538461538464
0 0.9591346153846154 0.5492788461538461 0.014423076923076924 0.016826923076923076
0 0.8737980769230769 0.5540865384615384 0.026442307692307692 0.026442307692307692
0 0.8978365384615384 0.5961538461538461 0.016826923076923076 0.014423076923076924
0 0.7740384615384616 0.6117788461538461 0.03365384615384615 0.03125
0 0.8942307692307693 0.6213942307692307 0.028846153846153848 0.026442307692307692
0 0.8449519230769231 0.6225961538461539 0.036057692307692304 0.03365384615384615
0 0.7415865384615384 0.9555288461538461 0.04567307692307692 0.040865384615384616
0 0.9158653846153846 0.5024038461538461 0.014423076923076924 0.004807692307692308
0 0.8894230769230769 0.5096153846153846 0.014423076923076924 0.014423076923076924
0 0.8497596153846154 0.515625 0.021634615384615384 0.021634615384615384
0 0.9182692307692307 0.5228365384615384 0.014423076923076924 0.016826923076923076
0 0.9182692307692307 0.5360576923076923 0.019230769230769232 0.014423076923076924