0 0.1141826923076923 0.32211538461538464 0.07932692307692307 0.07211538461538461
0 0.23557692307692307 0.41947115384615385 0.07692307692307693 0.06971153846153846
0 0.20673076923076922 0.21153846153846154 0.09134615384615384 0.09134615384615384
0 0.7620192307692307 0.038461538461538464 0.028846153846153848 0.02403846153846154
0 0.6670673076923077 0.046875 0.03125 0.021634615384615384
0 0.7307692307692307 0.04807692307692308 0.028846153846153848 0.019230769230769232
0 0.6911057692307693 0.06490384615384616 0.026442307692307692 0.02403846153846154
0 0.4254807692307692 0.07211538461538461 0.052884615384615384 0.057692307692307696
0 0.796875 0.11538461538461539 0.036057692307692304 0.03365384615384615
0 0.4230769230769231 0.1310096153846154 0.04326923076923077 0.036057692307692304
0 0.6430288461538461 0.34615384615384615 0.04567307692307692 0.04807692307692308
0 0.6514423076923077 0.4110576923076923 0.03365384615384615 0.038461538461538464
0 0.5528846153846154 0.5673076923076923 0.028846153846153848 0.028846153846153848