0 0.5612980769230769 0.056490384615384616 0.07932692307692307 0.06971153846153846
0 0.4375 0.15144230769230768 0.07692307692307693 0.0673076923076923
0 0.4543269230769231 0.2247596153846154 0.09134615384615384 0.09375
0 0.0985576923076923 0.47836538461538464 0.057692307692307696 0.04326923076923077
0 0.3954326923076923 0.5877403846153846 0.08413461538461539 0.08413461538461539
0 0.13942307692307693 0.6838942307692307 0.08173076923076923 0.07451923076923077
0 0.22956730769230768 0.8149038461538461 0.04567307692307692 0.052884615384615384
0 0.18389423076923078 0.9350961538461539 0.055288461538461536 0.04326923076923077
0 0.3088942307692308 0.9507211538461539 0.06971153846153846 0.055288461538461536
0 0.1502403846153846 0.4338942307692308 0.10817307692307693 0.08413461538461539
0 0.9230769230769231 0.7139423076923077 0.07692307692307693 0.09615384615384616