0 0.3485576923076923 0.3293269230769231 0.07692307692307693 0.0673076923076923
0 0.3641826923076923 0.36778846153846156 0.0889423076923077 0.02403846153846154
0 0.36778846153846156 0.1346153846153846 0.08173076923076923 0.09615384615384616
0 0.6730769230769231 0.13221153846153846 0.04807692307692308 0.038461538461538464
0 0.9807692307692307 0.15865384615384615 0.038461538461538464 0.04326923076923077
0 0.09014423076923077 0.765625 0.05048076923076923 0.04567307692307692
0 0.17067307692307693 0.7716346153846154 0.057692307692307696 0.057692307692307696
0 0.25 0.7992788461538461 0.0625 0.05048076923076923
0 0.08533653846153846 0.8185096153846154 0.06009615384615385 0.05048076923076923
0 0.18509615384615385 0.9038461538461539 0.04326923076923077 0.03365384615384615
0 0.21754807692307693 0.9230769230769231 0.036057692307692304 0.028846153846153848